0.000000 294400.000000
0.091647 274440.000000
0.090217 271028.000000
0.089287 269162.900000
0.088416 267859.190000
0.088593 264310.468000
0.086597 263173.725000
0.084979 258441.959940
0.084444 255386.668763
0.082254 251191.079192
0.080548 248093.766588
0.079495 241375.018096
0.077403 238752.519905
0.075043 232961.924747
0.071178 227625.253495
0.067046 220131.578711
0.063605 214210.054027
0.059195 206966.757809
0.053727 198838.335916
0.048534 191357.443720
0.042606 180370.817487
0.038199 174417.418269
0.028449 167740.009726
0.022019 165362.748727
0.019535 163227.626136
0.017741 162838.517838
0.015967 162554.666054
0.014370 162299.199449
0.012933 162069.279504
0.011640 161862.351553
0.010476 161676.116398
0.009428 161508.504758
0.008485 161357.654282
0.007637 161221.888854
0.006873 161099.699969
0.006186 160989.729972
0.005567 160890.756975
0.005011 160801.681277
0.004509 160721.513150
0.004059 160649.361835
0.003653 160584.425651
0.003287 160525.983086
0.002959 160473.384777
0.002663 160426.046300
0.002397 160383.441670
0.002157 160345.097503
0.001956 160413.175984
0.001747 160279.528977
0.001572 160251.576079
0.001415 160226.418472
0.001274 160203.776624
0.001146 160183.398962
0.001032 160165.059066
0.000928 160148.553159
0.000836 160133.697843
0.000752 160120.328059
0.000677 160108.295253
0.000609 160097.465728
0.000548 160087.719155
0.000493 160078.947239
0.000444 160071.052516
0.000400 160063.947264
0.000360 160057.552538
0.000324 160051.797284
0.000291 160046.617555
0.000262 160041.955800
0.000236 160037.760220
0.000212 160033.984198
0.000191 160030.585778
0.000172 160027.527200
0.000155 160024.774480
0.000139 160022.297032
0.000125 160020.067329
0.000113 160018.060596
0.000102 160016.254537
0.000091 160014.629083
0.000082 160013.166175
0.000074 160011.849557
0.000067 160010.664601
0.000060 160009.598141
0.000054 160008.638327
0.000049 160007.774494
0.000044 160006.997045
0.000039 160006.297340
0.000035 160005.667606
0.000032 160005.100846
0.000029 160004.590761
0.000026 160004.131685
0.000023 160003.718517
0.000021 160003.346665
0.000019 160003.011998
0.000017 160002.710799
0.000015 160002.439719
0.000014 160002.195747
0.000012 160001.976172
0.000011 160001.778555
0.000010 160001.600699
0.000009 160001.440630
0.000008 160001.296567
0.000007 160001.166910
