#ID Type LEN(mile) FFS(mile/h) Cap(v/hour) RHOJ(v/miles) Lane
1 CTM 0.5 34.0 2000 200 2
2 CTM 0.5 21.0 2000 200 2
3 CTM 0.5 33.0 2000 200 2
4 CTM 0.5 27.0 2000 200 2
5 CTM 0.5 46.0 2000 200 2
6 CTM 0.5 21.0 2000 200 2
7 CTM 0.5 46.0 2000 200 2
8 CTM 0.5 37.0 2000 200 2
9 CTM 0.5 22.0 2000 200 2
10 CTM 0.5 22.0 2000 200 2
11 CTM 0.5 38.0 2000 200 2
12 CTM 0.5 36.0 2000 200 2
13 CTM 0.5 40.0 2000 200 2
14 CTM 0.5 39.0 2000 200 2
15 CTM 0.5 28.0 2000 200 2
16 CTM 0.5 20.0 2000 200 2
17 CTM 0.5 21.0 2000 200 2
18 CTM 0.5 40.0 2000 200 2
19 CTM 0.5 34.0 2000 200 2
20 CTM 0.5 33.0 2000 200 2
21 CTM 0.5 49.0 2000 200 2
22 CTM 0.5 46.0 2000 200 2
23 CTM 0.5 49.0 2000 200 2
24 CTM 0.5 46.0 2000 200 2
25 PQ 1 99999 99999 99999 1
26 PQ 1 99999 99999 99999 1
27 PQ 1 99999 99999 99999 1
28 PQ 1 99999 99999 99999 1
29 PQ 1 99999 99999 99999 1
30 PQ 1 99999 99999 99999 1
