0.069326
0.076947
0.081480
0.084464
0.074686
0.077210
0.056689
0.041844
0.038438
0.027882
0.028261
0.026792
0.024171
0.021583
0.021458
0.020774
0.020247
0.019981
0.019407
0.018767
0.018691
0.018337
0.017869
0.017356
0.017236
0.016918
0.016652
0.016259
0.015673
0.015722
0.015440
0.014550
0.014939
0.014244
0.014400
0.014177
0.013581
0.013701
0.013498
0.012729
0.012296
0.012506
0.012694
0.011398
0.011581
0.012135
0.010688
0.011433
0.009717
0.011494
0.008999
0.009194
0.008753
0.010678
0.008517
0.009019
0.010094
0.008782
0.009547
0.009130
0.007880
0.006652
0.007501
0.008122
0.005868
0.007198
0.007388
0.007298
0.006135
0.006589
0.006511
0.006442
0.006101
0.006803
0.007221
0.007146
0.006071
0.006497
0.004849
0.005922
0.005608
0.006284
0.005836
0.005532
0.006692
0.005079
0.005025
0.004735
0.005368
0.004635
0.004374
0.004323
0.006819
0.006145
0.004424
0.004148
0.004592
0.004546
0.004500
0.006725
