7 6 5 1 2 3 4
0.036000 12.000000 12.000000 3.603604 12.000000 12.000000 12.000000
0.036000 12.000000 12.000000 3.383577 12.000000 12.000000 12.000000
0.036000 12.000000 12.000000 3.163578 12.000000 12.000000 12.000000
0.036000 12.000000 12.000000 2.943605 12.695546 12.000000 12.000000
0.036000 12.000000 12.000000 2.723659 16.405594 12.000000 12.000000
0.108003 12.000000 12.000000 2.503740 20.713105 12.000000 12.000000
0.108003 12.000000 12.000000 2.283848 25.775039 12.000000 12.000000
0.086402 12.000000 12.000000 2.078399 30.965805 12.000000 12.000000
0.090002 12.000000 12.000000 1.894597 35.636364 12.000000 12.000000
0.097203 12.000000 12.000000 1.728830 39.648903 12.000000 12.144811
0.093602 12.000000 12.000000 5.184255 42.961413 12.000000 13.031941
0.093602 12.000000 12.000000 4.823254 45.639743 12.000000 13.951626
0.093602 12.000000 12.000000 4.469542 47.850104 12.000000 14.905692
0.093602 12.000000 12.000000 4.123117 49.840909 12.695546 15.644981
0.093602 12.000000 12.000000 3.780366 51.927273 16.405594 16.149630
0.201611 12.000000 12.000000 3.441286 54.116244 20.713105 16.405594
0.201611 12.000000 12.000000 3.102271 56.415584 25.775039 16.664032
0.180009 12.000000 12.000000 2.781347 58.422162 30.965805 16.924978
0.187210 12.000000 12.000000 2.485715 60.516746 35.636364 16.924978
0.190810 12.000000 12.000000 2.211758 62.259740 39.648903 16.924978
0.187210 12.000000 12.807175 5.559773 64.066116 42.961413 16.924978
0.187210 12.000000 13.718555 5.310623 65.464600 45.948440 16.924978
0.187210 12.000000 14.663848 5.072337 66.902294 48.175549 16.924978
0.187210 12.000000 15.396226 4.844912 67.883362 50.181818 16.924978
0.187210 12.000000 15.896104 4.624734 68.380870 52.284775 16.924978
0.187210 12.000000 16.405594 4.408191 68.883117 54.116244 16.924978
0.190810 12.000000 16.405594 4.191675 69.390170 56.415584 16.924978
0.187210 12.000000 16.664032 3.978793 69.902098 58.422162 16.924978
0.187210 12.000000 16.924978 3.769543 70.418972 60.090512 16.924978
0.187210 12.000000 16.924978 3.567532 70.418972 61.818182 16.924978
0.187210 12.000000 16.924978 6.975892 70.418972 63.608392 16.924978
0.187210 12.000000 16.924978 6.773521 70.940865 64.994162 16.924978
0.187210 12.000000 17.188470 6.574786 70.940865 65.939394 16.924978
0.190810 12.000000 16.924978 6.379686 70.940865 66.902294 16.924978
0.187210 12.000000 16.924978 6.184607 70.940865 67.883362 16.924978
0.187210 12.000000 16.924978 5.993161 70.940865 68.380870 16.924978
0.187210 12.000000 16.924978 5.801735 70.940865 68.883117 16.924978
0.187210 12.000000 16.924978 5.610330 70.940865 69.390170 16.924978
0.187210 12.000000 16.924978 5.418945 70.940865 69.902098 16.924978
0.187210 12.000000 16.924978 5.227580 70.940865 70.418972 16.924978
0.187210 12.000000 16.924978 8.649934 70.940865 70.940865 16.924978
0.187210 12.000000 16.924978 8.461843 70.940865 70.940865 16.924978
0.187210 12.000000 16.924978 8.273772 70.940865 70.940865 16.924978
0.187210 12.000000 16.924978 8.085720 70.940865 70.940865 16.924978
0.187210 12.000000 16.924978 7.897688 70.940865 70.940865 16.924978
0.187210 12.000000 16.924978 7.709676 70.940865 70.940865 16.924978
0.187210 12.000000 16.924978 7.521683 70.940865 70.940865 16.924978
0.187210 12.000000 16.924978 7.333710 70.940865 70.940865 16.924978
0.187210 12.000000 16.924978 7.145756 70.940865 70.940865 16.924978
0.187210 12.000000 16.924978 6.957822 70.940865 70.940865 16.924978
0.187210 12.000000 16.924978 10.387084 70.940865 70.940865 16.924978
0.187210 12.000000 16.924978 10.198812 70.940865 70.940865 16.924978
0.187210 12.000000 16.924978 10.010560 70.940865 70.940865 16.924978
0.187210 12.000000 16.924978 9.822327 70.940865 70.940865 16.924978
0.187210 12.000000 16.924978 9.634114 70.940865 70.940865 16.924978
0.187210 12.000000 16.924978 9.445920 70.940865 70.940865 16.924978
0.187210 12.000000 16.924978 9.257746 70.940865 70.940865 16.924978
0.187210 12.000000 16.924978 9.069592 70.940865 70.940865 16.924978
0.187210 12.000000 16.924978 8.881457 70.418972 70.940865 17.188470
0.190810 12.000000 16.924978 8.693342 70.418972 70.940865 16.924978
0.187210 12.000000 16.924978 12.125907 70.418972 70.940865 16.924978
0.187210 12.000000 16.924978 11.937454 70.418972 70.940865 16.924978
0.187210 12.000000 16.924978 11.749020 70.418972 70.940865 16.924978
0.187210 12.000000 16.924978 11.556983 70.940865 70.940865 16.924978
0.187210 12.000000 16.924978 11.368589 70.940865 70.940865 16.924978
0.187210 12.000000 16.924978 11.180214 70.940865 70.940865 16.924978
0.187210 12.000000 16.924978 10.991860 70.940865 70.940865 16.924978
0.187210 12.000000 17.188470 10.803524 70.940865 70.418972 16.924978
0.190810 12.000000 16.924978 10.615209 70.940865 70.418972 16.924978
0.187210 12.000000 16.924978 10.426913 70.940865 70.418972 16.924978
0.183609 12.000000 17.188470 13.862778 70.940865 70.418972 16.924978
0.187210 12.000000 17.188470 13.674143 70.940865 70.418972 16.924978
0.190810 12.000000 16.924978 13.481901 70.940865 70.940865 16.924978
0.187210 12.000000 16.924978 13.293307 70.940865 70.940865 16.924978
0.187210 12.000000 16.924978 13.104731 70.940865 70.940865 16.924978
0.187210 12.000000 16.924978 12.916176 70.940865 70.940865 16.924978
0.187210 12.000000 16.924978 12.727640 70.940865 70.940865 16.924978
0.187210 12.000000 16.924978 12.539124 70.940865 70.940865 16.924978
0.187210 12.000000 16.924978 12.376001 70.940865 67.390525 16.924978
0.187210 12.000000 16.924978 12.281758 70.940865 56.024344 16.924978
0.187210 12.000000 16.924978 15.815578 70.940865 46.888508 16.924978
0.187210 12.000000 16.924978 15.557746 70.940865 53.374723 16.924978
0.187210 12.000000 16.924978 15.321734 70.940865 58.422162 16.924978
0.187210 12.000000 16.924978 15.100274 70.940865 62.259740 16.924978
0.187210 12.000000 16.924978 14.889731 70.940865 64.994162 16.924978
0.187210 12.000000 16.924978 14.686472 70.940865 66.902294 16.924978
0.187210 12.000000 16.924978 14.486864 70.940865 68.380870 16.924978
0.187210 12.000000 16.924978 14.290907 70.940865 69.390170 16.924978
0.187210 12.000000 16.924978 14.098599 70.940865 69.902098 16.924978
0.187210 12.000000 16.924978 13.906312 70.940865 70.418972 16.924978
0.187210 12.000000 16.924978 17.345171 70.940865 70.940865 16.924978
0.187210 12.000000 16.924978 17.156173 70.940865 70.940865 16.924978
0.187210 12.000000 16.924978 16.967194 70.940865 70.940865 16.924978
0.187210 12.000000 16.924978 16.778235 70.940865 70.940865 16.924978
0.187210 12.000000 16.924978 16.589296 70.940865 70.940865 16.924978
0.187210 12.000000 16.924978 16.400376 70.940865 70.940865 16.924978
0.187210 12.000000 16.924978 16.211477 70.940865 70.940865 16.924978
0.187210 12.000000 16.924978 16.022597 70.940865 70.940865 16.924978
0.187210 12.000000 16.924978 15.833737 70.940865 70.940865 16.924978
0.187210 12.000000 16.924978 15.644896 70.940865 70.940865 16.924978
0.187210 12.000000 16.924978 15.456075 70.940865 70.940865 16.924978
0.187210 12.000000 16.924978 15.267274 70.940865 70.940865 16.924978
0.187210 12.000000 16.924978 15.078493 70.940865 70.940865 16.924978
0.187210 12.000000 16.924978 14.889731 70.940865 70.940865 16.924978
0.187210 12.000000 16.924978 14.700990 70.940865 70.940865 16.924978
0.187210 12.000000 16.924978 14.512267 70.940865 70.940865 16.924978
0.187210 12.000000 16.924978 14.323565 70.940865 70.940865 16.924978
0.187210 12.000000 16.924978 14.134882 70.940865 70.940865 16.924978
0.187210 12.000000 16.924978 13.942591 71.467849 70.940865 16.924978
0.187210 12.000000 16.924978 13.753948 71.467849 70.940865 16.924978
0.187210 12.000000 16.924978 13.565325 71.467849 70.940865 16.924978
0.187210 12.000000 16.924978 13.376721 71.467849 70.940865 16.924978
0.187210 12.000000 16.924978 13.188137 71.467849 70.940865 16.924978
0.187210 12.000000 16.924978 12.999573 71.467849 70.940865 16.924978
0.187210 12.000000 16.924978 12.811028 71.467849 70.940865 16.924978
0.187210 12.000000 16.924978 12.622503 71.467849 70.940865 16.924978
0.187210 12.000000 16.924978 12.433998 71.467849 70.940865 16.924978
0.187210 12.000000 16.924978 12.245513 71.467849 70.940865 16.924978
0.187210 12.000000 16.924978 12.057047 71.467849 70.940865 16.924978
0.187210 12.000000 16.924978 11.868601 71.467849 70.940865 16.924978
0.187210 12.000000 16.924978 11.680174 71.467849 70.940865 16.924978
0.187210 12.000000 16.924978 11.491767 71.467849 70.940865 16.924978
0.187210 12.000000 16.924978 11.303380 71.467849 70.940865 16.924978
0.187210 12.000000 16.924978 11.115012 71.467849 70.940865 16.924978
0.187210 12.000000 16.924978 10.926664 71.467849 70.940865 16.924978
0.187210 12.000000 16.924978 10.738336 71.467849 70.940865 16.924978
0.187210 12.000000 16.924978 10.550027 71.467849 70.940865 16.924978
0.187210 12.000000 16.924978 10.361738 71.467849 70.940865 16.924978
0.187210 12.000000 16.924978 10.173469 71.467849 70.940865 16.924978
0.187210 12.000000 16.924978 9.985219 71.467849 70.940865 16.924978
0.187210 12.000000 16.924978 9.796989 71.467849 70.940865 16.924978
0.187210 12.000000 16.924978 9.608779 71.467849 70.940865 16.924978
0.187210 12.000000 16.924978 9.420588 71.467849 70.940865 16.924978
0.187210 12.000000 16.924978 9.232417 71.467849 70.940865 16.924978
0.187210 12.000000 17.188470 9.044265 71.467849 70.418972 16.924978
0.190810 12.000000 16.924978 8.856133 71.467849 70.418972 16.924978
0.183609 12.000000 17.188470 8.668021 71.467849 70.418972 16.924978
0.187210 12.000000 17.188470 8.479928 71.467849 70.418972 16.924978
0.187210 12.000000 17.188470 8.291855 71.467849 70.418972 16.924978
0.187210 12.000000 17.188470 8.103801 71.467849 70.418972 16.924978
0.187210 12.000000 17.188470 7.966390 71.467849 63.608392 16.924978
0.187210 12.000000 17.188470 7.872378 71.467849 53.008465 16.924978
0.187210 12.000000 17.188470 7.778370 71.467849 44.427572 16.924978
0.187210 12.000000 17.188470 7.684368 71.467849 37.339009 16.924978
0.187210 12.000000 17.188470 7.590370 71.467849 31.384615 16.924978
0.187210 12.000000 17.188470 7.496378 71.467849 26.312354 16.924978
0.187210 12.000000 17.188470 7.402390 71.467849 21.939715 16.924978
0.187210 12.000000 17.188470 7.308407 71.467849 18.131288 16.924978
0.187210 12.000000 17.188470 7.214429 71.467849 14.784488 16.924978
0.187210 12.000000 17.188470 7.120456 71.467849 12.000000 16.924978
0.187210 12.000000 17.188470 7.026488 71.467849 12.000000 16.924978
0.187210 12.000000 17.188470 6.932524 71.467849 12.000000 16.924978
0.187210 12.000000 17.188470 6.838566 71.467849 12.000000 16.924978
0.187210 12.000000 17.188470 6.744613 71.467849 12.000000 16.924978
0.187210 12.000000 17.188470 6.650664 71.467849 12.000000 16.924978
0.187210 12.000000 14.424242 6.556720 71.467849 12.000000 16.924978
0.187210 12.000000 12.000000 6.462781 71.467849 12.000000 16.924978
0.187210 12.000000 12.000000 6.368847 71.467849 12.000000 16.924978
0.187210 12.000000 12.000000 6.274918 71.467849 12.000000 16.924978
0.115204 12.000000 12.000000 6.180994 71.467849 12.000000 16.924978
0.093602 12.000000 12.000000 6.087075 71.467849 12.000000 16.924978
0.093602 12.000000 12.000000 5.993161 71.467849 12.000000 16.924978
0.093602 12.000000 12.000000 5.899251 71.467849 12.000000 16.924978
0.093602 12.000000 12.000000 5.805347 71.467849 12.000000 16.924978
0.093602 12.000000 12.000000 5.711447 71.467849 12.000000 16.924978
0.093602 12.000000 12.000000 5.617552 71.467849 12.000000 16.924978
0.093602 12.000000 12.000000 5.523662 71.467849 12.000000 16.924978
0.093602 12.000000 12.000000 5.429777 71.467849 12.000000 16.924978
0.093602 12.000000 12.000000 5.335897 71.467849 12.000000 16.924978
0.093602 12.000000 12.000000 5.242022 71.467849 12.000000 16.924978
0.093602 12.000000 12.000000 5.148152 71.467849 12.000000 16.924978
0.093602 12.000000 12.000000 5.054286 71.467849 12.000000 16.924978
0.093602 12.000000 12.000000 4.960426 71.467849 12.000000 16.924978
0.093602 12.000000 12.000000 4.866570 71.467849 12.000000 16.924978
0.093602 12.000000 12.000000 4.772719 71.467849 12.000000 16.924978
0.093602 12.000000 12.000000 4.678873 71.467849 12.000000 16.924978
0.093602 12.000000 12.000000 4.585032 71.467849 12.000000 16.924978
0.093602 12.000000 12.000000 4.491196 71.467849 12.000000 16.924978
0.093602 12.000000 12.000000 4.397365 71.467849 12.000000 16.924978
0.093602 12.000000 12.000000 4.303538 71.467849 12.000000 16.924978
0.093602 12.000000 12.000000 4.209717 71.467849 12.000000 16.924978
0.093602 12.000000 12.000000 4.115900 71.467849 12.000000 16.924978
0.093602 12.000000 12.000000 4.022089 71.467849 12.000000 16.924978
0.093602 12.000000 12.000000 3.928282 71.467849 12.000000 16.924978
0.093602 12.000000 12.000000 3.834480 71.467849 12.000000 16.924978
0.093602 12.000000 12.000000 3.740683 71.467849 12.000000 16.924978
0.093602 12.000000 12.000000 3.646891 71.467849 12.000000 16.924978
0.093602 12.000000 12.000000 3.553103 71.467849 12.000000 16.924978
0.093602 12.000000 12.000000 3.459321 71.467849 12.000000 16.924978
0.093602 12.000000 12.000000 3.365543 71.467849 12.000000 16.924978
0.093602 12.000000 12.000000 3.271771 71.467849 12.000000 16.924978
0.093602 12.000000 12.000000 3.178003 71.467849 12.000000 16.924978
0.093602 12.000000 12.000000 3.084240 71.467849 12.000000 16.924978
0.093602 12.000000 12.000000 2.990482 71.467849 12.000000 16.924978
0.093602 12.000000 12.000000 2.896729 71.467849 12.000000 16.924978
0.093602 12.000000 12.000000 2.802981 71.467849 12.000000 16.924978
0.093602 12.000000 12.000000 2.709237 71.467849 12.000000 16.924978
0.093602 12.000000 12.000000 2.615499 71.467849 12.000000 16.924978
0.093602 12.000000 12.000000 2.521765 71.467849 12.000000 16.924978
0.093602 12.000000 12.000000 2.428037 71.467849 12.000000 16.924978
0.093602 12.000000 12.000000 2.334313 71.467849 12.000000 16.924978
0.093602 12.000000 12.000000 2.240594 71.467849 12.000000 16.924978
0.093602 12.000000 12.000000 2.146880 71.467849 12.000000 16.924978
0.093602 12.000000 12.000000 2.053170 71.467849 12.000000 16.924978
0.093602 12.000000 12.000000 1.959466 71.467849 12.000000 16.924978
0.093602 12.000000 12.000000 1.865766 71.467849 12.000000 16.924978
0.093602 12.000000 12.000000 1.772072 71.467849 12.000000 16.924978
0.093602 12.000000 12.000000 1.678382 71.467849 12.000000 16.924978
0.093602 12.000000 12.000000 1.584697 71.467849 12.000000 16.924978
0.093602 12.000000 12.000000 1.491017 71.467849 12.000000 16.924978
0.093602 12.000000 12.000000 1.397342 71.467849 12.000000 16.924978
0.093602 12.000000 12.000000 1.303672 71.467849 12.000000 16.924978
0.093602 12.000000 12.000000 1.210007 71.467849 12.000000 16.924978
0.093602 12.000000 12.000000 1.116346 71.467849 12.000000 16.924978
0.093602 12.000000 12.000000 1.022690 71.467849 12.000000 16.924978
0.093602 12.000000 12.000000 0.929040 71.467849 12.000000 16.924978
0.093602 12.000000 12.000000 0.835394 71.467849 12.000000 16.924978
0.093602 12.000000 12.000000 0.741753 71.467849 12.000000 16.924978
0.093602 12.000000 12.000000 0.648117 71.467849 12.000000 16.924978
0.093602 12.000000 12.000000 0.554485 71.467849 12.000000 16.924978
0.093602 12.000000 12.000000 0.460859 71.467849 12.000000 16.924978
0.093602 12.000000 12.000000 0.367237 71.467849 12.000000 16.924978
0.093602 12.000000 12.000000 0.273621 71.467849 12.000000 16.924978
0.093602 12.000000 12.000000 0.180009 71.467849 12.000000 16.924978
0.093602 12.000000 12.000000 0.086402 71.467849 12.000000 16.924978
0.093602 12.000000 12.000000 0.036000 70.418972 12.000000 16.924978
0.093602 12.000000 12.000000 0.036000 58.422162 12.000000 16.924978
0.093602 12.000000 12.000000 0.036000 48.833977 12.000000 16.924978
0.093602 12.000000 12.000000 0.036000 40.995215 12.000000 16.924978
0.093602 12.000000 12.000000 0.036000 34.467115 12.000000 16.924978
0.093602 12.000000 12.000000 0.036000 28.946318 12.000000 16.924978
0.093602 12.000000 12.000000 0.036000 24.216379 12.000000 16.924978
0.093602 12.000000 12.000000 0.036000 20.118719 12.000000 16.924978
0.093602 12.000000 12.000000 0.036000 16.534502 12.000000 16.924978
0.093602 12.000000 12.000000 0.036000 13.372913 12.000000 16.924978
0.093602 12.000000 12.000000 0.036000 12.000000 12.000000 16.924978
0.093602 12.000000 12.000000 0.036000 12.000000 12.000000 16.924978
0.093602 12.000000 12.000000 0.036000 12.000000 12.000000 16.924978
0.093602 12.000000 12.000000 0.036000 12.000000 12.000000 16.924978
0.093602 12.000000 12.000000 0.036000 12.000000 12.000000 16.924978
0.093602 12.000000 12.000000 0.036000 12.000000 12.000000 16.924978
0.093602 12.000000 12.000000 0.036000 12.000000 12.000000 12.000000
0.093602 12.000000 12.000000 0.036000 12.000000 12.000000 12.000000
0.093602 12.000000 12.000000 0.036000 12.000000 12.000000 12.000000
0.068401 12.000000 12.000000 0.036000 12.000000 12.000000 12.000000
0.036000 12.000000 12.000000 0.036000 12.000000 12.000000 12.000000
0.036000 12.000000 12.000000 0.036000 12.000000 12.000000 12.000000
0.036000 12.000000 12.000000 0.036000 12.000000 12.000000 12.000000
0.036000 12.000000 12.000000 0.036000 12.000000 12.000000 12.000000
0.036000 12.000000 12.000000 0.036000 12.000000 12.000000 12.000000
0.036000 12.000000 12.000000 0.036000 12.000000 12.000000 12.000000
0.036000 12.000000 12.000000 0.036000 12.000000 12.000000 12.000000
0.036000 12.000000 12.000000 0.036000 12.000000 12.000000 12.000000
0.036000 12.000000 12.000000 0.036000 12.000000 12.000000 12.000000
0.036000 12.000000 12.000000 0.036000 12.000000 12.000000 12.000000
0.036000 12.000000 12.000000 0.036000 12.000000 12.000000 12.000000
0.036000 12.000000 12.000000 0.036000 12.000000 12.000000 12.000000
0.036000 12.000000 12.000000 0.036000 12.000000 12.000000 12.000000
0.036000 12.000000 12.000000 0.036000 12.000000 12.000000 12.000000
0.036000 12.000000 12.000000 0.036000 12.000000 12.000000 12.000000
0.036000 12.000000 12.000000 0.036000 12.000000 12.000000 12.000000
0.036000 12.000000 12.000000 0.036000 12.000000 12.000000 12.000000
0.036000 12.000000 12.000000 0.036000 12.000000 12.000000 12.000000
0.036000 12.000000 12.000000 0.036000 12.000000 12.000000 12.000000
0.036000 12.000000 12.000000 0.036000 12.000000 12.000000 12.000000
0.036000 12.000000 12.000000 0.036000 12.000000 12.000000 12.000000
0.036000 12.000000 12.000000 0.036000 12.000000 12.000000 12.000000
0.036000 12.000000 12.000000 0.036000 12.000000 12.000000 12.000000
0.036000 12.000000 12.000000 0.036000 12.000000 12.000000 12.000000
0.036000 12.000000 12.000000 0.036000 12.000000 12.000000 12.000000
0.036000 12.000000 12.000000 0.036000 12.000000 12.000000 12.000000
0.036000 12.000000 12.000000 0.036000 12.000000 12.000000 12.000000
0.036000 12.000000 12.000000 0.036000 12.000000 12.000000 12.000000
0.036000 12.000000 12.000000 0.036000 12.000000 12.000000 12.000000
0.036000 12.000000 12.000000 0.036000 12.000000 12.000000 12.000000
0.036000 12.000000 12.000000 0.036000 12.000000 12.000000 12.000000
0.036000 12.000000 12.000000 0.036000 12.000000 12.000000 12.000000
0.036000 12.000000 12.000000 0.036000 12.000000 12.000000 12.000000
0.036000 12.000000 12.000000 0.036000 12.000000 12.000000 12.000000
0.036000 12.000000 12.000000 0.036000 12.000000 12.000000 12.000000
0.036000 12.000000 12.000000 0.036000 12.000000 12.000000 12.000000
0.036000 12.000000 12.000000 0.036000 12.000000 12.000000 12.000000
0.036000 12.000000 12.000000 0.036000 12.000000 12.000000 12.000000
0.036000 12.000000 12.000000 0.036000 12.000000 12.000000 12.000000
0.036000 12.000000 12.000000 0.036000 12.000000 12.000000 12.000000
0.036000 12.000000 12.000000 0.036000 12.000000 12.000000 12.000000
0.036000 12.000000 12.000000 0.036000 12.000000 12.000000 12.000000
0.036000 12.000000 12.000000 0.036000 12.000000 12.000000 12.000000
0.036000 12.000000 12.000000 0.036000 12.000000 12.000000 12.000000
0.036000 12.000000 12.000000 0.036000 12.000000 12.000000 12.000000
0.036000 12.000000 12.000000 0.036000 12.000000 12.000000 12.000000
0.036000 12.000000 12.000000 0.036000 12.000000 12.000000 12.000000
0.036000 12.000000 12.000000 0.036000 12.000000 12.000000 12.000000
0.036000 12.000000 12.000000 0.036000 12.000000 12.000000 12.000000
0.036000 12.000000 12.000000 0.036000 12.000000 12.000000 12.000000
0.036000 12.000000 12.000000 0.036000 12.000000 12.000000 12.000000
0.036000 12.000000 12.000000 0.036000 12.000000 12.000000 12.000000
0.036000 12.000000 12.000000 0.036000 12.000000 12.000000 12.000000
0.036000 12.000000 12.000000 0.036000 12.000000 12.000000 12.000000
0.036000 12.000000 12.000000 0.036000 12.000000 12.000000 12.000000
0.036000 12.000000 12.000000 0.036000 12.000000 12.000000 12.000000
0.036000 12.000000 12.000000 0.036000 12.000000 12.000000 12.000000
0.036000 12.000000 12.000000 0.036000 12.000000 12.000000 12.000000
0.036000 12.000000 12.000000 0.036000 12.000000 12.000000 12.000000
0.036000 12.000000 12.000000 0.036000 12.000000 12.000000 12.000000
0.036000 12.000000 12.000000 0.036000 12.000000 12.000000 12.000000
0.036000 12.000000 12.000000 0.036000 12.000000 12.000000 12.000000
0.036000 12.000000 12.000000 0.036000 12.000000 12.000000 12.000000
0.036000 12.000000 12.000000 0.036000 12.000000 12.000000 12.000000
0.036000 12.000000 12.000000 0.036000 12.000000 12.000000 12.000000
0.036000 12.000000 12.000000 0.036000 12.000000 12.000000 12.000000
0.036000 12.000000 12.000000 0.036000 12.000000 12.000000 12.000000
0.036000 12.000000 12.000000 0.036000 12.000000 12.000000 12.000000
0.036000 12.000000 12.000000 0.036000 12.000000 12.000000 12.000000
0.036000 12.000000 12.000000 0.036000 12.000000 12.000000 12.000000
0.036000 12.000000 12.000000 0.036000 12.000000 12.000000 12.000000
0.036000 12.000000 12.000000 0.036000 12.000000 12.000000 12.000000
0.036000 12.000000 12.000000 0.036000 12.000000 12.000000 12.000000
0.036000 12.000000 12.000000 0.036000 12.000000 12.000000 12.000000
0.036000 12.000000 12.000000 0.036000 12.000000 12.000000 12.000000
0.036000 12.000000 12.000000 0.036000 12.000000 12.000000 12.000000
0.036000 12.000000 12.000000 0.036000 12.000000 12.000000 12.000000
0.036000 12.000000 12.000000 0.036000 12.000000 12.000000 12.000000
0.036000 12.000000 12.000000 0.036000 12.000000 12.000000 12.000000
0.036000 12.000000 12.000000 0.036000 12.000000 12.000000 12.000000
0.036000 12.000000 12.000000 0.036000 12.000000 12.000000 12.000000
0.036000 12.000000 12.000000 0.036000 12.000000 12.000000 12.000000
0.036000 12.000000 12.000000 0.036000 12.000000 12.000000 12.000000
0.036000 12.000000 12.000000 0.036000 12.000000 12.000000 12.000000
0.036000 12.000000 12.000000 0.036000 12.000000 12.000000 12.000000
0.036000 12.000000 12.000000 0.036000 12.000000 12.000000 12.000000
0.036000 12.000000 12.000000 0.036000 12.000000 12.000000 12.000000
0.036000 12.000000 12.000000 0.036000 12.000000 12.000000 12.000000
0.036000 12.000000 12.000000 0.036000 12.000000 12.000000 12.000000
0.036000 12.000000 12.000000 0.036000 12.000000 12.000000 12.000000
0.036000 12.000000 12.000000 0.036000 12.000000 12.000000 12.000000
0.036000 12.000000 12.000000 0.036000 12.000000 12.000000 12.000000
0.036000 12.000000 12.000000 0.036000 12.000000 12.000000 12.000000
0.036000 12.000000 12.000000 0.036000 12.000000 12.000000 12.000000
0.036000 12.000000 12.000000 0.036000 12.000000 12.000000 12.000000
0.036000 12.000000 12.000000 0.036000 12.000000 12.000000 12.000000
0.036000 12.000000 12.000000 0.036000 12.000000 12.000000 12.000000
0.036000 12.000000 12.000000 0.036000 12.000000 12.000000 12.000000
0.036000 12.000000 12.000000 0.036000 12.000000 12.000000 12.000000
0.036000 12.000000 12.000000 0.036000 12.000000 12.000000 12.000000
0.036000 12.000000 12.000000 0.036000 12.000000 12.000000 12.000000
0.036000 12.000000 12.000000 0.036000 12.000000 12.000000 12.000000
0.036000 12.000000 12.000000 0.036000 12.000000 12.000000 12.000000
0.036000 12.000000 12.000000 0.036000 12.000000 12.000000 12.000000
0.036000 12.000000 12.000000 0.036000 12.000000 12.000000 12.000000
0.036000 12.000000 12.000000 0.036000 12.000000 12.000000 12.000000
0.036000 12.000000 12.000000 0.036000 12.000000 12.000000 12.000000
0.036000 12.000000 12.000000 0.036000 12.000000 12.000000 12.000000
0.036000 12.000000 12.000000 0.036000 12.000000 12.000000 12.000000
0.036000 12.000000 12.000000 0.036000 12.000000 12.000000 12.000000
0.036000 12.000000 12.000000 0.036000 12.000000 12.000000 12.000000
0.036000 12.000000 12.000000 0.036000 12.000000 12.000000 12.000000
0.036000 12.000000 12.000000 0.036000 12.000000 12.000000 12.000000
0.036000 12.000000 12.000000 0.036000 12.000000 12.000000 12.000000
0.036000 12.000000 12.000000 0.036000 12.000000 12.000000 12.000000
0.036000 12.000000 12.000000 0.036000 12.000000 12.000000 12.000000
0.036000 12.000000 12.000000 0.036000 12.000000 12.000000 12.000000
0.036000 12.000000 12.000000 0.036000 12.000000 12.000000 12.000000
0.036000 12.000000 12.000000 0.036000 12.000000 12.000000 12.000000
0.036000 12.000000 12.000000 0.036000 12.000000 12.000000 12.000000
0.036000 12.000000 12.000000 0.036000 12.000000 12.000000 12.000000
0.036000 12.000000 12.000000 0.036000 12.000000 12.000000 12.000000
0.036000 12.000000 12.000000 0.036000 12.000000 12.000000 12.000000
0.036000 12.000000 12.000000 0.036000 12.000000 12.000000 12.000000
0.036000 12.000000 12.000000 0.036000 12.000000 12.000000 12.000000
0.036000 12.000000 12.000000 0.036000 12.000000 12.000000 12.000000
0.036000 12.000000 12.000000 0.036000 12.000000 12.000000 12.000000
0.036000 12.000000 12.000000 0.036000 12.000000 12.000000 12.000000
0.036000 12.000000 12.000000 0.036000 12.000000 12.000000 12.000000
0.036000 12.000000 12.000000 0.036000 12.000000 12.000000 12.000000
0.036000 12.000000 12.000000 0.036000 12.000000 12.000000 12.000000
0.036000 12.000000 12.000000 0.036000 12.000000 12.000000 12.000000
0.036000 12.000000 12.000000 0.036000 12.000000 12.000000 12.000000
0.036000 12.000000 12.000000 0.036000 12.000000 12.000000 12.000000
0.036000 12.000000 12.000000 0.036000 12.000000 12.000000 12.000000
0.036000 12.000000 12.000000 0.036000 12.000000 12.000000 12.000000
0.036000 12.000000 12.000000 0.036000 12.000000 12.000000 12.000000
0.036000 12.000000 12.000000 0.036000 12.000000 12.000000 12.000000
0.036000 12.000000 12.000000 0.036000 12.000000 12.000000 12.000000
0.036000 12.000000 12.000000 0.036000 12.000000 12.000000 12.000000
0.036000 12.000000 12.000000 0.036000 12.000000 12.000000 12.000000
0.036000 12.000000 12.000000 0.036000 12.000000 12.000000 12.000000
0.036000 12.000000 12.000000 0.036000 12.000000 12.000000 12.000000
0.036000 12.000000 12.000000 0.036000 12.000000 12.000000 12.000000
0.036000 12.000000 12.000000 0.036000 12.000000 12.000000 12.000000
0.036000 12.000000 12.000000 0.036000 12.000000 12.000000 12.000000
0.036000 12.000000 12.000000 0.036000 12.000000 12.000000 12.000000
0.036000 12.000000 12.000000 0.036000 12.000000 12.000000 12.000000
0.036000 12.000000 12.000000 0.036000 12.000000 12.000000 12.000000
0.036000 12.000000 12.000000 0.036000 12.000000 12.000000 12.000000
0.036000 12.000000 12.000000 0.036000 12.000000 12.000000 12.000000
0.036000 12.000000 12.000000 0.036000 12.000000 12.000000 12.000000
0.036000 12.000000 12.000000 0.036000 12.000000 12.000000 12.000000
0.036000 12.000000 12.000000 0.036000 12.000000 12.000000 12.000000
0.036000 12.000000 12.000000 0.036000 12.000000 12.000000 12.000000
0.036000 12.000000 12.000000 0.036000 12.000000 12.000000 12.000000
0.036000 12.000000 12.000000 0.036000 12.000000 12.000000 12.000000
0.036000 12.000000 12.000000 0.036000 12.000000 12.000000 12.000000
0.036000 12.000000 12.000000 0.036000 12.000000 12.000000 12.000000
0.036000 12.000000 12.000000 0.036000 12.000000 12.000000 12.000000
0.036000 12.000000 12.000000 0.036000 12.000000 12.000000 12.000000
0.036000 12.000000 12.000000 0.036000 12.000000 12.000000 12.000000
0.036000 12.000000 12.000000 0.036000 12.000000 12.000000 12.000000
0.036000 12.000000 12.000000 0.036000 12.000000 12.000000 12.000000
0.036000 12.000000 12.000000 0.036000 12.000000 12.000000 12.000000
0.036000 12.000000 12.000000 0.036000 12.000000 12.000000 12.000000
0.036000 12.000000 12.000000 0.036000 12.000000 12.000000 12.000000
0.036000 12.000000 12.000000 0.036000 12.000000 12.000000 12.000000
0.036000 12.000000 12.000000 0.036000 12.000000 12.000000 12.000000
0.036000 12.000000 12.000000 0.036000 12.000000 12.000000 12.000000
0.036000 12.000000 12.000000 0.036000 12.000000 12.000000 12.000000
0.036000 12.000000 12.000000 0.036000 12.000000 12.000000 12.000000
0.036000 12.000000 12.000000 0.036000 12.000000 12.000000 12.000000
0.036000 12.000000 12.000000 0.036000 12.000000 12.000000 12.000000
0.036000 12.000000 12.000000 0.036000 12.000000 12.000000 12.000000
0.036000 12.000000 12.000000 0.036000 12.000000 12.000000 12.000000
0.036000 12.000000 12.000000 0.036000 12.000000 12.000000 12.000000
0.036000 12.000000 12.000000 0.036000 12.000000 12.000000 12.000000
0.036000 12.000000 12.000000 0.036000 12.000000 12.000000 12.000000
0.036000 12.000000 12.000000 0.036000 12.000000 12.000000 12.000000
0.036000 12.000000 12.000000 0.036000 12.000000 12.000000 12.000000
0.036000 12.000000 12.000000 0.036000 12.000000 12.000000 12.000000
0.036000 12.000000 12.000000 0.036000 12.000000 12.000000 12.000000
0.036000 12.000000 12.000000 0.036000 12.000000 12.000000 12.000000
0.036000 12.000000 12.000000 0.036000 12.000000 12.000000 12.000000
0.036000 12.000000 12.000000 0.036000 12.000000 12.000000 12.000000
0.036000 12.000000 12.000000 0.036000 12.000000 12.000000 12.000000
0.036000 12.000000 12.000000 0.036000 12.000000 12.000000 12.000000
0.036000 12.000000 12.000000 0.036000 12.000000 12.000000 12.000000
0.036000 12.000000 12.000000 0.036000 12.000000 12.000000 12.000000
0.036000 12.000000 12.000000 0.036000 12.000000 12.000000 12.000000
0.036000 12.000000 12.000000 0.036000 12.000000 12.000000 12.000000
0.036000 12.000000 12.000000 0.036000 12.000000 12.000000 12.000000
0.036000 12.000000 12.000000 0.036000 12.000000 12.000000 12.000000
0.036000 12.000000 12.000000 0.036000 12.000000 12.000000 12.000000
0.036000 12.000000 12.000000 0.036000 12.000000 12.000000 12.000000
0.036000 12.000000 12.000000 0.036000 12.000000 12.000000 12.000000
0.036000 12.000000 12.000000 0.036000 12.000000 12.000000 12.000000
0.036000 12.000000 12.000000 0.036000 12.000000 12.000000 12.000000
0.036000 12.000000 12.000000 0.036000 12.000000 12.000000 12.000000
0.036000 12.000000 12.000000 0.036000 12.000000 12.000000 12.000000
0.036000 12.000000 12.000000 0.036000 12.000000 12.000000 12.000000
0.036000 12.000000 12.000000 0.036000 12.000000 12.000000 12.000000
0.036000 12.000000 12.000000 0.036000 12.000000 12.000000 12.000000
0.036000 12.000000 12.000000 0.036000 12.000000 12.000000 12.000000
0.036000 12.000000 12.000000 0.036000 12.000000 12.000000 12.000000
0.036000 12.000000 12.000000 0.036000 12.000000 12.000000 12.000000
0.036000 12.000000 12.000000 0.036000 12.000000 12.000000 12.000000
0.036000 12.000000 12.000000 0.036000 12.000000 12.000000 12.000000
0.036000 12.000000 12.000000 0.036000 12.000000 12.000000 12.000000
0.036000 12.000000 12.000000 0.036000 12.000000 12.000000 12.000000
0.036000 12.000000 12.000000 0.036000 12.000000 12.000000 12.000000
0.036000 12.000000 12.000000 0.036000 12.000000 12.000000 12.000000
0.036000 12.000000 12.000000 0.036000 12.000000 12.000000 12.000000
0.036000 12.000000 12.000000 0.036000 12.000000 12.000000 12.000000
0.036000 12.000000 12.000000 0.036000 12.000000 12.000000 12.000000
0.036000 12.000000 12.000000 0.036000 12.000000 12.000000 12.000000
0.036000 12.000000 12.000000 0.036000 12.000000 12.000000 12.000000
0.036000 12.000000 12.000000 0.036000 12.000000 12.000000 12.000000
0.036000 12.000000 12.000000 0.036000 12.000000 12.000000 12.000000
0.036000 12.000000 12.000000 0.036000 12.000000 12.000000 12.000000
0.036000 12.000000 12.000000 0.036000 12.000000 12.000000 12.000000
0.036000 12.000000 12.000000 0.036000 12.000000 12.000000 12.000000
0.036000 12.000000 12.000000 0.036000 12.000000 12.000000 12.000000
0.036000 12.000000 12.000000 0.036000 12.000000 12.000000 12.000000
0.036000 12.000000 12.000000 0.036000 12.000000 12.000000 12.000000
0.036000 12.000000 12.000000 0.036000 12.000000 12.000000 12.000000
0.036000 12.000000 12.000000 0.036000 12.000000 12.000000 12.000000
0.036000 12.000000 12.000000 0.036000 12.000000 12.000000 12.000000
0.036000 12.000000 12.000000 0.036000 12.000000 12.000000 12.000000
0.036000 12.000000 12.000000 0.036000 12.000000 12.000000 12.000000
0.036000 12.000000 12.000000 0.036000 12.000000 12.000000 12.000000
0.036000 12.000000 12.000000 0.036000 12.000000 12.000000 12.000000
0.036000 12.000000 12.000000 0.036000 12.000000 12.000000 12.000000
0.036000 12.000000 12.000000 0.036000 12.000000 12.000000 12.000000
0.036000 12.000000 12.000000 0.036000 12.000000 12.000000 12.000000
0.036000 12.000000 12.000000 0.036000 12.000000 12.000000 12.000000
0.036000 12.000000 12.000000 0.036000 12.000000 12.000000 12.000000
0.036000 12.000000 12.000000 0.036000 12.000000 12.000000 12.000000
0.036000 12.000000 12.000000 0.036000 12.000000 12.000000 12.000000
0.036000 12.000000 12.000000 0.036000 12.000000 12.000000 12.000000
0.036000 12.000000 12.000000 0.036000 12.000000 12.000000 12.000000
0.036000 12.000000 12.000000 0.036000 12.000000 12.000000 12.000000
0.036000 12.000000 12.000000 0.036000 12.000000 12.000000 12.000000
0.036000 12.000000 12.000000 0.036000 12.000000 12.000000 12.000000
0.036000 12.000000 12.000000 0.036000 12.000000 12.000000 12.000000
0.036000 12.000000 12.000000 0.036000 12.000000 12.000000 12.000000
0.036000 12.000000 12.000000 0.036000 12.000000 12.000000 12.000000
0.036000 12.000000 12.000000 0.036000 12.000000 12.000000 12.000000
0.036000 12.000000 12.000000 0.036000 12.000000 12.000000 12.000000
0.036000 12.000000 12.000000 0.036000 12.000000 12.000000 12.000000
0.036000 12.000000 12.000000 0.036000 12.000000 12.000000 12.000000
0.036000 12.000000 12.000000 0.036000 12.000000 12.000000 12.000000
0.036000 12.000000 12.000000 0.036000 12.000000 12.000000 12.000000
0.036000 12.000000 12.000000 0.036000 12.000000 12.000000 12.000000
