7 6 5 1 2 3 4
0.000000 0.000000 0.000000 100.000000 0.000000 0.000000 0.000000
0.000000 0.000000 0.000000 93.900000 6.100000 0.000000 0.000000
0.000000 0.000000 0.000000 87.800000 12.200000 0.000000 0.000000
0.000000 0.000000 0.000000 81.700000 15.300000 0.000000 3.000000
0.000000 0.000000 0.000000 75.600000 18.400000 0.000000 6.000000
3.000000 0.000000 0.000000 69.500000 21.500000 0.000000 6.000000
3.000000 0.000000 0.000000 63.400000 24.600000 0.000000 6.000000
2.400000 0.000000 0.000000 57.700000 27.300000 0.000000 6.600000
2.500000 0.000000 0.000000 52.600000 29.400000 0.000000 7.100000
2.700000 0.000000 0.000000 48.000000 31.000000 0.000000 7.400000
2.600000 0.000000 0.000000 143.800000 32.200000 0.000000 7.800000
2.600000 0.000000 0.000000 133.800000 33.100000 6.100000 8.200000
2.600000 0.000000 0.000000 124.000000 33.800000 12.200000 8.600000
2.600000 0.000000 3.000000 114.400000 34.400000 15.300000 8.900000
2.600000 0.000000 6.000000 104.900000 35.000000 18.400000 9.100000
5.600000 0.000000 6.000000 95.500000 35.600000 21.500000 9.200000
5.600000 0.000000 6.000000 86.100000 36.200000 24.600000 9.300000
5.000000 0.000000 6.600000 77.200000 36.700000 27.300000 9.400000
5.200000 0.000000 7.000000 69.000000 37.200000 29.400000 9.400000
5.300000 0.000000 7.300000 61.400000 37.600000 31.000000 9.400000
5.200000 0.000000 7.700000 154.200000 38.000000 32.200000 9.400000
5.200000 0.000000 8.100000 147.300000 38.300000 33.200000 9.400000
5.200000 0.000000 8.500000 140.700000 38.600000 33.900000 9.400000
5.200000 0.000000 8.800000 134.400000 38.800000 34.500000 9.400000
5.200000 0.000000 9.000000 128.300000 38.900000 35.100000 9.400000
5.200000 0.000000 9.200000 122.300000 39.000000 35.600000 9.400000
5.300000 0.000000 9.200000 116.300000 39.100000 36.200000 9.400000
5.200000 0.000000 9.300000 110.400000 39.200000 36.700000 9.400000
5.200000 0.000000 9.400000 104.600000 39.300000 37.100000 9.400000
5.200000 0.000000 9.400000 99.000000 39.300000 37.500000 9.400000
5.200000 0.000000 9.400000 193.400000 39.300000 37.900000 9.400000
5.200000 0.000000 9.400000 187.800000 39.400000 38.200000 9.400000
5.200000 0.000000 9.500000 182.300000 39.400000 38.400000 9.400000
5.300000 0.000000 9.400000 176.900000 39.400000 38.600000 9.400000
5.200000 0.000000 9.400000 171.500000 39.400000 38.800000 9.400000
5.200000 0.000000 9.400000 166.200000 39.400000 38.900000 9.400000
5.200000 0.000000 9.400000 160.900000 39.400000 39.000000 9.400000
5.200000 0.000000 9.400000 155.600000 39.400000 39.100000 9.400000
5.200000 0.000000 9.400000 150.300000 39.400000 39.200000 9.400000
5.200000 0.000000 9.400000 145.000000 39.400000 39.300000 9.400000
5.200000 0.000000 9.400000 239.700000 39.400000 39.400000 9.400000
5.200000 0.000000 9.400000 234.500000 39.400000 39.400000 9.400000
5.200000 0.000000 9.400000 229.300000 39.400000 39.400000 9.400000
5.200000 0.000000 9.400000 224.100000 39.400000 39.400000 9.400000
5.200000 0.000000 9.400000 218.900000 39.400000 39.400000 9.400000
5.200000 0.000000 9.400000 213.700000 39.400000 39.400000 9.400000
5.200000 0.000000 9.400000 208.500000 39.400000 39.400000 9.400000
5.200000 0.000000 9.400000 203.300000 39.400000 39.400000 9.400000
5.200000 0.000000 9.400000 198.100000 39.400000 39.400000 9.400000
5.200000 0.000000 9.400000 192.900000 39.400000 39.400000 9.400000
5.200000 0.000000 9.400000 287.700000 39.400000 39.400000 9.400000
5.200000 0.000000 9.400000 282.500000 39.400000 39.400000 9.400000
5.200000 0.000000 9.400000 277.300000 39.400000 39.400000 9.400000
5.200000 0.000000 9.400000 272.100000 39.400000 39.400000 9.400000
5.200000 0.000000 9.400000 266.900000 39.400000 39.400000 9.400000
5.200000 0.000000 9.400000 261.700000 39.400000 39.400000 9.400000
5.200000 0.000000 9.400000 256.500000 39.400000 39.400000 9.400000
5.200000 0.000000 9.400000 251.300000 39.400000 39.400000 9.400000
5.200000 0.000000 9.400000 246.100000 39.300000 39.400000 9.500000
5.300000 0.000000 9.400000 240.900000 39.300000 39.400000 9.400000
5.200000 0.000000 9.400000 335.700000 39.300000 39.400000 9.400000
5.200000 0.000000 9.400000 330.500000 39.300000 39.400000 9.400000
5.200000 0.000000 9.400000 325.300000 39.300000 39.400000 9.400000
5.200000 0.000000 9.400000 320.000000 39.400000 39.400000 9.400000
5.200000 0.000000 9.400000 314.800000 39.400000 39.400000 9.400000
5.200000 0.000000 9.400000 309.600000 39.400000 39.400000 9.400000
5.200000 0.000000 9.400000 304.400000 39.400000 39.400000 9.400000
5.200000 0.000000 9.500000 299.200000 39.400000 39.300000 9.400000
5.300000 0.000000 9.400000 294.000000 39.400000 39.300000 9.400000
5.200000 0.000000 9.400000 288.800000 39.400000 39.300000 9.400000
5.100000 0.000000 9.500000 383.600000 39.400000 39.300000 9.400000
5.200000 0.000000 9.500000 378.400000 39.400000 39.300000 9.400000
5.300000 0.000000 9.400000 373.100000 39.400000 39.400000 9.400000
5.200000 0.000000 9.400000 367.900000 39.400000 39.400000 9.400000
5.200000 0.000000 9.400000 362.700000 39.400000 39.400000 9.400000
5.200000 0.000000 9.400000 357.500000 39.400000 39.400000 9.400000
5.200000 0.000000 9.400000 352.300000 39.400000 39.400000 9.400000
5.200000 0.000000 9.400000 347.100000 39.400000 39.400000 9.400000
5.200000 0.000000 9.400000 342.600000 39.400000 38.700000 9.400000
5.200000 0.000000 9.400000 340.000000 39.400000 36.100000 9.400000
5.200000 0.000000 9.400000 437.400000 39.400000 33.500000 9.400000
5.200000 0.000000 9.400000 430.300000 39.400000 35.400000 9.400000
5.200000 0.000000 9.400000 423.800000 39.400000 36.700000 9.400000
5.200000 0.000000 9.400000 417.700000 39.400000 37.600000 9.400000
5.200000 0.000000 9.400000 411.900000 39.400000 38.200000 9.400000
5.200000 0.000000 9.400000 406.300000 39.400000 38.600000 9.400000
5.200000 0.000000 9.400000 400.800000 39.400000 38.900000 9.400000
5.200000 0.000000 9.400000 395.400000 39.400000 39.100000 9.400000
5.200000 0.000000 9.400000 390.100000 39.400000 39.200000 9.400000
5.200000 0.000000 9.400000 384.800000 39.400000 39.300000 9.400000
5.200000 0.000000 9.400000 479.500000 39.400000 39.400000 9.400000
5.200000 0.000000 9.400000 474.300000 39.400000 39.400000 9.400000
5.200000 0.000000 9.400000 469.100000 39.400000 39.400000 9.400000
5.200000 0.000000 9.400000 463.900000 39.400000 39.400000 9.400000
5.200000 0.000000 9.400000 458.700000 39.400000 39.400000 9.400000
5.200000 0.000000 9.400000 453.500000 39.400000 39.400000 9.400000
5.200000 0.000000 9.400000 448.300000 39.400000 39.400000 9.400000
5.200000 0.000000 9.400000 443.100000 39.400000 39.400000 9.400000
5.200000 0.000000 9.400000 437.900000 39.400000 39.400000 9.400000
5.200000 0.000000 9.400000 432.700000 39.400000 39.400000 9.400000
5.200000 0.000000 9.400000 427.500000 39.400000 39.400000 9.400000
5.200000 0.000000 9.400000 422.300000 39.400000 39.400000 9.400000
5.200000 0.000000 9.400000 417.100000 39.400000 39.400000 9.400000
5.200000 0.000000 9.400000 411.900000 39.400000 39.400000 9.400000
5.200000 0.000000 9.400000 406.700000 39.400000 39.400000 9.400000
5.200000 0.000000 9.400000 401.500000 39.400000 39.400000 9.400000
5.200000 0.000000 9.400000 396.300000 39.400000 39.400000 9.400000
5.200000 0.000000 9.400000 391.100000 39.400000 39.400000 9.400000
5.200000 0.000000 9.400000 385.800000 39.500000 39.400000 9.400000
5.200000 0.000000 9.400000 380.600000 39.500000 39.400000 9.400000
5.200000 0.000000 9.400000 375.400000 39.500000 39.400000 9.400000
5.200000 0.000000 9.400000 370.200000 39.500000 39.400000 9.400000
5.200000 0.000000 9.400000 365.000000 39.500000 39.400000 9.400000
5.200000 0.000000 9.400000 359.800000 39.500000 39.400000 9.400000
5.200000 0.000000 9.400000 354.600000 39.500000 39.400000 9.400000
5.200000 0.000000 9.400000 349.400000 39.500000 39.400000 9.400000
5.200000 0.000000 9.400000 344.200000 39.500000 39.400000 9.400000
5.200000 0.000000 9.400000 339.000000 39.500000 39.400000 9.400000
5.200000 0.000000 9.400000 333.800000 39.500000 39.400000 9.400000
5.200000 0.000000 9.400000 328.600000 39.500000 39.400000 9.400000
5.200000 0.000000 9.400000 323.400000 39.500000 39.400000 9.400000
5.200000 0.000000 9.400000 318.200000 39.500000 39.400000 9.400000
5.200000 0.000000 9.400000 313.000000 39.500000 39.400000 9.400000
5.200000 0.000000 9.400000 307.800000 39.500000 39.400000 9.400000
5.200000 0.000000 9.400000 302.600000 39.500000 39.400000 9.400000
5.200000 0.000000 9.400000 297.400000 39.500000 39.400000 9.400000
5.200000 0.000000 9.400000 292.200000 39.500000 39.400000 9.400000
5.200000 0.000000 9.400000 287.000000 39.500000 39.400000 9.400000
5.200000 0.000000 9.400000 281.800000 39.500000 39.400000 9.400000
5.200000 0.000000 9.400000 276.600000 39.500000 39.400000 9.400000
5.200000 0.000000 9.400000 271.400000 39.500000 39.400000 9.400000
5.200000 0.000000 9.400000 266.200000 39.500000 39.400000 9.400000
5.200000 0.000000 9.400000 261.000000 39.500000 39.400000 9.400000
5.200000 0.000000 9.400000 255.800000 39.500000 39.400000 9.400000
5.200000 0.000000 9.500000 250.600000 39.500000 39.300000 9.400000
5.300000 0.000000 9.400000 245.400000 39.500000 39.300000 9.400000
5.100000 0.000000 9.500000 240.200000 39.500000 39.300000 9.400000
5.200000 0.000000 9.500000 235.000000 39.500000 39.300000 9.400000
5.200000 0.000000 9.500000 229.800000 39.500000 39.300000 9.400000
5.200000 0.000000 9.500000 224.600000 39.500000 39.300000 9.400000
5.200000 0.000000 9.500000 220.800000 39.500000 37.900000 9.400000
5.200000 0.000000 9.500000 218.200000 39.500000 35.300000 9.400000
5.200000 0.000000 9.500000 215.600000 39.500000 32.700000 9.400000
5.200000 0.000000 9.500000 213.000000 39.500000 30.100000 9.400000
5.200000 0.000000 9.500000 210.400000 39.500000 27.500000 9.400000
5.200000 0.000000 9.500000 207.800000 39.500000 24.900000 9.400000
5.200000 0.000000 9.500000 205.200000 39.500000 22.300000 9.400000
5.200000 0.000000 9.500000 202.600000 39.500000 19.700000 9.400000
5.200000 0.000000 9.500000 200.000000 39.500000 17.100000 9.400000
5.200000 0.000000 9.500000 197.400000 39.500000 14.500000 9.400000
5.200000 0.000000 9.500000 194.800000 39.500000 11.900000 9.400000
5.200000 0.000000 9.500000 192.200000 39.500000 9.300000 9.400000
5.200000 0.000000 9.500000 189.600000 39.500000 6.700000 9.400000
5.200000 0.000000 9.500000 187.000000 39.500000 4.100000 9.400000
5.200000 0.000000 9.500000 184.400000 39.500000 1.500000 9.400000
5.200000 0.000000 8.400000 181.800000 39.500000 0.000000 9.400000
5.200000 0.000000 5.800000 179.200000 39.500000 0.000000 9.400000
5.200000 0.000000 3.200000 176.600000 39.500000 0.000000 9.400000
5.200000 0.000000 0.600000 174.000000 39.500000 0.000000 9.400000
3.200000 0.000000 0.000000 171.400000 39.500000 0.000000 9.400000
2.600000 0.000000 0.000000 168.800000 39.500000 0.000000 9.400000
2.600000 0.000000 0.000000 166.200000 39.500000 0.000000 9.400000
2.600000 0.000000 0.000000 163.600000 39.500000 0.000000 9.400000
2.600000 0.000000 0.000000 161.000000 39.500000 0.000000 9.400000
2.600000 0.000000 0.000000 158.400000 39.500000 0.000000 9.400000
2.600000 0.000000 0.000000 155.800000 39.500000 0.000000 9.400000
2.600000 0.000000 0.000000 153.200000 39.500000 0.000000 9.400000
2.600000 0.000000 0.000000 150.600000 39.500000 0.000000 9.400000
2.600000 0.000000 0.000000 148.000000 39.500000 0.000000 9.400000
2.600000 0.000000 0.000000 145.400000 39.500000 0.000000 9.400000
2.600000 0.000000 0.000000 142.800000 39.500000 0.000000 9.400000
2.600000 0.000000 0.000000 140.200000 39.500000 0.000000 9.400000
2.600000 0.000000 0.000000 137.600000 39.500000 0.000000 9.400000
2.600000 0.000000 0.000000 135.000000 39.500000 0.000000 9.400000
2.600000 0.000000 0.000000 132.400000 39.500000 0.000000 9.400000
2.600000 0.000000 0.000000 129.800000 39.500000 0.000000 9.400000
2.600000 0.000000 0.000000 127.200000 39.500000 0.000000 9.400000
2.600000 0.000000 0.000000 124.600000 39.500000 0.000000 9.400000
2.600000 0.000000 0.000000 122.000000 39.500000 0.000000 9.400000
2.600000 0.000000 0.000000 119.400000 39.500000 0.000000 9.400000
2.600000 0.000000 0.000000 116.800000 39.500000 0.000000 9.400000
2.600000 0.000000 0.000000 114.200000 39.500000 0.000000 9.400000
2.600000 0.000000 0.000000 111.600000 39.500000 0.000000 9.400000
2.600000 0.000000 0.000000 109.000000 39.500000 0.000000 9.400000
2.600000 0.000000 0.000000 106.400000 39.500000 0.000000 9.400000
2.600000 0.000000 0.000000 103.800000 39.500000 0.000000 9.400000
2.600000 0.000000 0.000000 101.200000 39.500000 0.000000 9.400000
2.600000 0.000000 0.000000 98.600000 39.500000 0.000000 9.400000
2.600000 0.000000 0.000000 96.000000 39.500000 0.000000 9.400000
2.600000 0.000000 0.000000 93.400000 39.500000 0.000000 9.400000
2.600000 0.000000 0.000000 90.800000 39.500000 0.000000 9.400000
2.600000 0.000000 0.000000 88.200000 39.500000 0.000000 9.400000
2.600000 0.000000 0.000000 85.600000 39.500000 0.000000 9.400000
2.600000 0.000000 0.000000 83.000000 39.500000 0.000000 9.400000
2.600000 0.000000 0.000000 80.400000 39.500000 0.000000 9.400000
2.600000 0.000000 0.000000 77.800000 39.500000 0.000000 9.400000
2.600000 0.000000 0.000000 75.200000 39.500000 0.000000 9.400000
2.600000 0.000000 0.000000 72.600000 39.500000 0.000000 9.400000
2.600000 0.000000 0.000000 70.000000 39.500000 0.000000 9.400000
2.600000 0.000000 0.000000 67.400000 39.500000 0.000000 9.400000
2.600000 0.000000 0.000000 64.800000 39.500000 0.000000 9.400000
2.600000 0.000000 0.000000 62.200000 39.500000 0.000000 9.400000
2.600000 0.000000 0.000000 59.600000 39.500000 0.000000 9.400000
2.600000 0.000000 0.000000 57.000000 39.500000 0.000000 9.400000
2.600000 0.000000 0.000000 54.400000 39.500000 0.000000 9.400000
2.600000 0.000000 0.000000 51.800000 39.500000 0.000000 9.400000
2.600000 0.000000 0.000000 49.200000 39.500000 0.000000 9.400000
2.600000 0.000000 0.000000 46.600000 39.500000 0.000000 9.400000
2.600000 0.000000 0.000000 44.000000 39.500000 0.000000 9.400000
2.600000 0.000000 0.000000 41.400000 39.500000 0.000000 9.400000
2.600000 0.000000 0.000000 38.800000 39.500000 0.000000 9.400000
2.600000 0.000000 0.000000 36.200000 39.500000 0.000000 9.400000
2.600000 0.000000 0.000000 33.600000 39.500000 0.000000 9.400000
2.600000 0.000000 0.000000 31.000000 39.500000 0.000000 9.400000
2.600000 0.000000 0.000000 28.400000 39.500000 0.000000 9.400000
2.600000 0.000000 0.000000 25.800000 39.500000 0.000000 9.400000
2.600000 0.000000 0.000000 23.200000 39.500000 0.000000 9.400000
2.600000 0.000000 0.000000 20.600000 39.500000 0.000000 9.400000
2.600000 0.000000 0.000000 18.000000 39.500000 0.000000 9.400000
2.600000 0.000000 0.000000 15.400000 39.500000 0.000000 9.400000
2.600000 0.000000 0.000000 12.800000 39.500000 0.000000 9.400000
2.600000 0.000000 0.000000 10.200000 39.500000 0.000000 9.400000
2.600000 0.000000 0.000000 7.600000 39.500000 0.000000 9.400000
2.600000 0.000000 0.000000 5.000000 39.500000 0.000000 9.400000
2.600000 0.000000 0.000000 2.400000 39.500000 0.000000 9.400000
2.600000 0.000000 0.000000 0.000000 39.300000 0.000000 9.400000
2.600000 0.000000 0.000000 0.000000 36.700000 0.000000 9.400000
2.600000 0.000000 0.000000 0.000000 34.100000 0.000000 9.400000
2.600000 0.000000 0.000000 0.000000 31.500000 0.000000 9.400000
2.600000 0.000000 0.000000 0.000000 28.900000 0.000000 9.400000
2.600000 0.000000 0.000000 0.000000 26.300000 0.000000 9.400000
2.600000 0.000000 0.000000 0.000000 23.700000 0.000000 9.400000
2.600000 0.000000 0.000000 0.000000 21.100000 0.000000 9.400000
2.600000 0.000000 0.000000 0.000000 18.500000 0.000000 9.400000
2.600000 0.000000 0.000000 0.000000 15.900000 0.000000 9.400000
2.600000 0.000000 0.000000 0.000000 13.300000 0.000000 9.400000
2.600000 0.000000 0.000000 0.000000 10.700000 0.000000 9.400000
2.600000 0.000000 0.000000 0.000000 8.100000 0.000000 9.400000
2.600000 0.000000 0.000000 0.000000 5.500000 0.000000 9.400000
2.600000 0.000000 0.000000 0.000000 2.900000 0.000000 9.400000
2.600000 0.000000 0.000000 0.000000 0.300000 0.000000 9.400000
2.600000 0.000000 0.000000 0.000000 0.000000 0.000000 7.100000
2.600000 0.000000 0.000000 0.000000 0.000000 0.000000 4.500000
2.600000 0.000000 0.000000 0.000000 0.000000 0.000000 1.900000
1.900000 0.000000 0.000000 0.000000 0.000000 0.000000 0.000000
0.000000 0.000000 0.000000 0.000000 0.000000 0.000000 0.000000
0.000000 0.000000 0.000000 0.000000 0.000000 0.000000 0.000000
0.000000 0.000000 0.000000 0.000000 0.000000 0.000000 0.000000
0.000000 0.000000 0.000000 0.000000 0.000000 0.000000 0.000000
0.000000 0.000000 0.000000 0.000000 0.000000 0.000000 0.000000
0.000000 0.000000 0.000000 0.000000 0.000000 0.000000 0.000000
0.000000 0.000000 0.000000 0.000000 0.000000 0.000000 0.000000
0.000000 0.000000 0.000000 0.000000 0.000000 0.000000 0.000000
0.000000 0.000000 0.000000 0.000000 0.000000 0.000000 0.000000
0.000000 0.000000 0.000000 0.000000 0.000000 0.000000 0.000000
0.000000 0.000000 0.000000 0.000000 0.000000 0.000000 0.000000
0.000000 0.000000 0.000000 0.000000 0.000000 0.000000 0.000000
0.000000 0.000000 0.000000 0.000000 0.000000 0.000000 0.000000
0.000000 0.000000 0.000000 0.000000 0.000000 0.000000 0.000000
0.000000 0.000000 0.000000 0.000000 0.000000 0.000000 0.000000
0.000000 0.000000 0.000000 0.000000 0.000000 0.000000 0.000000
0.000000 0.000000 0.000000 0.000000 0.000000 0.000000 0.000000
0.000000 0.000000 0.000000 0.000000 0.000000 0.000000 0.000000
0.000000 0.000000 0.000000 0.000000 0.000000 0.000000 0.000000
0.000000 0.000000 0.000000 0.000000 0.000000 0.000000 0.000000
0.000000 0.000000 0.000000 0.000000 0.000000 0.000000 0.000000
0.000000 0.000000 0.000000 0.000000 0.000000 0.000000 0.000000
0.000000 0.000000 0.000000 0.000000 0.000000 0.000000 0.000000
0.000000 0.000000 0.000000 0.000000 0.000000 0.000000 0.000000
0.000000 0.000000 0.000000 0.000000 0.000000 0.000000 0.000000
0.000000 0.000000 0.000000 0.000000 0.000000 0.000000 0.000000
0.000000 0.000000 0.000000 0.000000 0.000000 0.000000 0.000000
0.000000 0.000000 0.000000 0.000000 0.000000 0.000000 0.000000
0.000000 0.000000 0.000000 0.000000 0.000000 0.000000 0.000000
0.000000 0.000000 0.000000 0.000000 0.000000 0.000000 0.000000
0.000000 0.000000 0.000000 0.000000 0.000000 0.000000 0.000000
0.000000 0.000000 0.000000 0.000000 0.000000 0.000000 0.000000
0.000000 0.000000 0.000000 0.000000 0.000000 0.000000 0.000000
0.000000 0.000000 0.000000 0.000000 0.000000 0.000000 0.000000
0.000000 0.000000 0.000000 0.000000 0.000000 0.000000 0.000000
0.000000 0.000000 0.000000 0.000000 0.000000 0.000000 0.000000
0.000000 0.000000 0.000000 0.000000 0.000000 0.000000 0.000000
0.000000 0.000000 0.000000 0.000000 0.000000 0.000000 0.000000
0.000000 0.000000 0.000000 0.000000 0.000000 0.000000 0.000000
0.000000 0.000000 0.000000 0.000000 0.000000 0.000000 0.000000
0.000000 0.000000 0.000000 0.000000 0.000000 0.000000 0.000000
0.000000 0.000000 0.000000 0.000000 0.000000 0.000000 0.000000
0.000000 0.000000 0.000000 0.000000 0.000000 0.000000 0.000000
0.000000 0.000000 0.000000 0.000000 0.000000 0.000000 0.000000
0.000000 0.000000 0.000000 0.000000 0.000000 0.000000 0.000000
0.000000 0.000000 0.000000 0.000000 0.000000 0.000000 0.000000
0.000000 0.000000 0.000000 0.000000 0.000000 0.000000 0.000000
0.000000 0.000000 0.000000 0.000000 0.000000 0.000000 0.000000
0.000000 0.000000 0.000000 0.000000 0.000000 0.000000 0.000000
0.000000 0.000000 0.000000 0.000000 0.000000 0.000000 0.000000
0.000000 0.000000 0.000000 0.000000 0.000000 0.000000 0.000000
0.000000 0.000000 0.000000 0.000000 0.000000 0.000000 0.000000
0.000000 0.000000 0.000000 0.000000 0.000000 0.000000 0.000000
0.000000 0.000000 0.000000 0.000000 0.000000 0.000000 0.000000
0.000000 0.000000 0.000000 0.000000 0.000000 0.000000 0.000000
0.000000 0.000000 0.000000 0.000000 0.000000 0.000000 0.000000
0.000000 0.000000 0.000000 0.000000 0.000000 0.000000 0.000000
0.000000 0.000000 0.000000 0.000000 0.000000 0.000000 0.000000
0.000000 0.000000 0.000000 0.000000 0.000000 0.000000 0.000000
0.000000 0.000000 0.000000 0.000000 0.000000 0.000000 0.000000
0.000000 0.000000 0.000000 0.000000 0.000000 0.000000 0.000000
0.000000 0.000000 0.000000 0.000000 0.000000 0.000000 0.000000
0.000000 0.000000 0.000000 0.000000 0.000000 0.000000 0.000000
0.000000 0.000000 0.000000 0.000000 0.000000 0.000000 0.000000
0.000000 0.000000 0.000000 0.000000 0.000000 0.000000 0.000000
0.000000 0.000000 0.000000 0.000000 0.000000 0.000000 0.000000
0.000000 0.000000 0.000000 0.000000 0.000000 0.000000 0.000000
0.000000 0.000000 0.000000 0.000000 0.000000 0.000000 0.000000
0.000000 0.000000 0.000000 0.000000 0.000000 0.000000 0.000000
0.000000 0.000000 0.000000 0.000000 0.000000 0.000000 0.000000
0.000000 0.000000 0.000000 0.000000 0.000000 0.000000 0.000000
0.000000 0.000000 0.000000 0.000000 0.000000 0.000000 0.000000
0.000000 0.000000 0.000000 0.000000 0.000000 0.000000 0.000000
0.000000 0.000000 0.000000 0.000000 0.000000 0.000000 0.000000
0.000000 0.000000 0.000000 0.000000 0.000000 0.000000 0.000000
0.000000 0.000000 0.000000 0.000000 0.000000 0.000000 0.000000
0.000000 0.000000 0.000000 0.000000 0.000000 0.000000 0.000000
0.000000 0.000000 0.000000 0.000000 0.000000 0.000000 0.000000
0.000000 0.000000 0.000000 0.000000 0.000000 0.000000 0.000000
0.000000 0.000000 0.000000 0.000000 0.000000 0.000000 0.000000
0.000000 0.000000 0.000000 0.000000 0.000000 0.000000 0.000000
0.000000 0.000000 0.000000 0.000000 0.000000 0.000000 0.000000
0.000000 0.000000 0.000000 0.000000 0.000000 0.000000 0.000000
0.000000 0.000000 0.000000 0.000000 0.000000 0.000000 0.000000
0.000000 0.000000 0.000000 0.000000 0.000000 0.000000 0.000000
0.000000 0.000000 0.000000 0.000000 0.000000 0.000000 0.000000
0.000000 0.000000 0.000000 0.000000 0.000000 0.000000 0.000000
0.000000 0.000000 0.000000 0.000000 0.000000 0.000000 0.000000
0.000000 0.000000 0.000000 0.000000 0.000000 0.000000 0.000000
0.000000 0.000000 0.000000 0.000000 0.000000 0.000000 0.000000
0.000000 0.000000 0.000000 0.000000 0.000000 0.000000 0.000000
0.000000 0.000000 0.000000 0.000000 0.000000 0.000000 0.000000
0.000000 0.000000 0.000000 0.000000 0.000000 0.000000 0.000000
0.000000 0.000000 0.000000 0.000000 0.000000 0.000000 0.000000
0.000000 0.000000 0.000000 0.000000 0.000000 0.000000 0.000000
0.000000 0.000000 0.000000 0.000000 0.000000 0.000000 0.000000
0.000000 0.000000 0.000000 0.000000 0.000000 0.000000 0.000000
0.000000 0.000000 0.000000 0.000000 0.000000 0.000000 0.000000
0.000000 0.000000 0.000000 0.000000 0.000000 0.000000 0.000000
0.000000 0.000000 0.000000 0.000000 0.000000 0.000000 0.000000
0.000000 0.000000 0.000000 0.000000 0.000000 0.000000 0.000000
0.000000 0.000000 0.000000 0.000000 0.000000 0.000000 0.000000
0.000000 0.000000 0.000000 0.000000 0.000000 0.000000 0.000000
0.000000 0.000000 0.000000 0.000000 0.000000 0.000000 0.000000
0.000000 0.000000 0.000000 0.000000 0.000000 0.000000 0.000000
0.000000 0.000000 0.000000 0.000000 0.000000 0.000000 0.000000
0.000000 0.000000 0.000000 0.000000 0.000000 0.000000 0.000000
0.000000 0.000000 0.000000 0.000000 0.000000 0.000000 0.000000
0.000000 0.000000 0.000000 0.000000 0.000000 0.000000 0.000000
0.000000 0.000000 0.000000 0.000000 0.000000 0.000000 0.000000
0.000000 0.000000 0.000000 0.000000 0.000000 0.000000 0.000000
0.000000 0.000000 0.000000 0.000000 0.000000 0.000000 0.000000
0.000000 0.000000 0.000000 0.000000 0.000000 0.000000 0.000000
0.000000 0.000000 0.000000 0.000000 0.000000 0.000000 0.000000
0.000000 0.000000 0.000000 0.000000 0.000000 0.000000 0.000000
0.000000 0.000000 0.000000 0.000000 0.000000 0.000000 0.000000
0.000000 0.000000 0.000000 0.000000 0.000000 0.000000 0.000000
0.000000 0.000000 0.000000 0.000000 0.000000 0.000000 0.000000
0.000000 0.000000 0.000000 0.000000 0.000000 0.000000 0.000000
0.000000 0.000000 0.000000 0.000000 0.000000 0.000000 0.000000
0.000000 0.000000 0.000000 0.000000 0.000000 0.000000 0.000000
0.000000 0.000000 0.000000 0.000000 0.000000 0.000000 0.000000
0.000000 0.000000 0.000000 0.000000 0.000000 0.000000 0.000000
0.000000 0.000000 0.000000 0.000000 0.000000 0.000000 0.000000
0.000000 0.000000 0.000000 0.000000 0.000000 0.000000 0.000000
0.000000 0.000000 0.000000 0.000000 0.000000 0.000000 0.000000
0.000000 0.000000 0.000000 0.000000 0.000000 0.000000 0.000000
0.000000 0.000000 0.000000 0.000000 0.000000 0.000000 0.000000
0.000000 0.000000 0.000000 0.000000 0.000000 0.000000 0.000000
0.000000 0.000000 0.000000 0.000000 0.000000 0.000000 0.000000
0.000000 0.000000 0.000000 0.000000 0.000000 0.000000 0.000000
0.000000 0.000000 0.000000 0.000000 0.000000 0.000000 0.000000
0.000000 0.000000 0.000000 0.000000 0.000000 0.000000 0.000000
0.000000 0.000000 0.000000 0.000000 0.000000 0.000000 0.000000
0.000000 0.000000 0.000000 0.000000 0.000000 0.000000 0.000000
0.000000 0.000000 0.000000 0.000000 0.000000 0.000000 0.000000
0.000000 0.000000 0.000000 0.000000 0.000000 0.000000 0.000000
0.000000 0.000000 0.000000 0.000000 0.000000 0.000000 0.000000
0.000000 0.000000 0.000000 0.000000 0.000000 0.000000 0.000000
0.000000 0.000000 0.000000 0.000000 0.000000 0.000000 0.000000
0.000000 0.000000 0.000000 0.000000 0.000000 0.000000 0.000000
0.000000 0.000000 0.000000 0.000000 0.000000 0.000000 0.000000
0.000000 0.000000 0.000000 0.000000 0.000000 0.000000 0.000000
0.000000 0.000000 0.000000 0.000000 0.000000 0.000000 0.000000
0.000000 0.000000 0.000000 0.000000 0.000000 0.000000 0.000000
0.000000 0.000000 0.000000 0.000000 0.000000 0.000000 0.000000
0.000000 0.000000 0.000000 0.000000 0.000000 0.000000 0.000000
0.000000 0.000000 0.000000 0.000000 0.000000 0.000000 0.000000
0.000000 0.000000 0.000000 0.000000 0.000000 0.000000 0.000000
0.000000 0.000000 0.000000 0.000000 0.000000 0.000000 0.000000
0.000000 0.000000 0.000000 0.000000 0.000000 0.000000 0.000000
0.000000 0.000000 0.000000 0.000000 0.000000 0.000000 0.000000
0.000000 0.000000 0.000000 0.000000 0.000000 0.000000 0.000000
0.000000 0.000000 0.000000 0.000000 0.000000 0.000000 0.000000
0.000000 0.000000 0.000000 0.000000 0.000000 0.000000 0.000000
0.000000 0.000000 0.000000 0.000000 0.000000 0.000000 0.000000
0.000000 0.000000 0.000000 0.000000 0.000000 0.000000 0.000000
0.000000 0.000000 0.000000 0.000000 0.000000 0.000000 0.000000
0.000000 0.000000 0.000000 0.000000 0.000000 0.000000 0.000000
0.000000 0.000000 0.000000 0.000000 0.000000 0.000000 0.000000
0.000000 0.000000 0.000000 0.000000 0.000000 0.000000 0.000000
0.000000 0.000000 0.000000 0.000000 0.000000 0.000000 0.000000
0.000000 0.000000 0.000000 0.000000 0.000000 0.000000 0.000000
0.000000 0.000000 0.000000 0.000000 0.000000 0.000000 0.000000
0.000000 0.000000 0.000000 0.000000 0.000000 0.000000 0.000000
0.000000 0.000000 0.000000 0.000000 0.000000 0.000000 0.000000
0.000000 0.000000 0.000000 0.000000 0.000000 0.000000 0.000000
0.000000 0.000000 0.000000 0.000000 0.000000 0.000000 0.000000
0.000000 0.000000 0.000000 0.000000 0.000000 0.000000 0.000000
0.000000 0.000000 0.000000 0.000000 0.000000 0.000000 0.000000
0.000000 0.000000 0.000000 0.000000 0.000000 0.000000 0.000000
0.000000 0.000000 0.000000 0.000000 0.000000 0.000000 0.000000
0.000000 0.000000 0.000000 0.000000 0.000000 0.000000 0.000000
0.000000 0.000000 0.000000 0.000000 0.000000 0.000000 0.000000
0.000000 0.000000 0.000000 0.000000 0.000000 0.000000 0.000000
0.000000 0.000000 0.000000 0.000000 0.000000 0.000000 0.000000
0.000000 0.000000 0.000000 0.000000 0.000000 0.000000 0.000000
0.000000 0.000000 0.000000 0.000000 0.000000 0.000000 0.000000
0.000000 0.000000 0.000000 0.000000 0.000000 0.000000 0.000000
0.000000 0.000000 0.000000 0.000000 0.000000 0.000000 0.000000
0.000000 0.000000 0.000000 0.000000 0.000000 0.000000 0.000000
0.000000 0.000000 0.000000 0.000000 0.000000 0.000000 0.000000
0.000000 0.000000 0.000000 0.000000 0.000000 0.000000 0.000000
0.000000 0.000000 0.000000 0.000000 0.000000 0.000000 0.000000
0.000000 0.000000 0.000000 0.000000 0.000000 0.000000 0.000000
0.000000 0.000000 0.000000 0.000000 0.000000 0.000000 0.000000
0.000000 0.000000 0.000000 0.000000 0.000000 0.000000 0.000000
0.000000 0.000000 0.000000 0.000000 0.000000 0.000000 0.000000
0.000000 0.000000 0.000000 0.000000 0.000000 0.000000 0.000000
0.000000 0.000000 0.000000 0.000000 0.000000 0.000000 0.000000
0.000000 0.000000 0.000000 0.000000 0.000000 0.000000 0.000000
0.000000 0.000000 0.000000 0.000000 0.000000 0.000000 0.000000
0.000000 0.000000 0.000000 0.000000 0.000000 0.000000 0.000000
0.000000 0.000000 0.000000 0.000000 0.000000 0.000000 0.000000
0.000000 0.000000 0.000000 0.000000 0.000000 0.000000 0.000000
0.000000 0.000000 0.000000 0.000000 0.000000 0.000000 0.000000
0.000000 0.000000 0.000000 0.000000 0.000000 0.000000 0.000000
0.000000 0.000000 0.000000 0.000000 0.000000 0.000000 0.000000
0.000000 0.000000 0.000000 0.000000 0.000000 0.000000 0.000000
0.000000 0.000000 0.000000 0.000000 0.000000 0.000000 0.000000
0.000000 0.000000 0.000000 0.000000 0.000000 0.000000 0.000000
0.000000 0.000000 0.000000 0.000000 0.000000 0.000000 0.000000
0.000000 0.000000 0.000000 0.000000 0.000000 0.000000 0.000000
0.000000 0.000000 0.000000 0.000000 0.000000 0.000000 0.000000
0.000000 0.000000 0.000000 0.000000 0.000000 0.000000 0.000000
0.000000 0.000000 0.000000 0.000000 0.000000 0.000000 0.000000
0.000000 0.000000 0.000000 0.000000 0.000000 0.000000 0.000000
0.000000 0.000000 0.000000 0.000000 0.000000 0.000000 0.000000
0.000000 0.000000 0.000000 0.000000 0.000000 0.000000 0.000000
0.000000 0.000000 0.000000 0.000000 0.000000 0.000000 0.000000
0.000000 0.000000 0.000000 0.000000 0.000000 0.000000 0.000000
0.000000 0.000000 0.000000 0.000000 0.000000 0.000000 0.000000
0.000000 0.000000 0.000000 0.000000 0.000000 0.000000 0.000000
0.000000 0.000000 0.000000 0.000000 0.000000 0.000000 0.000000
0.000000 0.000000 0.000000 0.000000 0.000000 0.000000 0.000000
0.000000 0.000000 0.000000 0.000000 0.000000 0.000000 0.000000
0.000000 0.000000 0.000000 0.000000 0.000000 0.000000 0.000000
0.000000 0.000000 0.000000 0.000000 0.000000 0.000000 0.000000
0.000000 0.000000 0.000000 0.000000 0.000000 0.000000 0.000000
0.000000 0.000000 0.000000 0.000000 0.000000 0.000000 0.000000
0.000000 0.000000 0.000000 0.000000 0.000000 0.000000 0.000000
0.000000 0.000000 0.000000 0.000000 0.000000 0.000000 0.000000
0.000000 0.000000 0.000000 0.000000 0.000000 0.000000 0.000000
0.000000 0.000000 0.000000 0.000000 0.000000 0.000000 0.000000
0.000000 0.000000 0.000000 0.000000 0.000000 0.000000 0.000000
0.000000 0.000000 0.000000 0.000000 0.000000 0.000000 0.000000
0.000000 0.000000 0.000000 0.000000 0.000000 0.000000 0.000000
0.000000 0.000000 0.000000 0.000000 0.000000 0.000000 0.000000
0.000000 0.000000 0.000000 0.000000 0.000000 0.000000 0.000000
0.000000 0.000000 0.000000 0.000000 0.000000 0.000000 0.000000
0.000000 0.000000 0.000000 0.000000 0.000000 0.000000 0.000000
0.000000 0.000000 0.000000 0.000000 0.000000 0.000000 0.000000
0.000000 0.000000 0.000000 0.000000 0.000000 0.000000 0.000000
0.000000 0.000000 0.000000 0.000000 0.000000 0.000000 0.000000
0.000000 0.000000 0.000000 0.000000 0.000000 0.000000 0.000000
0.000000 0.000000 0.000000 0.000000 0.000000 0.000000 0.000000
0.000000 0.000000 0.000000 0.000000 0.000000 0.000000 0.000000
0.000000 0.000000 0.000000 0.000000 0.000000 0.000000 0.000000
0.000000 0.000000 0.000000 0.000000 0.000000 0.000000 0.000000
0.000000 0.000000 0.000000 0.000000 0.000000 0.000000 0.000000
0.000000 0.000000 0.000000 0.000000 0.000000 0.000000 0.000000
0.000000 0.000000 0.000000 0.000000 0.000000 0.000000 0.000000
0.000000 0.000000 0.000000 0.000000 0.000000 0.000000 0.000000
0.000000 0.000000 0.000000 0.000000 0.000000 0.000000 0.000000
0.000000 0.000000 0.000000 0.000000 0.000000 0.000000 0.000000
0.000000 0.000000 0.000000 0.000000 0.000000 0.000000 0.000000
0.000000 0.000000 0.000000 0.000000 0.000000 0.000000 0.000000
0.000000 0.000000 0.000000 0.000000 0.000000 0.000000 0.000000
0.000000 0.000000 0.000000 0.000000 0.000000 0.000000 0.000000
0.000000 0.000000 0.000000 0.000000 0.000000 0.000000 0.000000
0.000000 0.000000 0.000000 0.000000 0.000000 0.000000 0.000000
0.000000 0.000000 0.000000 0.000000 0.000000 0.000000 0.000000
0.000000 0.000000 0.000000 0.000000 0.000000 0.000000 0.000000
0.000000 0.000000 0.000000 0.000000 0.000000 0.000000 0.000000
0.000000 0.000000 0.000000 0.000000 0.000000 0.000000 0.000000
