#ID Type LEN(mile) FFS_car(mile/h) Cap_car(v/hour) RHOJ_car(v/miles) Lane FFS_truck(mile/h) Cap_truck(v/hour) RHOJ_truck(v/miles) Convert_factor(1)
1 PQ 1.0 99999.0 99999.0 99999.0 1 99999.0 99999.0 99999.0 2.1
2 CTM 0.55 35.0 2200.0 200.0 2 25.0 1200.0 80.0 2.1
3 CTM 0.55 35.0 2200.0 200.0 2 25.0 1200.0 80.0 2.1
4 CTM 0.55 35.0 2200.0 200.0 1 25.0 1200.0 80.0 2.1
5 CTM 0.55 35.0 2200.0 200.0 1 25.0 1200.0 80.0 2.1
6 CTM 0.55 35.0 2200.0 200.0 1 25.0 1200.0 80.0 2.1
7 PQ 1.0 99999.0 99999.0 99999.0 1 99999.0 99999.0 99999.0 2.1
8 PQ 1.0 99999.0 99999.0 99999.0 1 99999.0 99999.0 99999.0 2.1
101 PQ 1.0 99999.0 99999.0 99999.0 1 99999.0 99999.0 99999.0 2.1
106 PQ 1.0 99999.0 99999.0 99999.0 1 99999.0 99999.0 99999.0 2.1
