#ID Type LEN(mile) FFS(mile/h) Cap(v/hour) RHOJ(v/miles) Lane
1 CTM 1 50 6000 540 1
2 CTM 0.5 50 2000 180 1
3 CTM 2 50 6000 540 1
4 CTM 0.5 50 2000 180 1
5 CTM 2 50 6000 540 1
6 CTM 0.5 50 2000 180 1
7 CTM 1 50 4000 360 1
8 CTM 0.5 50 2000 180 1
9 CTM 1 50 6000 540 1
10 PQ 1 99999 99999 99999 1
11 PQ 1 99999 99999 99999 1
12 PQ 1 99999 99999 99999 1
13 PQ 1 99999 99999 99999 1
14 PQ 1 99999 99999 99999 1
15 PQ 1 99999 99999 99999 1
16 CTM 2 30 2000 180 1
17 CTM 2 30 2000 180 1
18 CTM 1 30 2000 180 1