7 2 1 3 4 5 6
0.000000 0.000000 8.333333 0.000000 0.000000 0.000000 0.000000
1.250000 30.650000 85.350000 0.000000 5.250000 0.000000 0.000000
3.000000 69.350000 128.816667 0.000000 9.000000 0.000000 0.000000
3.000000 106.550000 172.283333 0.000000 9.000000 0.000000 0.000000
3.000000 143.750000 215.750000 0.000000 9.000000 0.000000 0.000000
3.000000 180.950000 267.550000 0.000000 9.000000 0.000000 0.000000
3.000000 218.150000 319.350000 0.000000 9.000000 0.000000 0.000000
3.000000 255.350000 362.816667 0.000000 9.000000 0.000000 0.000000
3.000000 292.550000 406.283333 0.000000 9.000000 0.000000 0.000000
3.000000 329.750000 374.750000 0.000000 9.000000 0.000000 0.000000
3.000000 366.950000 301.550000 0.000000 9.000000 0.000000 0.000000
3.000000 404.150000 228.350000 0.000000 9.000000 0.000000 0.000000
3.000000 441.350000 155.150000 0.000000 9.000000 0.000000 0.000000
3.000000 478.550000 81.950000 0.000000 9.000000 0.000000 0.000000
3.000000 510.500000 14.000000 0.000000 9.000000 0.000000 0.000000
3.000000 488.500000 0.000000 0.000000 9.000000 0.000000 0.000000
3.000000 452.500000 0.000000 0.000000 9.000000 0.000000 0.000000
3.000000 416.500000 0.000000 0.000000 9.000000 0.000000 0.000000
3.000000 380.500000 0.000000 0.000000 9.000000 0.000000 0.000000
3.000000 344.500000 0.000000 0.000000 9.000000 0.000000 0.000000
3.000000 308.500000 0.000000 0.000000 9.000000 0.000000 0.000000
3.000000 272.500000 0.000000 0.000000 9.000000 0.000000 0.000000
3.000000 236.500000 0.000000 0.000000 9.000000 0.000000 0.000000
3.000000 200.500000 0.000000 0.000000 9.000000 0.000000 0.000000
3.000000 164.500000 0.000000 0.000000 9.000000 0.000000 0.000000
3.000000 128.500000 0.000000 0.000000 9.000000 0.000000 0.000000
3.000000 92.500000 0.000000 0.000000 9.000000 0.000000 0.000000
3.000000 56.500000 0.000000 0.000000 9.000000 0.000000 0.000000
3.000000 20.500000 0.000000 0.000000 9.000000 0.000000 0.000000
