#EdgeID FromVirtualBusstopID ToVirtualBusstopID LEN(mile) FFTT(h) RouteID(each link belongs only one route ID, MultiGraph) <overlapped driving link IDs>
1001 222001 222002 1.18 0.00721 1 17 5
1002 222002 222003 0.18 0.0072 1 5
1003 222003 222004 0.37 0.0148 1 5 10
1004 222004 222005 0.18 0.0072 1 10
1005 222005 222006 1.37 0.01481 1 10 20
1006 333001 333002 1.075 0.003 2 17 3
1007 333002 333003 0.155 0.0062 2 3 6
1008 333003 333004 0.08 0.0032 2 6
1009 333004 333005 0.17 0.0068 2 6 11
1010 333005 333006 0.08 0.0032 2 11
1011 333006 333007 0.165 0.0066 2 11 14
1012 333007 333008 1.075 0.003 2 14 21
1013 444001 444002 1.18 0.00721 3 18 7
1014 444002 444003 0.18 0.0072 3 7
1015 444003 444004 0.37 0.0148 3 7 12
1016 444004 444005 0.18 0.0072 3 12
1017 444005 444006 1.37 0.01481 3 12 21
1018 555001 555002 1.075 0.003 4 18 4
1019 555002 555003 0.155 0.0062 4 4 6
1020 555003 555004 0.08 0.0032 4 6
1021 555004 555005 0.17 0.0068 4 6 11
1022 555005 555006 0.08 0.0032 4 11
1023 555006 555007 0.165 0.0066 4 11 13
1024 555007 555008 1.075 0.003 4 13 20
