#ID Type LEN(mile) FFS(mile/h) Cap(v/hour) RHOJ(v/miles) Lane
1 CTM 0.5 34.0 2000.0 200.0 2
2 CTM 0.5 21.0 2000.0 200.0 2
3 CTM 0.5 33.0 2000.0 200.0 2
4 CTM 0.5 27.0 2000.0 200.0 2
5 CTM 0.5 46.0 2000.0 200.0 2
6 CTM 0.5 21.0 2000.0 200.0 2
7 CTM 0.5 46.0 2000.0 200.0 2
8 CTM 0.5 37.0 2000.0 200.0 2
9 CTM 0.5 22.0 2000.0 200.0 2
10 CTM 0.5 22.0 2000.0 200.0 2
11 CTM 0.5 38.0 2000.0 200.0 2
12 CTM 0.5 36.0 2000.0 200.0 2
13 CTM 0.5 40.0 2000.0 200.0 2
14 CTM 0.5 39.0 2000.0 200.0 2
15 CTM 0.5 28.0 2000.0 200.0 2
16 CTM 0.5 20.0 2000.0 200.0 2
17 CTM 0.5 21.0 2000.0 200.0 2
18 CTM 0.5 40.0 2000.0 200.0 2
19 CTM 0.5 34.0 2000.0 200.0 2
20 CTM 0.5 33.0 2000.0 200.0 2
21 CTM 0.5 49.0 2000.0 200.0 2
22 CTM 0.5 46.0 2000.0 200.0 2
23 CTM 0.5 49.0 2000.0 200.0 2
24 CTM 0.5 46.0 2000.0 200.0 2
25 PQ 1.0 99999.0 99999.0 99999.0 1
27 PQ 1.0 99999.0 99999.0 99999.0 1
28 PQ 1.0 99999.0 99999.0 99999.0 1
29 PQ 1.0 99999.0 99999.0 99999.0 1