0.069326
0.081882
0.081830
0.081639
0.081485
0.083289
0.083112
0.083766
0.084055
0.085642
0.078321
0.077899
0.074825
0.047706
0.040072
0.031251
0.023217
0.020728
0.015975
0.010569
0.009581
0.004977
0.003053
0.002748
0.002473
0.002226
0.001982
0.001803
0.001623
0.001460
0.001314
0.001183
0.001065
0.000957
0.000862
0.000685
0.000708
0.000555
0.000581
0.000449
0.000372
0.000364
0.001455
0.003652
0.000265
0.002455
0.002409
0.000191
0.000174
0.001242
0.000141
0.000127
0.000114
0.000103
0.002237
0.001141
0.000218
0.000067
0.000061
0.000055
0.001108
0.000044
0.000178
0.001097
0.000032
0.000029
0.000026
0.000024
0.000161
0.000019
0.002139
0.000014
0.000152
0.001076
0.000011
0.000010
0.000009
0.001057
0.000158
0.001057
0.000155
0.001057
0.000152
0.000137
0.002143
0.000004
0.000003
0.001058
0.000147
0.000002
0.000132
0.002147
0.000002
0.001059
0.000001
0.001033
0.000157
0.000001
0.001045
0.000001
