7 6 5 1 2 3 4
0.036000 12.000000 12.000000 3.603604 12.000000 12.000000 12.000000
0.036000 12.000000 12.000000 3.383577 12.000000 12.000000 12.000000
0.036000 12.000000 12.000000 3.163578 12.000000 12.000000 12.000000
0.036000 12.000000 12.000000 2.943605 12.695546 12.000000 12.000000
0.036000 12.000000 12.000000 2.723659 16.405594 12.000000 12.000000
0.108003 12.000000 12.000000 2.503740 20.713105 12.000000 12.000000
0.108003 12.000000 12.000000 2.283848 25.775039 12.000000 12.000000
0.086402 12.000000 12.000000 2.078399 30.965805 12.000000 12.000000
0.093602 12.000000 12.000000 1.894597 35.636364 12.000000 12.000000
0.093602 12.000000 12.000000 1.728830 39.648903 12.000000 12.144811
0.093602 12.000000 12.000000 5.184255 42.961413 12.000000 13.031941
0.093602 12.000000 12.000000 4.819644 45.948440 12.000000 13.951626
0.093602 12.000000 12.000000 4.465933 48.175549 12.000000 14.905692
0.093602 12.000000 12.000000 4.119509 50.181818 12.695546 15.644981
0.093602 12.000000 12.000000 3.776758 52.284775 16.405594 16.149630
0.201611 12.000000 12.000000 3.437680 54.491582 20.713105 16.405594
0.201611 12.000000 12.000000 3.098665 56.810127 25.775039 16.664032
0.180009 12.000000 12.000000 2.777742 58.833856 30.965805 16.924978
0.183609 12.000000 12.000000 2.482110 60.946736 35.636364 16.924978
0.187210 12.000000 12.363636 2.208154 62.705259 39.648903 16.924978
0.187210 12.000000 13.258741 5.559773 64.066116 42.961413 16.924978
0.187210 12.000000 14.186845 5.314233 65.464600 45.639743 16.924978
0.187210 12.000000 15.149808 5.079557 66.418605 47.850104 16.924978
0.187210 12.000000 15.896104 4.848521 67.390525 50.181818 16.924978
0.187210 12.000000 16.405594 4.621124 68.380870 52.645161 16.924978
0.187210 12.000000 16.664032 4.404582 68.883117 54.870023 16.924978
0.187210 12.000000 16.924978 4.188067 69.390170 57.208012 16.924978
0.187210 12.000000 16.924978 3.975185 69.902098 59.667984 16.924978
0.187210 12.000000 16.924978 3.765935 70.418972 61.818182 16.924978
0.187210 12.000000 16.924978 3.621640 62.705259 63.608392 16.924978
0.187210 12.000000 16.924978 7.127684 52.284775 64.994162 16.924978
0.187210 12.000000 16.924978 6.878317 57.609284 66.418605 16.924978
0.187210 12.000000 16.924978 6.647051 61.818182 67.390525 16.924978
0.187210 12.000000 16.924978 6.426652 64.994162 68.380870 16.924978
0.187210 12.000000 16.924978 6.220731 66.902294 68.883117 16.924978
0.187210 12.000000 16.924978 6.018445 68.380870 69.390170 16.924978
0.187210 12.000000 16.924978 5.819793 69.390170 69.902098 16.924978
0.187210 12.000000 16.924978 5.628386 69.902098 69.902098 16.924978
0.187210 12.000000 16.924978 5.436999 70.418972 69.902098 16.924978
0.187210 12.000000 16.924978 5.245632 70.940865 69.902098 16.924978
0.187210 12.000000 16.924978 8.668021 70.940865 70.418972 16.924978
0.187210 12.000000 16.924978 8.476311 70.940865 70.940865 16.924978
0.187210 12.000000 16.924978 8.288238 70.940865 70.940865 16.924978
0.187210 12.000000 16.924978 8.100185 70.940865 70.940865 16.924978
0.187210 12.000000 16.924978 7.912152 70.940865 70.940865 16.924978
0.187210 12.000000 16.924978 7.724138 70.940865 70.940865 16.924978
0.187210 12.000000 16.924978 7.536143 70.940865 70.940865 16.924978
0.187210 12.000000 16.924978 7.348168 70.940865 70.940865 16.924978
0.187210 12.000000 16.924978 7.160213 70.940865 70.940865 16.924978
0.187210 12.000000 16.924978 6.972278 70.940865 70.940865 16.924978
0.187210 12.000000 16.924978 10.401567 70.940865 70.940865 16.924978
0.187210 12.000000 16.924978 10.213294 70.940865 70.940865 16.924978
0.187210 12.000000 16.924978 10.025040 70.940865 70.940865 16.924978
0.187210 12.000000 16.924978 9.836806 70.940865 70.940865 16.924978
0.187210 12.000000 16.924978 9.648591 70.940865 70.940865 16.924978
0.187210 12.000000 16.924978 9.460396 70.940865 70.940865 16.924978
0.187210 12.000000 16.924978 9.272221 70.940865 70.940865 16.924978
0.187210 12.000000 16.924978 9.084065 70.940865 70.940865 16.924978
0.187210 12.000000 16.924978 8.895929 70.940865 70.940865 16.924978
0.187210 12.000000 16.924978 8.707812 70.940865 70.940865 16.924978
0.187210 12.000000 16.924978 12.140404 70.940865 70.940865 16.924978
0.187210 12.000000 16.924978 11.951949 70.940865 70.940865 16.924978
0.187210 12.000000 16.924978 11.763514 70.940865 70.940865 16.924978
0.187210 12.000000 16.924978 11.575099 70.940865 70.940865 16.924978
0.187210 12.000000 16.924978 11.386703 70.940865 70.940865 16.924978
0.187210 12.000000 16.924978 11.194704 70.940865 71.467849 16.924978
0.187210 12.000000 16.924978 11.006348 70.940865 71.467849 16.924978
0.187210 12.000000 16.924978 10.818011 70.940865 71.467849 16.924978
0.187210 12.000000 16.924978 10.629694 70.940865 71.467849 16.924978
0.187210 12.000000 16.924978 10.441397 70.940865 71.467849 16.924978
0.187210 12.000000 16.924978 13.877289 70.940865 71.467849 16.924978
0.187210 12.000000 16.924978 13.688653 70.418972 71.467849 17.188470
0.190810 12.000000 16.924978 13.500037 70.418972 71.467849 16.924978
0.187210 12.000000 16.924978 13.307813 70.940865 71.467849 16.924978
0.187210 12.000000 16.924978 13.119236 70.940865 71.467849 16.924978
0.187210 12.000000 16.924978 12.930679 70.940865 71.467849 16.924978
0.187210 12.000000 16.924978 12.742142 70.940865 71.467849 16.924978
0.187210 12.000000 16.924978 12.553624 70.940865 71.467849 16.924978
0.187210 12.000000 16.924978 12.365126 70.940865 71.467849 16.924978
0.187210 12.000000 16.924978 12.176648 70.418972 71.467849 17.188470
0.190810 12.000000 16.924978 15.615846 70.418972 71.467849 16.924978
0.187210 12.000000 16.924978 15.423397 70.940865 71.467849 16.924978
0.183609 12.000000 16.924978 15.234599 70.940865 71.467849 17.188470
0.187210 12.000000 16.924978 15.045821 70.940865 71.467849 17.188470
0.187210 12.000000 16.924978 14.857063 70.940865 71.467849 17.188470
0.187210 12.000000 16.924978 14.668325 70.940865 71.467849 17.188470
0.187210 12.000000 16.924978 14.479606 70.940865 71.467849 17.188470
0.187210 12.000000 17.188470 14.290907 70.940865 70.940865 17.188470
0.190810 12.000000 16.924978 14.102227 70.940865 70.940865 17.188470
0.187210 12.000000 16.924978 13.913568 70.940865 70.940865 17.188470
0.187210 12.000000 16.924978 17.356075 70.940865 70.940865 17.188470
0.187210 12.000000 16.924978 17.167076 70.940865 70.940865 17.188470
0.187210 12.000000 16.924978 16.978096 70.940865 70.940865 17.188470
0.187210 12.000000 16.924978 16.789136 70.940865 70.940865 17.188470
0.187210 12.000000 16.924978 16.600196 70.940865 70.940865 17.188470
0.187210 12.000000 16.924978 16.411275 70.940865 70.940865 17.188470
0.187210 12.000000 16.924978 16.222374 70.940865 70.940865 17.188470
0.187210 12.000000 16.924978 16.033493 70.940865 70.940865 17.188470
0.187210 12.000000 17.188470 15.844632 70.940865 70.418972 17.188470
0.190810 12.000000 16.924978 15.655790 70.940865 70.418972 17.188470
0.187210 12.000000 16.924978 15.466968 70.940865 70.418972 17.188470
0.190810 12.000000 16.924978 15.278166 70.940865 70.418972 16.924978
0.187210 12.000000 16.924978 15.089384 70.940865 70.418972 16.924978
0.187210 12.000000 16.924978 14.900621 70.940865 70.418972 16.924978
0.187210 12.000000 16.924978 14.711878 70.940865 70.418972 16.924978
0.187210 12.000000 16.924978 14.523155 70.940865 70.418972 16.924978
0.187210 12.000000 16.924978 14.334451 70.940865 70.418972 16.924978
0.187210 12.000000 16.924978 14.145767 70.940865 70.418972 16.924978
0.187210 12.000000 16.924978 13.957103 70.940865 70.418972 16.924978
0.187210 12.000000 16.924978 13.764831 70.940865 70.940865 16.924978
0.187210 12.000000 16.924978 13.576206 70.940865 70.940865 16.924978
0.187210 12.000000 16.924978 13.387602 70.940865 70.940865 16.924978
0.187210 12.000000 16.924978 13.199016 70.940865 70.940865 16.924978
0.187210 12.000000 16.924978 13.010451 70.940865 70.940865 16.924978
0.187210 12.000000 16.924978 12.818280 71.467849 70.940865 16.924978
0.187210 12.000000 16.924978 12.629754 71.467849 70.940865 16.924978
0.187210 12.000000 16.924978 12.441248 71.467849 70.940865 16.924978
0.187210 12.000000 16.924978 12.252762 71.467849 70.940865 16.924978
0.187210 12.000000 16.924978 12.064295 71.467849 70.940865 16.924978
0.187210 12.000000 16.924978 11.875848 71.467849 70.940865 16.924978
0.187210 12.000000 16.924978 11.687421 71.467849 70.940865 16.924978
0.187210 12.000000 16.924978 11.499013 71.467849 70.940865 16.924978
0.187210 12.000000 16.924978 11.310625 71.467849 70.940865 16.924978
0.187210 12.000000 16.924978 11.122257 71.467849 70.940865 16.924978
0.187210 12.000000 16.924978 10.933908 71.467849 70.940865 16.924978
0.187210 12.000000 16.924978 10.745579 71.467849 70.940865 16.924978
0.187210 12.000000 16.924978 10.557270 71.467849 70.940865 16.924978
0.187210 12.000000 16.924978 10.368980 71.467849 70.940865 16.924978
0.187210 12.000000 16.924978 10.180710 70.940865 70.940865 17.188470
0.190810 12.000000 16.924978 9.992459 70.940865 70.940865 16.924978
0.187210 12.000000 16.924978 9.804229 70.940865 70.940865 16.924978
0.183609 12.000000 16.924978 9.616017 70.940865 70.940865 17.188470
0.187210 12.000000 16.924978 9.427826 70.940865 70.940865 17.188470
0.187210 12.000000 16.924978 9.239654 70.940865 70.940865 17.188470
0.187210 12.000000 16.924978 9.051501 70.940865 70.940865 17.188470
0.187210 12.000000 16.924978 8.863369 70.940865 70.940865 17.188470
0.187210 12.000000 16.924978 8.671638 70.940865 71.467849 17.188470
0.187210 12.000000 16.924978 8.483545 70.940865 71.467849 17.188470
0.187210 12.000000 16.924978 8.295471 70.940865 71.467849 17.188470
0.187210 12.000000 16.924978 8.107418 70.940865 71.467849 17.188470
0.187210 12.000000 16.924978 7.919383 70.940865 71.467849 17.188470
0.187210 12.000000 16.924978 7.731368 70.940865 71.467849 17.188470
0.187210 12.000000 16.924978 7.543373 70.940865 71.467849 17.188470
0.187210 12.000000 16.924978 7.355398 70.940865 71.467849 17.188470
0.187210 12.000000 16.924978 7.167442 70.940865 71.467849 17.188470
0.187210 12.000000 16.924978 6.979505 70.940865 71.467849 17.188470
0.187210 12.000000 16.924978 6.791589 70.940865 71.467849 17.188470
0.187210 12.000000 16.924978 6.603691 70.940865 71.467849 17.188470
0.187210 12.000000 16.924978 6.415814 70.940865 71.467849 17.188470
0.187210 12.000000 16.924978 6.227956 70.940865 71.467849 17.188470
0.187210 12.000000 16.924978 6.040117 70.940865 71.467849 17.188470
0.187210 12.000000 16.924978 5.852298 70.940865 71.467849 17.188470
0.187210 12.000000 16.924978 5.664499 70.940865 71.467849 17.188470
0.187210 12.000000 16.924978 5.476719 70.940865 71.467849 17.188470
0.187210 12.000000 16.924978 5.288959 70.940865 71.467849 17.188470
0.187210 12.000000 16.924978 5.097608 71.467849 71.467849 17.188470
0.187210 12.000000 16.924978 4.909887 71.467849 71.467849 17.188470
0.187210 12.000000 16.924978 4.722186 71.467849 71.467849 17.188470
0.187210 12.000000 16.924978 4.534504 71.467849 71.467849 17.188470
0.187210 12.000000 16.924978 4.346842 71.467849 71.467849 17.188470
0.187210 12.000000 16.924978 4.159200 71.467849 71.467849 17.188470
0.187210 12.000000 16.924978 3.971577 71.467849 71.467849 17.188470
0.187210 12.000000 16.924978 3.783973 71.467849 71.467849 17.188470
0.187210 12.000000 16.924978 3.596389 71.467849 71.467849 17.188470
0.187210 12.000000 16.924978 3.408825 71.467849 71.467849 17.188470
0.187210 12.000000 16.924978 3.221280 71.467849 71.467849 17.188470
0.187210 12.000000 16.924978 3.033754 71.467849 71.467849 17.188470
0.187210 12.000000 16.924978 2.846249 71.467849 71.467849 17.188470
0.187210 12.000000 16.924978 2.658762 71.467849 71.467849 17.188470
0.187210 12.000000 16.924978 2.471295 71.467849 71.467849 17.188470
0.187210 12.000000 16.924978 2.283848 71.467849 71.467849 17.188470
0.187210 12.000000 16.924978 2.096420 71.467849 71.467849 17.188470
0.187210 12.000000 16.924978 1.909012 71.467849 71.467849 17.188470
0.187210 12.000000 16.924978 1.721623 71.467849 71.467849 17.188470
0.187210 12.000000 16.924978 1.534254 71.467849 71.467849 17.188470
0.187210 12.000000 16.924978 1.346904 71.467849 71.467849 17.188470
0.187210 12.000000 16.924978 1.159573 71.467849 71.467849 17.188470
0.187210 12.000000 16.924978 0.972263 71.467849 71.467849 17.188470
0.187210 12.000000 16.924978 0.784971 71.467849 71.467849 17.188470
0.187210 12.000000 16.924978 0.597699 71.467849 71.467849 17.188470
0.187210 12.000000 16.924978 0.468061 63.608392 71.467849 17.188470
0.187210 12.000000 16.924978 0.374439 53.008465 71.467849 17.188470
0.187210 12.000000 16.924978 0.280822 44.427572 71.467849 17.188470
0.187210 12.000000 16.924978 0.187210 37.339009 71.467849 17.188470
0.187210 12.000000 16.924978 0.093602 31.384615 71.467849 17.188470
0.187210 12.000000 16.924978 0.036000 26.312354 71.467849 17.188470
0.187210 12.000000 16.924978 0.036000 21.939715 59.249115 17.188470
0.187210 12.000000 16.924978 0.036000 18.131288 49.502653 17.188470
0.187210 12.000000 16.924978 0.036000 14.784488 41.547061 17.188470
0.187210 12.000000 16.924978 0.036000 12.000000 34.930274 17.188470
0.187210 12.000000 16.924978 0.036000 12.000000 29.340570 17.188470
0.187210 12.000000 16.924978 0.036000 12.000000 24.556031 17.188470
0.187210 12.000000 16.924978 0.036000 12.000000 20.414376 17.188470
0.187210 12.000000 16.924978 0.036000 12.000000 16.794189 17.188470
0.187210 12.000000 16.924978 0.036000 12.000000 13.602816 17.188470
0.187210 12.000000 16.924978 0.036000 12.000000 12.000000 14.424242
0.187210 12.000000 16.924978 0.036000 12.000000 12.000000 12.000000
0.187210 12.000000 16.924978 0.036000 12.000000 12.000000 12.000000
0.187210 12.000000 16.924978 0.036000 12.000000 12.000000 12.000000
0.115204 12.000000 16.924978 0.036000 12.000000 12.000000 12.000000
0.093602 12.000000 16.924978 0.036000 12.000000 12.000000 12.000000
0.093602 12.000000 12.000000 0.036000 12.000000 12.000000 12.000000
0.093602 12.000000 12.000000 0.036000 12.000000 12.000000 12.000000
0.093602 12.000000 12.000000 0.036000 12.000000 12.000000 12.000000
0.075602 12.000000 12.000000 0.036000 12.000000 12.000000 12.000000
0.036000 12.000000 12.000000 0.036000 12.000000 12.000000 12.000000
0.036000 12.000000 12.000000 0.036000 12.000000 12.000000 12.000000
0.036000 12.000000 12.000000 0.036000 12.000000 12.000000 12.000000
0.036000 12.000000 12.000000 0.036000 12.000000 12.000000 12.000000
0.036000 12.000000 12.000000 0.036000 12.000000 12.000000 12.000000
0.036000 12.000000 12.000000 0.036000 12.000000 12.000000 12.000000
0.036000 12.000000 12.000000 0.036000 12.000000 12.000000 12.000000
0.036000 12.000000 12.000000 0.036000 12.000000 12.000000 12.000000
0.036000 12.000000 12.000000 0.036000 12.000000 12.000000 12.000000
0.036000 12.000000 12.000000 0.036000 12.000000 12.000000 12.000000
0.036000 12.000000 12.000000 0.036000 12.000000 12.000000 12.000000
0.036000 12.000000 12.000000 0.036000 12.000000 12.000000 12.000000
0.036000 12.000000 12.000000 0.036000 12.000000 12.000000 12.000000
0.036000 12.000000 12.000000 0.036000 12.000000 12.000000 12.000000
0.036000 12.000000 12.000000 0.036000 12.000000 12.000000 12.000000
0.036000 12.000000 12.000000 0.036000 12.000000 12.000000 12.000000
0.036000 12.000000 12.000000 0.036000 12.000000 12.000000 12.000000
0.036000 12.000000 12.000000 0.036000 12.000000 12.000000 12.000000
0.036000 12.000000 12.000000 0.036000 12.000000 12.000000 12.000000
0.036000 12.000000 12.000000 0.036000 12.000000 12.000000 12.000000
0.036000 12.000000 12.000000 0.036000 12.000000 12.000000 12.000000
0.036000 12.000000 12.000000 0.036000 12.000000 12.000000 12.000000
0.036000 12.000000 12.000000 0.036000 12.000000 12.000000 12.000000
0.036000 12.000000 12.000000 0.036000 12.000000 12.000000 12.000000
0.036000 12.000000 12.000000 0.036000 12.000000 12.000000 12.000000
0.036000 12.000000 12.000000 0.036000 12.000000 12.000000 12.000000
0.036000 12.000000 12.000000 0.036000 12.000000 12.000000 12.000000
0.036000 12.000000 12.000000 0.036000 12.000000 12.000000 12.000000
0.036000 12.000000 12.000000 0.036000 12.000000 12.000000 12.000000
0.036000 12.000000 12.000000 0.036000 12.000000 12.000000 12.000000
0.036000 12.000000 12.000000 0.036000 12.000000 12.000000 12.000000
0.036000 12.000000 12.000000 0.036000 12.000000 12.000000 12.000000
0.036000 12.000000 12.000000 0.036000 12.000000 12.000000 12.000000
0.036000 12.000000 12.000000 0.036000 12.000000 12.000000 12.000000
0.036000 12.000000 12.000000 0.036000 12.000000 12.000000 12.000000
0.036000 12.000000 12.000000 0.036000 12.000000 12.000000 12.000000
0.036000 12.000000 12.000000 0.036000 12.000000 12.000000 12.000000
0.036000 12.000000 12.000000 0.036000 12.000000 12.000000 12.000000
0.036000 12.000000 12.000000 0.036000 12.000000 12.000000 12.000000
0.036000 12.000000 12.000000 0.036000 12.000000 12.000000 12.000000
0.036000 12.000000 12.000000 0.036000 12.000000 12.000000 12.000000
0.036000 12.000000 12.000000 0.036000 12.000000 12.000000 12.000000
0.036000 12.000000 12.000000 0.036000 12.000000 12.000000 12.000000
0.036000 12.000000 12.000000 0.036000 12.000000 12.000000 12.000000
0.036000 12.000000 12.000000 0.036000 12.000000 12.000000 12.000000
0.036000 12.000000 12.000000 0.036000 12.000000 12.000000 12.000000
0.036000 12.000000 12.000000 0.036000 12.000000 12.000000 12.000000
0.036000 12.000000 12.000000 0.036000 12.000000 12.000000 12.000000
0.036000 12.000000 12.000000 0.036000 12.000000 12.000000 12.000000
0.036000 12.000000 12.000000 0.036000 12.000000 12.000000 12.000000
0.036000 12.000000 12.000000 0.036000 12.000000 12.000000 12.000000
0.036000 12.000000 12.000000 0.036000 12.000000 12.000000 12.000000
0.036000 12.000000 12.000000 0.036000 12.000000 12.000000 12.000000
0.036000 12.000000 12.000000 0.036000 12.000000 12.000000 12.000000
0.036000 12.000000 12.000000 0.036000 12.000000 12.000000 12.000000
0.036000 12.000000 12.000000 0.036000 12.000000 12.000000 12.000000
0.036000 12.000000 12.000000 0.036000 12.000000 12.000000 12.000000
0.036000 12.000000 12.000000 0.036000 12.000000 12.000000 12.000000
0.036000 12.000000 12.000000 0.036000 12.000000 12.000000 12.000000
0.036000 12.000000 12.000000 0.036000 12.000000 12.000000 12.000000
0.036000 12.000000 12.000000 0.036000 12.000000 12.000000 12.000000
0.036000 12.000000 12.000000 0.036000 12.000000 12.000000 12.000000
0.036000 12.000000 12.000000 0.036000 12.000000 12.000000 12.000000
0.036000 12.000000 12.000000 0.036000 12.000000 12.000000 12.000000
0.036000 12.000000 12.000000 0.036000 12.000000 12.000000 12.000000
0.036000 12.000000 12.000000 0.036000 12.000000 12.000000 12.000000
0.036000 12.000000 12.000000 0.036000 12.000000 12.000000 12.000000
0.036000 12.000000 12.000000 0.036000 12.000000 12.000000 12.000000
0.036000 12.000000 12.000000 0.036000 12.000000 12.000000 12.000000
0.036000 12.000000 12.000000 0.036000 12.000000 12.000000 12.000000
0.036000 12.000000 12.000000 0.036000 12.000000 12.000000 12.000000
0.036000 12.000000 12.000000 0.036000 12.000000 12.000000 12.000000
0.036000 12.000000 12.000000 0.036000 12.000000 12.000000 12.000000
0.036000 12.000000 12.000000 0.036000 12.000000 12.000000 12.000000
0.036000 12.000000 12.000000 0.036000 12.000000 12.000000 12.000000
0.036000 12.000000 12.000000 0.036000 12.000000 12.000000 12.000000
0.036000 12.000000 12.000000 0.036000 12.000000 12.000000 12.000000
0.036000 12.000000 12.000000 0.036000 12.000000 12.000000 12.000000
0.036000 12.000000 12.000000 0.036000 12.000000 12.000000 12.000000
0.036000 12.000000 12.000000 0.036000 12.000000 12.000000 12.000000
0.036000 12.000000 12.000000 0.036000 12.000000 12.000000 12.000000
0.036000 12.000000 12.000000 0.036000 12.000000 12.000000 12.000000
0.036000 12.000000 12.000000 0.036000 12.000000 12.000000 12.000000
0.036000 12.000000 12.000000 0.036000 12.000000 12.000000 12.000000
0.036000 12.000000 12.000000 0.036000 12.000000 12.000000 12.000000
0.036000 12.000000 12.000000 0.036000 12.000000 12.000000 12.000000
0.036000 12.000000 12.000000 0.036000 12.000000 12.000000 12.000000
0.036000 12.000000 12.000000 0.036000 12.000000 12.000000 12.000000
0.036000 12.000000 12.000000 0.036000 12.000000 12.000000 12.000000
0.036000 12.000000 12.000000 0.036000 12.000000 12.000000 12.000000
0.036000 12.000000 12.000000 0.036000 12.000000 12.000000 12.000000
0.036000 12.000000 12.000000 0.036000 12.000000 12.000000 12.000000
0.036000 12.000000 12.000000 0.036000 12.000000 12.000000 12.000000
0.036000 12.000000 12.000000 0.036000 12.000000 12.000000 12.000000
0.036000 12.000000 12.000000 0.036000 12.000000 12.000000 12.000000
0.036000 12.000000 12.000000 0.036000 12.000000 12.000000 12.000000
0.036000 12.000000 12.000000 0.036000 12.000000 12.000000 12.000000
0.036000 12.000000 12.000000 0.036000 12.000000 12.000000 12.000000
0.036000 12.000000 12.000000 0.036000 12.000000 12.000000 12.000000
0.036000 12.000000 12.000000 0.036000 12.000000 12.000000 12.000000
0.036000 12.000000 12.000000 0.036000 12.000000 12.000000 12.000000
0.036000 12.000000 12.000000 0.036000 12.000000 12.000000 12.000000
0.036000 12.000000 12.000000 0.036000 12.000000 12.000000 12.000000
0.036000 12.000000 12.000000 0.036000 12.000000 12.000000 12.000000
0.036000 12.000000 12.000000 0.036000 12.000000 12.000000 12.000000
0.036000 12.000000 12.000000 0.036000 12.000000 12.000000 12.000000
0.036000 12.000000 12.000000 0.036000 12.000000 12.000000 12.000000
0.036000 12.000000 12.000000 0.036000 12.000000 12.000000 12.000000
0.036000 12.000000 12.000000 0.036000 12.000000 12.000000 12.000000
0.036000 12.000000 12.000000 0.036000 12.000000 12.000000 12.000000
0.036000 12.000000 12.000000 0.036000 12.000000 12.000000 12.000000
0.036000 12.000000 12.000000 0.036000 12.000000 12.000000 12.000000
0.036000 12.000000 12.000000 0.036000 12.000000 12.000000 12.000000
0.036000 12.000000 12.000000 0.036000 12.000000 12.000000 12.000000
0.036000 12.000000 12.000000 0.036000 12.000000 12.000000 12.000000
0.036000 12.000000 12.000000 0.036000 12.000000 12.000000 12.000000
0.036000 12.000000 12.000000 0.036000 12.000000 12.000000 12.000000
0.036000 12.000000 12.000000 0.036000 12.000000 12.000000 12.000000
0.036000 12.000000 12.000000 0.036000 12.000000 12.000000 12.000000
0.036000 12.000000 12.000000 0.036000 12.000000 12.000000 12.000000
0.036000 12.000000 12.000000 0.036000 12.000000 12.000000 12.000000
0.036000 12.000000 12.000000 0.036000 12.000000 12.000000 12.000000
0.036000 12.000000 12.000000 0.036000 12.000000 12.000000 12.000000
0.036000 12.000000 12.000000 0.036000 12.000000 12.000000 12.000000
0.036000 12.000000 12.000000 0.036000 12.000000 12.000000 12.000000
0.036000 12.000000 12.000000 0.036000 12.000000 12.000000 12.000000
0.036000 12.000000 12.000000 0.036000 12.000000 12.000000 12.000000
0.036000 12.000000 12.000000 0.036000 12.000000 12.000000 12.000000
0.036000 12.000000 12.000000 0.036000 12.000000 12.000000 12.000000
0.036000 12.000000 12.000000 0.036000 12.000000 12.000000 12.000000
0.036000 12.000000 12.000000 0.036000 12.000000 12.000000 12.000000
0.036000 12.000000 12.000000 0.036000 12.000000 12.000000 12.000000
0.036000 12.000000 12.000000 0.036000 12.000000 12.000000 12.000000
0.036000 12.000000 12.000000 0.036000 12.000000 12.000000 12.000000
0.036000 12.000000 12.000000 0.036000 12.000000 12.000000 12.000000
0.036000 12.000000 12.000000 0.036000 12.000000 12.000000 12.000000
0.036000 12.000000 12.000000 0.036000 12.000000 12.000000 12.000000
0.036000 12.000000 12.000000 0.036000 12.000000 12.000000 12.000000
0.036000 12.000000 12.000000 0.036000 12.000000 12.000000 12.000000
0.036000 12.000000 12.000000 0.036000 12.000000 12.000000 12.000000
0.036000 12.000000 12.000000 0.036000 12.000000 12.000000 12.000000
0.036000 12.000000 12.000000 0.036000 12.000000 12.000000 12.000000
0.036000 12.000000 12.000000 0.036000 12.000000 12.000000 12.000000
0.036000 12.000000 12.000000 0.036000 12.000000 12.000000 12.000000
0.036000 12.000000 12.000000 0.036000 12.000000 12.000000 12.000000
0.036000 12.000000 12.000000 0.036000 12.000000 12.000000 12.000000
0.036000 12.000000 12.000000 0.036000 12.000000 12.000000 12.000000
0.036000 12.000000 12.000000 0.036000 12.000000 12.000000 12.000000
0.036000 12.000000 12.000000 0.036000 12.000000 12.000000 12.000000
0.036000 12.000000 12.000000 0.036000 12.000000 12.000000 12.000000
0.036000 12.000000 12.000000 0.036000 12.000000 12.000000 12.000000
0.036000 12.000000 12.000000 0.036000 12.000000 12.000000 12.000000
0.036000 12.000000 12.000000 0.036000 12.000000 12.000000 12.000000
0.036000 12.000000 12.000000 0.036000 12.000000 12.000000 12.000000
0.036000 12.000000 12.000000 0.036000 12.000000 12.000000 12.000000
0.036000 12.000000 12.000000 0.036000 12.000000 12.000000 12.000000
0.036000 12.000000 12.000000 0.036000 12.000000 12.000000 12.000000
0.036000 12.000000 12.000000 0.036000 12.000000 12.000000 12.000000
0.036000 12.000000 12.000000 0.036000 12.000000 12.000000 12.000000
0.036000 12.000000 12.000000 0.036000 12.000000 12.000000 12.000000
0.036000 12.000000 12.000000 0.036000 12.000000 12.000000 12.000000
0.036000 12.000000 12.000000 0.036000 12.000000 12.000000 12.000000
0.036000 12.000000 12.000000 0.036000 12.000000 12.000000 12.000000
0.036000 12.000000 12.000000 0.036000 12.000000 12.000000 12.000000
0.036000 12.000000 12.000000 0.036000 12.000000 12.000000 12.000000
0.036000 12.000000 12.000000 0.036000 12.000000 12.000000 12.000000
0.036000 12.000000 12.000000 0.036000 12.000000 12.000000 12.000000
0.036000 12.000000 12.000000 0.036000 12.000000 12.000000 12.000000
0.036000 12.000000 12.000000 0.036000 12.000000 12.000000 12.000000
0.036000 12.000000 12.000000 0.036000 12.000000 12.000000 12.000000
0.036000 12.000000 12.000000 0.036000 12.000000 12.000000 12.000000
0.036000 12.000000 12.000000 0.036000 12.000000 12.000000 12.000000
0.036000 12.000000 12.000000 0.036000 12.000000 12.000000 12.000000
0.036000 12.000000 12.000000 0.036000 12.000000 12.000000 12.000000
0.036000 12.000000 12.000000 0.036000 12.000000 12.000000 12.000000
0.036000 12.000000 12.000000 0.036000 12.000000 12.000000 12.000000
0.036000 12.000000 12.000000 0.036000 12.000000 12.000000 12.000000
0.036000 12.000000 12.000000 0.036000 12.000000 12.000000 12.000000
0.036000 12.000000 12.000000 0.036000 12.000000 12.000000 12.000000
0.036000 12.000000 12.000000 0.036000 12.000000 12.000000 12.000000
0.036000 12.000000 12.000000 0.036000 12.000000 12.000000 12.000000
0.036000 12.000000 12.000000 0.036000 12.000000 12.000000 12.000000
0.036000 12.000000 12.000000 0.036000 12.000000 12.000000 12.000000
0.036000 12.000000 12.000000 0.036000 12.000000 12.000000 12.000000
0.036000 12.000000 12.000000 0.036000 12.000000 12.000000 12.000000
0.036000 12.000000 12.000000 0.036000 12.000000 12.000000 12.000000
0.036000 12.000000 12.000000 0.036000 12.000000 12.000000 12.000000
0.036000 12.000000 12.000000 0.036000 12.000000 12.000000 12.000000
0.036000 12.000000 12.000000 0.036000 12.000000 12.000000 12.000000
0.036000 12.000000 12.000000 0.036000 12.000000 12.000000 12.000000
0.036000 12.000000 12.000000 0.036000 12.000000 12.000000 12.000000
0.036000 12.000000 12.000000 0.036000 12.000000 12.000000 12.000000
0.036000 12.000000 12.000000 0.036000 12.000000 12.000000 12.000000
0.036000 12.000000 12.000000 0.036000 12.000000 12.000000 12.000000
0.036000 12.000000 12.000000 0.036000 12.000000 12.000000 12.000000
0.036000 12.000000 12.000000 0.036000 12.000000 12.000000 12.000000
0.036000 12.000000 12.000000 0.036000 12.000000 12.000000 12.000000
0.036000 12.000000 12.000000 0.036000 12.000000 12.000000 12.000000
0.036000 12.000000 12.000000 0.036000 12.000000 12.000000 12.000000
0.036000 12.000000 12.000000 0.036000 12.000000 12.000000 12.000000
0.036000 12.000000 12.000000 0.036000 12.000000 12.000000 12.000000
0.036000 12.000000 12.000000 0.036000 12.000000 12.000000 12.000000
0.036000 12.000000 12.000000 0.036000 12.000000 12.000000 12.000000
0.036000 12.000000 12.000000 0.036000 12.000000 12.000000 12.000000
0.036000 12.000000 12.000000 0.036000 12.000000 12.000000 12.000000
0.036000 12.000000 12.000000 0.036000 12.000000 12.000000 12.000000
0.036000 12.000000 12.000000 0.036000 12.000000 12.000000 12.000000
0.036000 12.000000 12.000000 0.036000 12.000000 12.000000 12.000000
0.036000 12.000000 12.000000 0.036000 12.000000 12.000000 12.000000
0.036000 12.000000 12.000000 0.036000 12.000000 12.000000 12.000000
0.036000 12.000000 12.000000 0.036000 12.000000 12.000000 12.000000
0.036000 12.000000 12.000000 0.036000 12.000000 12.000000 12.000000
0.036000 12.000000 12.000000 0.036000 12.000000 12.000000 12.000000
0.036000 12.000000 12.000000 0.036000 12.000000 12.000000 12.000000
0.036000 12.000000 12.000000 0.036000 12.000000 12.000000 12.000000
0.036000 12.000000 12.000000 0.036000 12.000000 12.000000 12.000000
0.036000 12.000000 12.000000 0.036000 12.000000 12.000000 12.000000
0.036000 12.000000 12.000000 0.036000 12.000000 12.000000 12.000000
0.036000 12.000000 12.000000 0.036000 12.000000 12.000000 12.000000
0.036000 12.000000 12.000000 0.036000 12.000000 12.000000 12.000000
0.036000 12.000000 12.000000 0.036000 12.000000 12.000000 12.000000
0.036000 12.000000 12.000000 0.036000 12.000000 12.000000 12.000000
0.036000 12.000000 12.000000 0.036000 12.000000 12.000000 12.000000
0.036000 12.000000 12.000000 0.036000 12.000000 12.000000 12.000000
0.036000 12.000000 12.000000 0.036000 12.000000 12.000000 12.000000
0.036000 12.000000 12.000000 0.036000 12.000000 12.000000 12.000000
0.036000 12.000000 12.000000 0.036000 12.000000 12.000000 12.000000
0.036000 12.000000 12.000000 0.036000 12.000000 12.000000 12.000000
0.036000 12.000000 12.000000 0.036000 12.000000 12.000000 12.000000
0.036000 12.000000 12.000000 0.036000 12.000000 12.000000 12.000000
0.036000 12.000000 12.000000 0.036000 12.000000 12.000000 12.000000
0.036000 12.000000 12.000000 0.036000 12.000000 12.000000 12.000000
0.036000 12.000000 12.000000 0.036000 12.000000 12.000000 12.000000
0.036000 12.000000 12.000000 0.036000 12.000000 12.000000 12.000000
0.036000 12.000000 12.000000 0.036000 12.000000 12.000000 12.000000
0.036000 12.000000 12.000000 0.036000 12.000000 12.000000 12.000000
0.036000 12.000000 12.000000 0.036000 12.000000 12.000000 12.000000
0.036000 12.000000 12.000000 0.036000 12.000000 12.000000 12.000000
0.036000 12.000000 12.000000 0.036000 12.000000 12.000000 12.000000
0.036000 12.000000 12.000000 0.036000 12.000000 12.000000 12.000000
0.036000 12.000000 12.000000 0.036000 12.000000 12.000000 12.000000
0.036000 12.000000 12.000000 0.036000 12.000000 12.000000 12.000000
0.036000 12.000000 12.000000 0.036000 12.000000 12.000000 12.000000
0.036000 12.000000 12.000000 0.036000 12.000000 12.000000 12.000000
0.036000 12.000000 12.000000 0.036000 12.000000 12.000000 12.000000
0.036000 12.000000 12.000000 0.036000 12.000000 12.000000 12.000000
0.036000 12.000000 12.000000 0.036000 12.000000 12.000000 12.000000
0.036000 12.000000 12.000000 0.036000 12.000000 12.000000 12.000000
0.036000 12.000000 12.000000 0.036000 12.000000 12.000000 12.000000
0.036000 12.000000 12.000000 0.036000 12.000000 12.000000 12.000000
0.036000 12.000000 12.000000 0.036000 12.000000 12.000000 12.000000
0.036000 12.000000 12.000000 0.036000 12.000000 12.000000 12.000000
0.036000 12.000000 12.000000 0.036000 12.000000 12.000000 12.000000
0.036000 12.000000 12.000000 0.036000 12.000000 12.000000 12.000000
0.036000 12.000000 12.000000 0.036000 12.000000 12.000000 12.000000
0.036000 12.000000 12.000000 0.036000 12.000000 12.000000 12.000000
0.036000 12.000000 12.000000 0.036000 12.000000 12.000000 12.000000
0.036000 12.000000 12.000000 0.036000 12.000000 12.000000 12.000000
0.036000 12.000000 12.000000 0.036000 12.000000 12.000000 12.000000
0.036000 12.000000 12.000000 0.036000 12.000000 12.000000 12.000000
0.036000 12.000000 12.000000 0.036000 12.000000 12.000000 12.000000
0.036000 12.000000 12.000000 0.036000 12.000000 12.000000 12.000000
0.036000 12.000000 12.000000 0.036000 12.000000 12.000000 12.000000
0.036000 12.000000 12.000000 0.036000 12.000000 12.000000 12.000000
0.036000 12.000000 12.000000 0.036000 12.000000 12.000000 12.000000
0.036000 12.000000 12.000000 0.036000 12.000000 12.000000 12.000000
0.036000 12.000000 12.000000 0.036000 12.000000 12.000000 12.000000
0.036000 12.000000 12.000000 0.036000 12.000000 12.000000 12.000000
0.036000 12.000000 12.000000 0.036000 12.000000 12.000000 12.000000
0.036000 12.000000 12.000000 0.036000 12.000000 12.000000 12.000000
0.036000 12.000000 12.000000 0.036000 12.000000 12.000000 12.000000
0.036000 12.000000 12.000000 0.036000 12.000000 12.000000 12.000000
0.036000 12.000000 12.000000 0.036000 12.000000 12.000000 12.000000
0.036000 12.000000 12.000000 0.036000 12.000000 12.000000 12.000000
0.036000 12.000000 12.000000 0.036000 12.000000 12.000000 12.000000
0.036000 12.000000 12.000000 0.036000 12.000000 12.000000 12.000000
0.036000 12.000000 12.000000 0.036000 12.000000 12.000000 12.000000
0.036000 12.000000 12.000000 0.036000 12.000000 12.000000 12.000000
0.036000 12.000000 12.000000 0.036000 12.000000 12.000000 12.000000
0.036000 12.000000 12.000000 0.036000 12.000000 12.000000 12.000000
0.036000 12.000000 12.000000 0.036000 12.000000 12.000000 12.000000
0.036000 12.000000 12.000000 0.036000 12.000000 12.000000 12.000000
0.036000 12.000000 12.000000 0.036000 12.000000 12.000000 12.000000
0.036000 12.000000 12.000000 0.036000 12.000000 12.000000 12.000000
0.036000 12.000000 12.000000 0.036000 12.000000 12.000000 12.000000
0.036000 12.000000 12.000000 0.036000 12.000000 12.000000 12.000000
0.036000 12.000000 12.000000 0.036000 12.000000 12.000000 12.000000
0.036000 12.000000 12.000000 0.036000 12.000000 12.000000 12.000000
0.036000 12.000000 12.000000 0.036000 12.000000 12.000000 12.000000
0.036000 12.000000 12.000000 0.036000 12.000000 12.000000 12.000000
0.036000 12.000000 12.000000 0.036000 12.000000 12.000000 12.000000
0.036000 12.000000 12.000000 0.036000 12.000000 12.000000 12.000000
0.036000 12.000000 12.000000 0.036000 12.000000 12.000000 12.000000
0.036000 12.000000 12.000000 0.036000 12.000000 12.000000 12.000000
0.036000 12.000000 12.000000 0.036000 12.000000 12.000000 12.000000
