7 6 5 1 2 3 4
0.000000 0.000000 0.000000 100.000000 0.000000 0.000000 0.000000
0.000000 0.000000 0.000000 93.900000 6.100000 0.000000 0.000000
0.000000 0.000000 0.000000 87.800000 12.200000 0.000000 0.000000
0.000000 0.000000 0.000000 81.700000 15.300000 0.000000 3.000000
0.000000 0.000000 0.000000 75.600000 18.400000 0.000000 6.000000
3.000000 0.000000 0.000000 69.500000 21.500000 0.000000 6.000000
3.000000 0.000000 0.000000 63.400000 24.600000 0.000000 6.000000
2.400000 0.000000 0.000000 57.700000 27.300000 0.000000 6.600000
2.600000 0.000000 0.000000 52.600000 29.400000 0.000000 7.000000
2.600000 0.000000 0.000000 48.000000 31.000000 0.000000 7.400000
2.600000 0.000000 0.000000 143.800000 32.200000 0.000000 7.800000
2.600000 0.000000 0.000000 133.700000 33.200000 6.100000 8.200000
2.600000 0.000000 0.000000 123.900000 33.900000 12.200000 8.600000
2.600000 0.000000 3.000000 114.300000 34.500000 15.300000 8.900000
2.600000 0.000000 6.000000 104.800000 35.100000 18.400000 9.100000
5.600000 0.000000 6.000000 95.400000 35.700000 21.500000 9.200000
5.600000 0.000000 6.000000 86.000000 36.300000 24.600000 9.300000
5.000000 0.000000 6.600000 77.100000 36.800000 27.300000 9.400000
5.100000 0.000000 7.100000 68.900000 37.300000 29.400000 9.400000
5.200000 0.000000 7.500000 61.300000 37.700000 31.000000 9.400000
5.200000 0.000000 7.900000 154.200000 38.000000 32.200000 9.400000
5.200000 0.000000 8.300000 147.400000 38.300000 33.100000 9.400000
5.200000 0.000000 8.700000 140.900000 38.500000 33.800000 9.400000
5.200000 0.000000 9.000000 134.500000 38.700000 34.500000 9.400000
5.200000 0.000000 9.200000 128.200000 38.900000 35.200000 9.400000
5.200000 0.000000 9.300000 122.200000 39.000000 35.800000 9.400000
5.200000 0.000000 9.400000 116.200000 39.100000 36.400000 9.400000
5.200000 0.000000 9.400000 110.300000 39.200000 37.000000 9.400000
5.200000 0.000000 9.400000 104.500000 39.300000 37.500000 9.400000
5.200000 0.000000 9.400000 100.500000 37.700000 37.900000 9.400000
5.200000 0.000000 9.400000 197.600000 35.100000 38.200000 9.400000
5.200000 0.000000 9.400000 190.700000 36.500000 38.500000 9.400000
5.200000 0.000000 9.400000 184.300000 37.500000 38.700000 9.400000
5.200000 0.000000 9.400000 178.200000 38.200000 38.900000 9.400000
5.200000 0.000000 9.400000 172.500000 38.600000 39.000000 9.400000
5.200000 0.000000 9.400000 166.900000 38.900000 39.100000 9.400000
5.200000 0.000000 9.400000 161.400000 39.100000 39.200000 9.400000
5.200000 0.000000 9.400000 156.100000 39.200000 39.200000 9.400000
5.200000 0.000000 9.400000 150.800000 39.300000 39.200000 9.400000
5.200000 0.000000 9.400000 145.500000 39.400000 39.200000 9.400000
5.200000 0.000000 9.400000 240.200000 39.400000 39.300000 9.400000
5.200000 0.000000 9.400000 234.900000 39.400000 39.400000 9.400000
5.200000 0.000000 9.400000 229.700000 39.400000 39.400000 9.400000
5.200000 0.000000 9.400000 224.500000 39.400000 39.400000 9.400000
5.200000 0.000000 9.400000 219.300000 39.400000 39.400000 9.400000
5.200000 0.000000 9.400000 214.100000 39.400000 39.400000 9.400000
5.200000 0.000000 9.400000 208.900000 39.400000 39.400000 9.400000
5.200000 0.000000 9.400000 203.700000 39.400000 39.400000 9.400000
5.200000 0.000000 9.400000 198.500000 39.400000 39.400000 9.400000
5.200000 0.000000 9.400000 193.300000 39.400000 39.400000 9.400000
5.200000 0.000000 9.400000 288.100000 39.400000 39.400000 9.400000
5.200000 0.000000 9.400000 282.900000 39.400000 39.400000 9.400000
5.200000 0.000000 9.400000 277.700000 39.400000 39.400000 9.400000
5.200000 0.000000 9.400000 272.500000 39.400000 39.400000 9.400000
5.200000 0.000000 9.400000 267.300000 39.400000 39.400000 9.400000
5.200000 0.000000 9.400000 262.100000 39.400000 39.400000 9.400000
5.200000 0.000000 9.400000 256.900000 39.400000 39.400000 9.400000
5.200000 0.000000 9.400000 251.700000 39.400000 39.400000 9.400000
5.200000 0.000000 9.400000 246.500000 39.400000 39.400000 9.400000
5.200000 0.000000 9.400000 241.300000 39.400000 39.400000 9.400000
5.200000 0.000000 9.400000 336.100000 39.400000 39.400000 9.400000
5.200000 0.000000 9.400000 330.900000 39.400000 39.400000 9.400000
5.200000 0.000000 9.400000 325.700000 39.400000 39.400000 9.400000
5.200000 0.000000 9.400000 320.500000 39.400000 39.400000 9.400000
5.200000 0.000000 9.400000 315.300000 39.400000 39.400000 9.400000
5.200000 0.000000 9.400000 310.000000 39.400000 39.500000 9.400000
5.200000 0.000000 9.400000 304.800000 39.400000 39.500000 9.400000
5.200000 0.000000 9.400000 299.600000 39.400000 39.500000 9.400000
5.200000 0.000000 9.400000 294.400000 39.400000 39.500000 9.400000
5.200000 0.000000 9.400000 289.200000 39.400000 39.500000 9.400000
5.200000 0.000000 9.400000 384.000000 39.400000 39.500000 9.400000
5.200000 0.000000 9.400000 378.800000 39.300000 39.500000 9.500000
5.300000 0.000000 9.400000 373.600000 39.300000 39.500000 9.400000
5.200000 0.000000 9.400000 368.300000 39.400000 39.500000 9.400000
5.200000 0.000000 9.400000 363.100000 39.400000 39.500000 9.400000
5.200000 0.000000 9.400000 357.900000 39.400000 39.500000 9.400000
5.200000 0.000000 9.400000 352.700000 39.400000 39.500000 9.400000
5.200000 0.000000 9.400000 347.500000 39.400000 39.500000 9.400000
5.200000 0.000000 9.400000 342.300000 39.400000 39.500000 9.400000
5.200000 0.000000 9.400000 337.100000 39.300000 39.500000 9.500000
5.300000 0.000000 9.400000 431.900000 39.300000 39.500000 9.400000
5.200000 0.000000 9.400000 426.600000 39.400000 39.500000 9.400000
5.100000 0.000000 9.400000 421.400000 39.400000 39.500000 9.500000
5.200000 0.000000 9.400000 416.200000 39.400000 39.500000 9.500000
5.200000 0.000000 9.400000 411.000000 39.400000 39.500000 9.500000
5.200000 0.000000 9.400000 405.800000 39.400000 39.500000 9.500000
5.200000 0.000000 9.400000 400.600000 39.400000 39.500000 9.500000
5.200000 0.000000 9.500000 395.400000 39.400000 39.400000 9.500000
5.300000 0.000000 9.400000 390.200000 39.400000 39.400000 9.500000
5.200000 0.000000 9.400000 385.000000 39.400000 39.400000 9.500000
5.200000 0.000000 9.400000 479.800000 39.400000 39.400000 9.500000
5.200000 0.000000 9.400000 474.600000 39.400000 39.400000 9.500000
5.200000 0.000000 9.400000 469.400000 39.400000 39.400000 9.500000
5.200000 0.000000 9.400000 464.200000 39.400000 39.400000 9.500000
5.200000 0.000000 9.400000 459.000000 39.400000 39.400000 9.500000
5.200000 0.000000 9.400000 453.800000 39.400000 39.400000 9.500000
5.200000 0.000000 9.400000 448.600000 39.400000 39.400000 9.500000
5.200000 0.000000 9.400000 443.400000 39.400000 39.400000 9.500000
5.200000 0.000000 9.500000 438.200000 39.400000 39.300000 9.500000
5.300000 0.000000 9.400000 433.000000 39.400000 39.300000 9.500000
5.200000 0.000000 9.400000 427.800000 39.400000 39.300000 9.500000
5.300000 0.000000 9.400000 422.600000 39.400000 39.300000 9.400000
5.200000 0.000000 9.400000 417.400000 39.400000 39.300000 9.400000
5.200000 0.000000 9.400000 412.200000 39.400000 39.300000 9.400000
5.200000 0.000000 9.400000 407.000000 39.400000 39.300000 9.400000
5.200000 0.000000 9.400000 401.800000 39.400000 39.300000 9.400000
5.200000 0.000000 9.400000 396.600000 39.400000 39.300000 9.400000
5.200000 0.000000 9.400000 391.400000 39.400000 39.300000 9.400000
5.200000 0.000000 9.400000 386.200000 39.400000 39.300000 9.400000
5.200000 0.000000 9.400000 380.900000 39.400000 39.400000 9.400000
5.200000 0.000000 9.400000 375.700000 39.400000 39.400000 9.400000
5.200000 0.000000 9.400000 370.500000 39.400000 39.400000 9.400000
5.200000 0.000000 9.400000 365.300000 39.400000 39.400000 9.400000
5.200000 0.000000 9.400000 360.100000 39.400000 39.400000 9.400000
5.200000 0.000000 9.400000 354.800000 39.500000 39.400000 9.400000
5.200000 0.000000 9.400000 349.600000 39.500000 39.400000 9.400000
5.200000 0.000000 9.400000 344.400000 39.500000 39.400000 9.400000
5.200000 0.000000 9.400000 339.200000 39.500000 39.400000 9.400000
5.200000 0.000000 9.400000 334.000000 39.500000 39.400000 9.400000
5.200000 0.000000 9.400000 328.800000 39.500000 39.400000 9.400000
5.200000 0.000000 9.400000 323.600000 39.500000 39.400000 9.400000
5.200000 0.000000 9.400000 318.400000 39.500000 39.400000 9.400000
5.200000 0.000000 9.400000 313.200000 39.500000 39.400000 9.400000
5.200000 0.000000 9.400000 308.000000 39.500000 39.400000 9.400000
5.200000 0.000000 9.400000 302.800000 39.500000 39.400000 9.400000
5.200000 0.000000 9.400000 297.600000 39.500000 39.400000 9.400000
5.200000 0.000000 9.400000 292.400000 39.500000 39.400000 9.400000
5.200000 0.000000 9.400000 287.200000 39.500000 39.400000 9.400000
5.200000 0.000000 9.400000 282.000000 39.400000 39.400000 9.500000
5.300000 0.000000 9.400000 276.800000 39.400000 39.400000 9.400000
5.200000 0.000000 9.400000 271.600000 39.400000 39.400000 9.400000
5.100000 0.000000 9.400000 266.400000 39.400000 39.400000 9.500000
5.200000 0.000000 9.400000 261.200000 39.400000 39.400000 9.500000
5.200000 0.000000 9.400000 256.000000 39.400000 39.400000 9.500000
5.200000 0.000000 9.400000 250.800000 39.400000 39.400000 9.500000
5.200000 0.000000 9.400000 245.600000 39.400000 39.400000 9.500000
5.200000 0.000000 9.400000 240.300000 39.400000 39.500000 9.500000
5.200000 0.000000 9.400000 235.100000 39.400000 39.500000 9.500000
5.200000 0.000000 9.400000 229.900000 39.400000 39.500000 9.500000
5.200000 0.000000 9.400000 224.700000 39.400000 39.500000 9.500000
5.200000 0.000000 9.400000 219.500000 39.400000 39.500000 9.500000
5.200000 0.000000 9.400000 214.300000 39.400000 39.500000 9.500000
5.200000 0.000000 9.400000 209.100000 39.400000 39.500000 9.500000
5.200000 0.000000 9.400000 203.900000 39.400000 39.500000 9.500000
5.200000 0.000000 9.400000 198.700000 39.400000 39.500000 9.500000
5.200000 0.000000 9.400000 193.500000 39.400000 39.500000 9.500000
5.200000 0.000000 9.400000 188.300000 39.400000 39.500000 9.500000
5.200000 0.000000 9.400000 183.100000 39.400000 39.500000 9.500000
5.200000 0.000000 9.400000 177.900000 39.400000 39.500000 9.500000
5.200000 0.000000 9.400000 172.700000 39.400000 39.500000 9.500000
5.200000 0.000000 9.400000 167.500000 39.400000 39.500000 9.500000
5.200000 0.000000 9.400000 162.300000 39.400000 39.500000 9.500000
5.200000 0.000000 9.400000 157.100000 39.400000 39.500000 9.500000
5.200000 0.000000 9.400000 151.900000 39.400000 39.500000 9.500000
5.200000 0.000000 9.400000 146.700000 39.400000 39.500000 9.500000
5.200000 0.000000 9.400000 141.400000 39.500000 39.500000 9.500000
5.200000 0.000000 9.400000 136.200000 39.500000 39.500000 9.500000
5.200000 0.000000 9.400000 131.000000 39.500000 39.500000 9.500000
5.200000 0.000000 9.400000 125.800000 39.500000 39.500000 9.500000
5.200000 0.000000 9.400000 120.600000 39.500000 39.500000 9.500000
5.200000 0.000000 9.400000 115.400000 39.500000 39.500000 9.500000
5.200000 0.000000 9.400000 110.200000 39.500000 39.500000 9.500000
5.200000 0.000000 9.400000 105.000000 39.500000 39.500000 9.500000
5.200000 0.000000 9.400000 99.800000 39.500000 39.500000 9.500000
5.200000 0.000000 9.400000 94.600000 39.500000 39.500000 9.500000
5.200000 0.000000 9.400000 89.400000 39.500000 39.500000 9.500000
5.200000 0.000000 9.400000 84.200000 39.500000 39.500000 9.500000
5.200000 0.000000 9.400000 79.000000 39.500000 39.500000 9.500000
5.200000 0.000000 9.400000 73.800000 39.500000 39.500000 9.500000
5.200000 0.000000 9.400000 68.600000 39.500000 39.500000 9.500000
5.200000 0.000000 9.400000 63.400000 39.500000 39.500000 9.500000
5.200000 0.000000 9.400000 58.200000 39.500000 39.500000 9.500000
5.200000 0.000000 9.400000 53.000000 39.500000 39.500000 9.500000
5.200000 0.000000 9.400000 47.800000 39.500000 39.500000 9.500000
5.200000 0.000000 9.400000 42.600000 39.500000 39.500000 9.500000
5.200000 0.000000 9.400000 37.400000 39.500000 39.500000 9.500000
5.200000 0.000000 9.400000 32.200000 39.500000 39.500000 9.500000
5.200000 0.000000 9.400000 27.000000 39.500000 39.500000 9.500000
5.200000 0.000000 9.400000 21.800000 39.500000 39.500000 9.500000
5.200000 0.000000 9.400000 16.600000 39.500000 39.500000 9.500000
5.200000 0.000000 9.400000 13.000000 37.900000 39.500000 9.500000
5.200000 0.000000 9.400000 10.400000 35.300000 39.500000 9.500000
5.200000 0.000000 9.400000 7.800000 32.700000 39.500000 9.500000
5.200000 0.000000 9.400000 5.200000 30.100000 39.500000 9.500000
5.200000 0.000000 9.400000 2.600000 27.500000 39.500000 9.500000
5.200000 0.000000 9.400000 0.000000 24.900000 39.500000 9.500000
5.200000 0.000000 9.400000 0.000000 22.300000 36.900000 9.500000
5.200000 0.000000 9.400000 0.000000 19.700000 34.300000 9.500000
5.200000 0.000000 9.400000 0.000000 17.100000 31.700000 9.500000
5.200000 0.000000 9.400000 0.000000 14.500000 29.100000 9.500000
5.200000 0.000000 9.400000 0.000000 11.900000 26.500000 9.500000
5.200000 0.000000 9.400000 0.000000 9.300000 23.900000 9.500000
5.200000 0.000000 9.400000 0.000000 6.700000 21.300000 9.500000
5.200000 0.000000 9.400000 0.000000 4.100000 18.700000 9.500000
5.200000 0.000000 9.400000 0.000000 1.500000 16.100000 9.500000
5.200000 0.000000 9.400000 0.000000 0.000000 13.500000 8.400000
5.200000 0.000000 9.400000 0.000000 0.000000 10.900000 5.800000
5.200000 0.000000 9.400000 0.000000 0.000000 8.300000 3.200000
5.200000 0.000000 9.400000 0.000000 0.000000 5.700000 0.600000
3.200000 0.000000 9.400000 0.000000 0.000000 3.100000 0.000000
2.600000 0.000000 9.400000 0.000000 0.000000 0.500000 0.000000
2.600000 0.000000 7.300000 0.000000 0.000000 0.000000 0.000000
2.600000 0.000000 4.700000 0.000000 0.000000 0.000000 0.000000
2.600000 0.000000 2.100000 0.000000 0.000000 0.000000 0.000000
2.100000 0.000000 0.000000 0.000000 0.000000 0.000000 0.000000
0.000000 0.000000 0.000000 0.000000 0.000000 0.000000 0.000000
0.000000 0.000000 0.000000 0.000000 0.000000 0.000000 0.000000
0.000000 0.000000 0.000000 0.000000 0.000000 0.000000 0.000000
0.000000 0.000000 0.000000 0.000000 0.000000 0.000000 0.000000
0.000000 0.000000 0.000000 0.000000 0.000000 0.000000 0.000000
0.000000 0.000000 0.000000 0.000000 0.000000 0.000000 0.000000
0.000000 0.000000 0.000000 0.000000 0.000000 0.000000 0.000000
0.000000 0.000000 0.000000 0.000000 0.000000 0.000000 0.000000
0.000000 0.000000 0.000000 0.000000 0.000000 0.000000 0.000000
0.000000 0.000000 0.000000 0.000000 0.000000 0.000000 0.000000
0.000000 0.000000 0.000000 0.000000 0.000000 0.000000 0.000000
0.000000 0.000000 0.000000 0.000000 0.000000 0.000000 0.000000
0.000000 0.000000 0.000000 0.000000 0.000000 0.000000 0.000000
0.000000 0.000000 0.000000 0.000000 0.000000 0.000000 0.000000
0.000000 0.000000 0.000000 0.000000 0.000000 0.000000 0.000000
0.000000 0.000000 0.000000 0.000000 0.000000 0.000000 0.000000
0.000000 0.000000 0.000000 0.000000 0.000000 0.000000 0.000000
0.000000 0.000000 0.000000 0.000000 0.000000 0.000000 0.000000
0.000000 0.000000 0.000000 0.000000 0.000000 0.000000 0.000000
0.000000 0.000000 0.000000 0.000000 0.000000 0.000000 0.000000
0.000000 0.000000 0.000000 0.000000 0.000000 0.000000 0.000000
0.000000 0.000000 0.000000 0.000000 0.000000 0.000000 0.000000
0.000000 0.000000 0.000000 0.000000 0.000000 0.000000 0.000000
0.000000 0.000000 0.000000 0.000000 0.000000 0.000000 0.000000
0.000000 0.000000 0.000000 0.000000 0.000000 0.000000 0.000000
0.000000 0.000000 0.000000 0.000000 0.000000 0.000000 0.000000
0.000000 0.000000 0.000000 0.000000 0.000000 0.000000 0.000000
0.000000 0.000000 0.000000 0.000000 0.000000 0.000000 0.000000
0.000000 0.000000 0.000000 0.000000 0.000000 0.000000 0.000000
0.000000 0.000000 0.000000 0.000000 0.000000 0.000000 0.000000
0.000000 0.000000 0.000000 0.000000 0.000000 0.000000 0.000000
0.000000 0.000000 0.000000 0.000000 0.000000 0.000000 0.000000
0.000000 0.000000 0.000000 0.000000 0.000000 0.000000 0.000000
0.000000 0.000000 0.000000 0.000000 0.000000 0.000000 0.000000
0.000000 0.000000 0.000000 0.000000 0.000000 0.000000 0.000000
0.000000 0.000000 0.000000 0.000000 0.000000 0.000000 0.000000
0.000000 0.000000 0.000000 0.000000 0.000000 0.000000 0.000000
0.000000 0.000000 0.000000 0.000000 0.000000 0.000000 0.000000
0.000000 0.000000 0.000000 0.000000 0.000000 0.000000 0.000000
0.000000 0.000000 0.000000 0.000000 0.000000 0.000000 0.000000
0.000000 0.000000 0.000000 0.000000 0.000000 0.000000 0.000000
0.000000 0.000000 0.000000 0.000000 0.000000 0.000000 0.000000
0.000000 0.000000 0.000000 0.000000 0.000000 0.000000 0.000000
0.000000 0.000000 0.000000 0.000000 0.000000 0.000000 0.000000
0.000000 0.000000 0.000000 0.000000 0.000000 0.000000 0.000000
0.000000 0.000000 0.000000 0.000000 0.000000 0.000000 0.000000
0.000000 0.000000 0.000000 0.000000 0.000000 0.000000 0.000000
0.000000 0.000000 0.000000 0.000000 0.000000 0.000000 0.000000
0.000000 0.000000 0.000000 0.000000 0.000000 0.000000 0.000000
0.000000 0.000000 0.000000 0.000000 0.000000 0.000000 0.000000
0.000000 0.000000 0.000000 0.000000 0.000000 0.000000 0.000000
0.000000 0.000000 0.000000 0.000000 0.000000 0.000000 0.000000
0.000000 0.000000 0.000000 0.000000 0.000000 0.000000 0.000000
0.000000 0.000000 0.000000 0.000000 0.000000 0.000000 0.000000
0.000000 0.000000 0.000000 0.000000 0.000000 0.000000 0.000000
0.000000 0.000000 0.000000 0.000000 0.000000 0.000000 0.000000
0.000000 0.000000 0.000000 0.000000 0.000000 0.000000 0.000000
0.000000 0.000000 0.000000 0.000000 0.000000 0.000000 0.000000
0.000000 0.000000 0.000000 0.000000 0.000000 0.000000 0.000000
0.000000 0.000000 0.000000 0.000000 0.000000 0.000000 0.000000
0.000000 0.000000 0.000000 0.000000 0.000000 0.000000 0.000000
0.000000 0.000000 0.000000 0.000000 0.000000 0.000000 0.000000
0.000000 0.000000 0.000000 0.000000 0.000000 0.000000 0.000000
0.000000 0.000000 0.000000 0.000000 0.000000 0.000000 0.000000
0.000000 0.000000 0.000000 0.000000 0.000000 0.000000 0.000000
0.000000 0.000000 0.000000 0.000000 0.000000 0.000000 0.000000
0.000000 0.000000 0.000000 0.000000 0.000000 0.000000 0.000000
0.000000 0.000000 0.000000 0.000000 0.000000 0.000000 0.000000
0.000000 0.000000 0.000000 0.000000 0.000000 0.000000 0.000000
0.000000 0.000000 0.000000 0.000000 0.000000 0.000000 0.000000
0.000000 0.000000 0.000000 0.000000 0.000000 0.000000 0.000000
0.000000 0.000000 0.000000 0.000000 0.000000 0.000000 0.000000
0.000000 0.000000 0.000000 0.000000 0.000000 0.000000 0.000000
0.000000 0.000000 0.000000 0.000000 0.000000 0.000000 0.000000
0.000000 0.000000 0.000000 0.000000 0.000000 0.000000 0.000000
0.000000 0.000000 0.000000 0.000000 0.000000 0.000000 0.000000
0.000000 0.000000 0.000000 0.000000 0.000000 0.000000 0.000000
0.000000 0.000000 0.000000 0.000000 0.000000 0.000000 0.000000
0.000000 0.000000 0.000000 0.000000 0.000000 0.000000 0.000000
0.000000 0.000000 0.000000 0.000000 0.000000 0.000000 0.000000
0.000000 0.000000 0.000000 0.000000 0.000000 0.000000 0.000000
0.000000 0.000000 0.000000 0.000000 0.000000 0.000000 0.000000
0.000000 0.000000 0.000000 0.000000 0.000000 0.000000 0.000000
0.000000 0.000000 0.000000 0.000000 0.000000 0.000000 0.000000
0.000000 0.000000 0.000000 0.000000 0.000000 0.000000 0.000000
0.000000 0.000000 0.000000 0.000000 0.000000 0.000000 0.000000
0.000000 0.000000 0.000000 0.000000 0.000000 0.000000 0.000000
0.000000 0.000000 0.000000 0.000000 0.000000 0.000000 0.000000
0.000000 0.000000 0.000000 0.000000 0.000000 0.000000 0.000000
0.000000 0.000000 0.000000 0.000000 0.000000 0.000000 0.000000
0.000000 0.000000 0.000000 0.000000 0.000000 0.000000 0.000000
0.000000 0.000000 0.000000 0.000000 0.000000 0.000000 0.000000
0.000000 0.000000 0.000000 0.000000 0.000000 0.000000 0.000000
0.000000 0.000000 0.000000 0.000000 0.000000 0.000000 0.000000
0.000000 0.000000 0.000000 0.000000 0.000000 0.000000 0.000000
0.000000 0.000000 0.000000 0.000000 0.000000 0.000000 0.000000
0.000000 0.000000 0.000000 0.000000 0.000000 0.000000 0.000000
0.000000 0.000000 0.000000 0.000000 0.000000 0.000000 0.000000
0.000000 0.000000 0.000000 0.000000 0.000000 0.000000 0.000000
0.000000 0.000000 0.000000 0.000000 0.000000 0.000000 0.000000
0.000000 0.000000 0.000000 0.000000 0.000000 0.000000 0.000000
0.000000 0.000000 0.000000 0.000000 0.000000 0.000000 0.000000
0.000000 0.000000 0.000000 0.000000 0.000000 0.000000 0.000000
0.000000 0.000000 0.000000 0.000000 0.000000 0.000000 0.000000
0.000000 0.000000 0.000000 0.000000 0.000000 0.000000 0.000000
0.000000 0.000000 0.000000 0.000000 0.000000 0.000000 0.000000
0.000000 0.000000 0.000000 0.000000 0.000000 0.000000 0.000000
0.000000 0.000000 0.000000 0.000000 0.000000 0.000000 0.000000
0.000000 0.000000 0.000000 0.000000 0.000000 0.000000 0.000000
0.000000 0.000000 0.000000 0.000000 0.000000 0.000000 0.000000
0.000000 0.000000 0.000000 0.000000 0.000000 0.000000 0.000000
0.000000 0.000000 0.000000 0.000000 0.000000 0.000000 0.000000
0.000000 0.000000 0.000000 0.000000 0.000000 0.000000 0.000000
0.000000 0.000000 0.000000 0.000000 0.000000 0.000000 0.000000
0.000000 0.000000 0.000000 0.000000 0.000000 0.000000 0.000000
0.000000 0.000000 0.000000 0.000000 0.000000 0.000000 0.000000
0.000000 0.000000 0.000000 0.000000 0.000000 0.000000 0.000000
0.000000 0.000000 0.000000 0.000000 0.000000 0.000000 0.000000
0.000000 0.000000 0.000000 0.000000 0.000000 0.000000 0.000000
0.000000 0.000000 0.000000 0.000000 0.000000 0.000000 0.000000
0.000000 0.000000 0.000000 0.000000 0.000000 0.000000 0.000000
0.000000 0.000000 0.000000 0.000000 0.000000 0.000000 0.000000
0.000000 0.000000 0.000000 0.000000 0.000000 0.000000 0.000000
0.000000 0.000000 0.000000 0.000000 0.000000 0.000000 0.000000
0.000000 0.000000 0.000000 0.000000 0.000000 0.000000 0.000000
0.000000 0.000000 0.000000 0.000000 0.000000 0.000000 0.000000
0.000000 0.000000 0.000000 0.000000 0.000000 0.000000 0.000000
0.000000 0.000000 0.000000 0.000000 0.000000 0.000000 0.000000
0.000000 0.000000 0.000000 0.000000 0.000000 0.000000 0.000000
0.000000 0.000000 0.000000 0.000000 0.000000 0.000000 0.000000
0.000000 0.000000 0.000000 0.000000 0.000000 0.000000 0.000000
0.000000 0.000000 0.000000 0.000000 0.000000 0.000000 0.000000
0.000000 0.000000 0.000000 0.000000 0.000000 0.000000 0.000000
0.000000 0.000000 0.000000 0.000000 0.000000 0.000000 0.000000
0.000000 0.000000 0.000000 0.000000 0.000000 0.000000 0.000000
0.000000 0.000000 0.000000 0.000000 0.000000 0.000000 0.000000
0.000000 0.000000 0.000000 0.000000 0.000000 0.000000 0.000000
0.000000 0.000000 0.000000 0.000000 0.000000 0.000000 0.000000
0.000000 0.000000 0.000000 0.000000 0.000000 0.000000 0.000000
0.000000 0.000000 0.000000 0.000000 0.000000 0.000000 0.000000
0.000000 0.000000 0.000000 0.000000 0.000000 0.000000 0.000000
0.000000 0.000000 0.000000 0.000000 0.000000 0.000000 0.000000
0.000000 0.000000 0.000000 0.000000 0.000000 0.000000 0.000000
0.000000 0.000000 0.000000 0.000000 0.000000 0.000000 0.000000
0.000000 0.000000 0.000000 0.000000 0.000000 0.000000 0.000000
0.000000 0.000000 0.000000 0.000000 0.000000 0.000000 0.000000
0.000000 0.000000 0.000000 0.000000 0.000000 0.000000 0.000000
0.000000 0.000000 0.000000 0.000000 0.000000 0.000000 0.000000
0.000000 0.000000 0.000000 0.000000 0.000000 0.000000 0.000000
0.000000 0.000000 0.000000 0.000000 0.000000 0.000000 0.000000
0.000000 0.000000 0.000000 0.000000 0.000000 0.000000 0.000000
0.000000 0.000000 0.000000 0.000000 0.000000 0.000000 0.000000
0.000000 0.000000 0.000000 0.000000 0.000000 0.000000 0.000000
0.000000 0.000000 0.000000 0.000000 0.000000 0.000000 0.000000
0.000000 0.000000 0.000000 0.000000 0.000000 0.000000 0.000000
0.000000 0.000000 0.000000 0.000000 0.000000 0.000000 0.000000
0.000000 0.000000 0.000000 0.000000 0.000000 0.000000 0.000000
0.000000 0.000000 0.000000 0.000000 0.000000 0.000000 0.000000
0.000000 0.000000 0.000000 0.000000 0.000000 0.000000 0.000000
0.000000 0.000000 0.000000 0.000000 0.000000 0.000000 0.000000
0.000000 0.000000 0.000000 0.000000 0.000000 0.000000 0.000000
0.000000 0.000000 0.000000 0.000000 0.000000 0.000000 0.000000
0.000000 0.000000 0.000000 0.000000 0.000000 0.000000 0.000000
0.000000 0.000000 0.000000 0.000000 0.000000 0.000000 0.000000
0.000000 0.000000 0.000000 0.000000 0.000000 0.000000 0.000000
0.000000 0.000000 0.000000 0.000000 0.000000 0.000000 0.000000
0.000000 0.000000 0.000000 0.000000 0.000000 0.000000 0.000000
0.000000 0.000000 0.000000 0.000000 0.000000 0.000000 0.000000
0.000000 0.000000 0.000000 0.000000 0.000000 0.000000 0.000000
0.000000 0.000000 0.000000 0.000000 0.000000 0.000000 0.000000
0.000000 0.000000 0.000000 0.000000 0.000000 0.000000 0.000000
0.000000 0.000000 0.000000 0.000000 0.000000 0.000000 0.000000
0.000000 0.000000 0.000000 0.000000 0.000000 0.000000 0.000000
0.000000 0.000000 0.000000 0.000000 0.000000 0.000000 0.000000
0.000000 0.000000 0.000000 0.000000 0.000000 0.000000 0.000000
0.000000 0.000000 0.000000 0.000000 0.000000 0.000000 0.000000
0.000000 0.000000 0.000000 0.000000 0.000000 0.000000 0.000000
0.000000 0.000000 0.000000 0.000000 0.000000 0.000000 0.000000
0.000000 0.000000 0.000000 0.000000 0.000000 0.000000 0.000000
0.000000 0.000000 0.000000 0.000000 0.000000 0.000000 0.000000
0.000000 0.000000 0.000000 0.000000 0.000000 0.000000 0.000000
0.000000 0.000000 0.000000 0.000000 0.000000 0.000000 0.000000
0.000000 0.000000 0.000000 0.000000 0.000000 0.000000 0.000000
0.000000 0.000000 0.000000 0.000000 0.000000 0.000000 0.000000
0.000000 0.000000 0.000000 0.000000 0.000000 0.000000 0.000000
0.000000 0.000000 0.000000 0.000000 0.000000 0.000000 0.000000
0.000000 0.000000 0.000000 0.000000 0.000000 0.000000 0.000000
0.000000 0.000000 0.000000 0.000000 0.000000 0.000000 0.000000
0.000000 0.000000 0.000000 0.000000 0.000000 0.000000 0.000000
0.000000 0.000000 0.000000 0.000000 0.000000 0.000000 0.000000
0.000000 0.000000 0.000000 0.000000 0.000000 0.000000 0.000000
0.000000 0.000000 0.000000 0.000000 0.000000 0.000000 0.000000
0.000000 0.000000 0.000000 0.000000 0.000000 0.000000 0.000000
0.000000 0.000000 0.000000 0.000000 0.000000 0.000000 0.000000
0.000000 0.000000 0.000000 0.000000 0.000000 0.000000 0.000000
0.000000 0.000000 0.000000 0.000000 0.000000 0.000000 0.000000
0.000000 0.000000 0.000000 0.000000 0.000000 0.000000 0.000000
0.000000 0.000000 0.000000 0.000000 0.000000 0.000000 0.000000
0.000000 0.000000 0.000000 0.000000 0.000000 0.000000 0.000000
0.000000 0.000000 0.000000 0.000000 0.000000 0.000000 0.000000
0.000000 0.000000 0.000000 0.000000 0.000000 0.000000 0.000000
0.000000 0.000000 0.000000 0.000000 0.000000 0.000000 0.000000
0.000000 0.000000 0.000000 0.000000 0.000000 0.000000 0.000000
0.000000 0.000000 0.000000 0.000000 0.000000 0.000000 0.000000
0.000000 0.000000 0.000000 0.000000 0.000000 0.000000 0.000000
0.000000 0.000000 0.000000 0.000000 0.000000 0.000000 0.000000
0.000000 0.000000 0.000000 0.000000 0.000000 0.000000 0.000000
0.000000 0.000000 0.000000 0.000000 0.000000 0.000000 0.000000
0.000000 0.000000 0.000000 0.000000 0.000000 0.000000 0.000000
0.000000 0.000000 0.000000 0.000000 0.000000 0.000000 0.000000
0.000000 0.000000 0.000000 0.000000 0.000000 0.000000 0.000000
0.000000 0.000000 0.000000 0.000000 0.000000 0.000000 0.000000
0.000000 0.000000 0.000000 0.000000 0.000000 0.000000 0.000000
0.000000 0.000000 0.000000 0.000000 0.000000 0.000000 0.000000
0.000000 0.000000 0.000000 0.000000 0.000000 0.000000 0.000000
0.000000 0.000000 0.000000 0.000000 0.000000 0.000000 0.000000
0.000000 0.000000 0.000000 0.000000 0.000000 0.000000 0.000000
0.000000 0.000000 0.000000 0.000000 0.000000 0.000000 0.000000
0.000000 0.000000 0.000000 0.000000 0.000000 0.000000 0.000000
0.000000 0.000000 0.000000 0.000000 0.000000 0.000000 0.000000
0.000000 0.000000 0.000000 0.000000 0.000000 0.000000 0.000000
0.000000 0.000000 0.000000 0.000000 0.000000 0.000000 0.000000
0.000000 0.000000 0.000000 0.000000 0.000000 0.000000 0.000000
0.000000 0.000000 0.000000 0.000000 0.000000 0.000000 0.000000
0.000000 0.000000 0.000000 0.000000 0.000000 0.000000 0.000000
0.000000 0.000000 0.000000 0.000000 0.000000 0.000000 0.000000
0.000000 0.000000 0.000000 0.000000 0.000000 0.000000 0.000000
0.000000 0.000000 0.000000 0.000000 0.000000 0.000000 0.000000
0.000000 0.000000 0.000000 0.000000 0.000000 0.000000 0.000000
0.000000 0.000000 0.000000 0.000000 0.000000 0.000000 0.000000
0.000000 0.000000 0.000000 0.000000 0.000000 0.000000 0.000000
0.000000 0.000000 0.000000 0.000000 0.000000 0.000000 0.000000
0.000000 0.000000 0.000000 0.000000 0.000000 0.000000 0.000000
0.000000 0.000000 0.000000 0.000000 0.000000 0.000000 0.000000
0.000000 0.000000 0.000000 0.000000 0.000000 0.000000 0.000000
0.000000 0.000000 0.000000 0.000000 0.000000 0.000000 0.000000
0.000000 0.000000 0.000000 0.000000 0.000000 0.000000 0.000000
0.000000 0.000000 0.000000 0.000000 0.000000 0.000000 0.000000
0.000000 0.000000 0.000000 0.000000 0.000000 0.000000 0.000000
0.000000 0.000000 0.000000 0.000000 0.000000 0.000000 0.000000
0.000000 0.000000 0.000000 0.000000 0.000000 0.000000 0.000000
0.000000 0.000000 0.000000 0.000000 0.000000 0.000000 0.000000
0.000000 0.000000 0.000000 0.000000 0.000000 0.000000 0.000000
0.000000 0.000000 0.000000 0.000000 0.000000 0.000000 0.000000
0.000000 0.000000 0.000000 0.000000 0.000000 0.000000 0.000000
0.000000 0.000000 0.000000 0.000000 0.000000 0.000000 0.000000
0.000000 0.000000 0.000000 0.000000 0.000000 0.000000 0.000000
0.000000 0.000000 0.000000 0.000000 0.000000 0.000000 0.000000
0.000000 0.000000 0.000000 0.000000 0.000000 0.000000 0.000000
0.000000 0.000000 0.000000 0.000000 0.000000 0.000000 0.000000
0.000000 0.000000 0.000000 0.000000 0.000000 0.000000 0.000000
0.000000 0.000000 0.000000 0.000000 0.000000 0.000000 0.000000
0.000000 0.000000 0.000000 0.000000 0.000000 0.000000 0.000000
0.000000 0.000000 0.000000 0.000000 0.000000 0.000000 0.000000
0.000000 0.000000 0.000000 0.000000 0.000000 0.000000 0.000000
0.000000 0.000000 0.000000 0.000000 0.000000 0.000000 0.000000
0.000000 0.000000 0.000000 0.000000 0.000000 0.000000 0.000000
0.000000 0.000000 0.000000 0.000000 0.000000 0.000000 0.000000
0.000000 0.000000 0.000000 0.000000 0.000000 0.000000 0.000000
0.000000 0.000000 0.000000 0.000000 0.000000 0.000000 0.000000
0.000000 0.000000 0.000000 0.000000 0.000000 0.000000 0.000000
0.000000 0.000000 0.000000 0.000000 0.000000 0.000000 0.000000
0.000000 0.000000 0.000000 0.000000 0.000000 0.000000 0.000000
0.000000 0.000000 0.000000 0.000000 0.000000 0.000000 0.000000
0.000000 0.000000 0.000000 0.000000 0.000000 0.000000 0.000000
0.000000 0.000000 0.000000 0.000000 0.000000 0.000000 0.000000
0.000000 0.000000 0.000000 0.000000 0.000000 0.000000 0.000000
0.000000 0.000000 0.000000 0.000000 0.000000 0.000000 0.000000
0.000000 0.000000 0.000000 0.000000 0.000000 0.000000 0.000000
0.000000 0.000000 0.000000 0.000000 0.000000 0.000000 0.000000
0.000000 0.000000 0.000000 0.000000 0.000000 0.000000 0.000000
0.000000 0.000000 0.000000 0.000000 0.000000 0.000000 0.000000
0.000000 0.000000 0.000000 0.000000 0.000000 0.000000 0.000000
0.000000 0.000000 0.000000 0.000000 0.000000 0.000000 0.000000
0.000000 0.000000 0.000000 0.000000 0.000000 0.000000 0.000000
0.000000 0.000000 0.000000 0.000000 0.000000 0.000000 0.000000
0.000000 0.000000 0.000000 0.000000 0.000000 0.000000 0.000000
0.000000 0.000000 0.000000 0.000000 0.000000 0.000000 0.000000
0.000000 0.000000 0.000000 0.000000 0.000000 0.000000 0.000000
0.000000 0.000000 0.000000 0.000000 0.000000 0.000000 0.000000
0.000000 0.000000 0.000000 0.000000 0.000000 0.000000 0.000000
0.000000 0.000000 0.000000 0.000000 0.000000 0.000000 0.000000
0.000000 0.000000 0.000000 0.000000 0.000000 0.000000 0.000000
0.000000 0.000000 0.000000 0.000000 0.000000 0.000000 0.000000
0.000000 0.000000 0.000000 0.000000 0.000000 0.000000 0.000000
0.000000 0.000000 0.000000 0.000000 0.000000 0.000000 0.000000
0.000000 0.000000 0.000000 0.000000 0.000000 0.000000 0.000000
0.000000 0.000000 0.000000 0.000000 0.000000 0.000000 0.000000
0.000000 0.000000 0.000000 0.000000 0.000000 0.000000 0.000000
0.000000 0.000000 0.000000 0.000000 0.000000 0.000000 0.000000
0.000000 0.000000 0.000000 0.000000 0.000000 0.000000 0.000000
0.000000 0.000000 0.000000 0.000000 0.000000 0.000000 0.000000
0.000000 0.000000 0.000000 0.000000 0.000000 0.000000 0.000000
0.000000 0.000000 0.000000 0.000000 0.000000 0.000000 0.000000
0.000000 0.000000 0.000000 0.000000 0.000000 0.000000 0.000000
