0.000000 159500.000000
0.007203 139066.000000
0.007175 137915.960000
0.007146 137462.917600
0.007115 134206.692656
0.007082 133447.094215
0.007048 131683.919868
0.007011 135633.977290
0.006972 136173.037709
0.006930 133980.293794
0.006886 130311.248296
0.006839 129527.923193
0.006790 129039.598585
0.006738 125758.047679
0.006682 123946.732970
0.006623 118995.798643
0.006561 119387.546562
0.006495 115003.283576
0.006425 111983.480590
0.006350 110339.363391
0.006272 108603.725194
0.015773 108817.677145
0.035025 103889.135155
0.051186 100210.862040
0.050963 99143.513762
0.045294 93620.362941
0.048213 92249.335941
0.048686 87306.333160
0.048454 84977.658360
0.049287 80738.400746
0.049383 78359.256428
0.046341 75335.726019
0.080308 72273.569807
0.074386 69712.466876
0.068636 68145.563203
0.066670 66620.790844
0.059477 65223.786106
0.017039 64355.582440
0.038774 64273.614795
0.054054 64566.117289
0.054479 64433.498809
0.003357 64351.027292
0.050602 64378.666051
0.023948 64258.768391
0.046272 64279.509175
0.023920 64256.402795
0.055471 64784.517377
0.030921 64259.325140
0.054731 64581.520934
0.010087 64353.862603
0.053980 64387.079177
0.016896 64302.752017
0.050468 64236.331448
0.048894 64308.302582
0.053141 64837.942015
0.010030 64251.459025
0.050675 64187.267170
0.037689 64254.763893
0.054849 64394.396511
0.003274 64349.768253
0.052751 64751.485474
0.003262 64199.178175
0.057328 64807.566384
0.003328 64201.178867
0.051916 64638.003210
0.003321 64250.482287
0.055960 64692.309182
0.003313 64300.723796
0.054854 64394.478597
0.009979 64250.679886
0.056655 64796.916152
0.003294 64250.074640
0.051586 64393.813225
0.016699 64350.480673
0.055568 64452.165753
0.006588 64350.071983
0.053312 64946.779165
0.000000 64149.900880
0.016634 64249.504402
0.056604 64696.397587
0.003308 64200.000000
0.055365 64548.681205
0.003298 64350.133218
0.047066 64392.881835
0.003291 64250.090949
0.055220 64400.453699
0.009905 64249.562190
0.057060 64803.332066
0.000000 64200.000000
0.009998 64250.976234
0.054894 64342.481026
0.016605 64349.071840
0.058695 65157.140894
0.003265 64249.635036
0.058089 65013.518252
0.003254 64198.912700
0.057869 65009.687525
0.030844 64257.938620
0.052618 64931.290080
0.016877 64251.892682
