8 106 7 6 5 1 101 2 3 4
0.000000 0.000000 0.000000 0.000000 0.000000 0.000000 0.000000 0.000000 0.000000 0.000000
0.000000 0.000000 0.000000 0.000000 0.000000 0.000000 0.000000 0.000000 0.000000 0.000000
0.000000 0.000000 0.000000 0.000000 0.000000 0.000000 0.000000 1.600000 0.600000 0.000000
0.000000 0.000000 0.000000 0.000000 0.000000 0.000000 0.000000 1.600000 0.600000 0.000000
0.000000 0.000000 0.000000 0.000000 0.000000 0.000000 0.000000 1.600000 0.600000 0.000000
0.000000 0.000000 0.000000 0.000000 0.000000 0.000000 0.000000 1.600000 0.600000 0.000000
0.000000 0.000000 0.000000 0.000000 0.000000 0.000000 0.000000 1.600000 0.600000 0.000000
0.000000 0.000000 0.000000 0.000000 0.000000 0.000000 0.000000 1.600000 0.600000 0.000000
0.000000 0.000000 0.000000 0.000000 0.000000 0.000000 0.000000 1.600000 0.600000 0.000000
0.000000 0.000000 0.000000 0.000000 0.000000 0.000000 0.000000 1.600000 0.600000 0.000000
0.000000 0.000000 0.000000 0.000000 0.000000 0.000000 0.000000 1.600000 0.600000 0.000000
0.000000 0.000000 0.000000 0.000000 0.000000 0.000000 0.000000 1.600000 0.600000 0.000000
0.000000 0.000000 0.000000 0.000000 0.000000 0.000000 0.000000 2.400000 1.000000 0.000000
0.000000 0.000000 0.000000 0.600000 0.400000 0.000000 0.000000 1.000000 0.200000 0.200000
0.000000 0.000000 0.000000 0.600000 0.400000 0.000000 0.000000 2.200000 0.800000 0.400000
0.000000 0.000000 0.000000 0.600000 0.400000 0.000000 0.000000 2.400000 0.800000 0.400000
0.000000 0.000000 0.000000 0.800000 0.400000 0.000000 0.000000 2.200000 1.000000 0.400000
0.000000 0.000000 0.000000 0.800000 0.600000 0.000000 0.000000 1.800000 0.600000 0.600000
0.000000 0.000000 0.000000 0.800000 0.600000 0.000000 0.000000 2.000000 0.600000 0.600000
0.000000 0.000000 0.000000 1.000000 0.600000 0.000000 0.000000 1.600000 0.600000 0.600000
0.000000 0.000000 0.000000 1.000000 0.600000 0.000000 0.000000 1.600000 0.600000 0.600000
0.000000 0.000000 0.000000 1.000000 0.600000 0.000000 0.000000 1.600000 0.600000 0.600000
0.000000 0.000000 0.000000 1.000000 0.600000 0.000000 0.000000 1.600000 0.600000 0.600000
0.000000 0.000000 0.000000 1.400000 1.000000 0.000000 0.000000 1.600000 0.600000 0.800000
0.000000 0.000000 0.000000 0.600000 0.600000 0.000000 0.000000 2.400000 0.800000 0.400000
0.000000 0.000000 0.000000 1.000000 0.800000 0.000000 0.000000 1.000000 0.400000 0.800000
0.000000 0.000000 0.000000 1.200000 0.800000 0.000000 0.000000 2.400000 1.200000 0.800000
0.000000 0.000000 0.000000 1.200000 1.000000 0.000000 0.000000 2.600000 0.800000 0.800000
0.000000 0.000000 0.000000 1.400000 1.000000 0.000000 0.000000 2.200000 0.800000 0.800000
0.000000 0.000000 0.000000 1.400000 1.200000 0.000000 0.000000 2.200000 1.000000 0.800000
0.000000 0.000000 0.000000 1.600000 1.000000 0.000000 0.000000 2.400000 0.600000 1.000000
0.000000 0.000000 0.000000 1.400000 1.200000 0.000000 0.000000 2.000000 0.600000 0.600000
0.000000 0.000000 0.000000 1.400000 1.200000 0.000000 0.000000 2.000000 0.600000 0.800000
0.000000 0.000000 0.000000 1.600000 1.200000 0.000000 0.000000 2.200000 0.600000 0.400000
0.000000 0.000000 0.000000 1.400000 1.800000 0.000000 0.000000 1.800000 0.600000 0.600000
0.000000 0.000000 0.000000 1.400000 1.400000 0.000000 0.000000 1.800000 0.600000 1.000000
0.000000 0.000000 0.000000 0.600000 1.400000 0.000000 0.000000 2.600000 0.800000 0.200000
0.000000 0.000000 0.000000 1.200000 1.800000 0.000000 0.000000 1.200000 0.400000 0.400000
0.000000 0.000000 0.000000 1.200000 1.400000 0.000000 0.000000 2.600000 1.200000 0.600000
0.000000 0.000000 0.000000 1.400000 1.600000 0.000000 0.000000 2.400000 0.800000 0.600000
0.000000 0.000000 0.000000 1.600000 1.600000 0.000000 0.000000 2.200000 0.800000 0.600000
0.000000 0.000000 0.000000 1.800000 1.600000 0.000000 0.000000 1.800000 0.800000 0.600000
0.000000 0.000000 0.000000 2.000000 1.600000 0.000000 0.000000 1.800000 0.800000 0.600000
0.000000 0.000000 0.000000 1.600000 1.800000 0.000000 0.000000 2.000000 0.800000 0.600000
0.000000 0.000000 0.000000 1.800000 2.000000 0.000000 0.000000 1.600000 1.000000 0.800000
0.000000 0.000000 0.000000 1.400000 2.000000 0.000000 0.000000 1.600000 0.600000 0.800000
0.000000 0.000000 0.000000 1.400000 2.600000 0.000000 0.000000 1.600000 0.600000 0.800000
0.000000 0.000000 0.000000 2.200000 1.600000 0.000000 0.000000 1.600000 0.600000 1.200000
0.000000 0.000000 0.000000 0.600000 2.000000 0.000000 0.000000 2.400000 0.800000 0.400000
0.000000 0.000000 0.000000 1.200000 2.400000 0.000000 0.000000 0.800000 0.400000 0.600000
0.000000 0.000000 0.000000 1.400000 2.000000 0.000000 0.000000 2.200000 1.000000 0.800000
0.000000 0.000000 0.000000 1.200000 2.600000 0.000000 0.000000 1.800000 0.600000 0.400000
0.000000 0.000000 0.000000 1.200000 2.400000 0.000000 0.000000 2.400000 0.800000 0.400000
0.000000 0.000000 0.000000 1.400000 2.000000 0.000000 0.000000 1.600000 0.800000 0.600000
0.000000 0.000000 0.000000 1.600000 2.000000 0.000000 0.000000 1.600000 1.000000 0.600000
0.000000 0.000000 0.000000 1.400000 2.400000 0.000000 0.000000 1.600000 0.600000 0.600000
0.000000 0.000000 0.000000 1.000000 2.600000 0.000000 0.000000 1.800000 0.600000 0.600000
0.000000 0.000000 0.000000 1.200000 2.800000 0.000000 0.000000 1.400000 0.600000 0.600000
0.000000 0.000000 0.000000 1.200000 3.000000 0.000000 0.000000 1.400000 0.600000 0.600000
0.000000 0.000000 0.000000 1.800000 2.200000 0.000000 0.000000 1.400000 0.600000 0.800000
0.000000 0.000000 0.000000 0.600000 2.000000 0.000000 0.000000 2.200000 0.800000 0.600000
0.000000 0.000000 0.000000 0.800000 2.400000 0.000000 0.000000 0.800000 0.400000 0.800000
0.000000 0.000000 0.000000 1.000000 2.000000 10.200000 0.000000 3.000000 6.600000 0.800000
0.000000 0.000000 0.000000 0.600000 2.400000 4.000000 0.000000 3.000000 13.000000 0.800000
0.000000 0.000000 0.000000 0.600000 2.400000 0.000000 0.000000 3.000000 16.600000 0.800000
0.000000 0.000000 0.000000 0.600000 2.000000 0.000000 0.000000 3.200000 16.600000 0.800000
0.000000 0.000000 0.000000 1.000000 2.000000 0.000000 0.000000 2.800000 16.600000 1.000000
0.000000 0.000000 0.000000 0.600000 2.200000 0.000000 0.000000 3.000000 16.600000 0.600000
0.000000 0.000000 0.000000 0.800000 2.400000 0.000000 0.000000 2.600000 16.600000 0.600000
0.000000 0.000000 0.000000 0.800000 2.000000 0.000000 0.000000 2.600000 16.600000 0.600000
0.000000 0.000000 0.000000 1.000000 2.800000 0.000000 0.000000 2.800000 16.600000 0.600000
0.000000 0.000000 0.000000 1.000000 1.600000 0.000000 0.000000 2.400000 16.600000 1.200000
0.000000 0.000000 0.000000 0.600000 1.600000 0.000000 0.000000 3.800000 22.600000 0.000000
0.000000 0.000000 0.000000 1.400000 1.400000 0.000000 0.000000 1.000000 16.600000 0.600000
0.000000 0.000000 0.000000 1.400000 1.400000 10.000000 0.000000 3.600000 15.000000 0.600000
0.000000 0.000000 0.000000 1.400000 1.800000 3.800000 0.000000 3.400000 12.800000 0.800000
0.000000 0.000000 0.000000 1.400000 1.400000 0.000000 0.000000 3.200000 16.800000 1.000000
0.000000 0.000000 0.000000 1.600000 1.600000 0.000000 0.000000 3.000000 16.400000 1.000000
0.000000 0.000000 0.000000 1.800000 1.800000 0.000000 0.000000 2.800000 16.400000 1.000000
0.000000 0.000000 0.000000 2.200000 1.600000 0.000000 0.000000 2.400000 16.600000 1.200000
0.000000 0.000000 0.000000 1.400000 1.800000 0.000000 0.000000 2.400000 16.200000 1.200000
0.000000 0.000000 0.000000 1.400000 1.800000 0.000000 0.000000 2.400000 16.200000 1.200000
0.000000 0.000000 0.000000 1.400000 2.000000 0.000000 0.000000 2.400000 16.200000 1.200000
0.000000 0.000000 0.000000 2.400000 1.800000 0.000000 0.000000 2.400000 16.200000 1.800000
0.000000 0.000000 0.000000 0.400000 2.000000 0.000000 0.000000 3.800000 22.000000 0.600000
0.000000 0.000000 0.000000 1.400000 2.000000 0.000000 0.000000 1.200000 16.200000 1.000000
0.000000 0.000000 0.000000 1.400000 2.000000 10.400000 0.000000 3.000000 15.000000 1.200000
0.000000 0.000000 0.000000 1.600000 2.400000 4.200000 0.000000 2.800000 12.800000 1.200000
0.000000 0.000000 0.000000 1.800000 1.800000 0.000000 0.000000 2.600000 17.000000 1.200000
0.000000 0.000000 0.000000 2.000000 1.600000 0.000000 0.000000 2.400000 17.000000 1.400000
0.000000 0.000000 0.000000 2.000000 1.200000 0.000000 0.000000 2.000000 17.000000 1.400000
0.000000 0.000000 0.000000 2.200000 1.600000 0.000000 0.000000 2.000000 17.200000 1.000000
0.000000 0.000000 0.000000 2.000000 1.200000 0.000000 0.000000 2.000000 17.000000 1.200000
0.000000 0.000000 0.000000 1.600000 1.600000 0.000000 0.000000 2.000000 16.600000 0.800000
0.000000 0.000000 0.000000 1.600000 2.000000 0.000000 0.000000 2.000000 16.600000 0.800000
0.000000 0.000000 0.000000 2.600000 1.400000 0.000000 0.000000 2.000000 16.600000 1.200000
0.000000 0.000000 0.000000 0.600000 1.600000 0.000000 0.000000 3.200000 22.400000 0.400000
0.000000 0.000000 0.000000 1.800000 1.600000 0.000000 0.000000 1.000000 16.600000 0.400000
0.000000 0.000000 0.000000 1.800000 1.600000 9.800000 0.000000 3.200000 15.600000 0.600000
0.000000 0.000000 0.000000 2.000000 1.600000 3.600000 0.000000 2.800000 13.000000 0.600000
0.000000 0.000000 0.000000 2.200000 1.600000 0.000000 0.000000 2.800000 16.600000 0.800000
0.000000 0.000000 0.000000 2.000000 1.800000 0.000000 0.000000 3.000000 16.600000 0.400000
0.000000 0.000000 0.000000 1.800000 2.000000 0.000000 0.000000 2.800000 17.000000 0.600000
0.000000 0.000000 0.000000 1.800000 2.400000 0.000000 0.000000 2.400000 16.200000 0.400000
0.000000 0.000000 0.000000 1.800000 2.600000 0.000000 0.000000 2.400000 16.200000 0.400000
0.000000 0.000000 0.000000 2.000000 2.400000 0.000000 0.000000 2.400000 16.200000 0.400000
0.000000 0.000000 0.000000 1.600000 3.000000 0.000000 0.000000 2.400000 16.200000 0.400000
0.000000 0.000000 0.000000 2.800000 1.400000 0.000000 0.000000 2.400000 16.400000 0.400000
0.000000 0.000000 0.000000 0.400000 2.800000 0.000000 0.000000 3.800000 21.800000 0.400000
0.000000 0.000000 0.000000 1.400000 2.600000 0.000000 0.000000 1.000000 16.200000 0.800000
0.000000 0.000000 0.000000 1.400000 2.400000 10.200000 0.000000 2.600000 14.600000 0.800000
0.000000 0.000000 0.000000 1.600000 2.600000 4.000000 0.000000 2.600000 12.400000 0.800000
0.000000 0.000000 0.000000 2.000000 2.600000 0.000000 0.000000 2.400000 16.600000 1.200000
0.000000 0.000000 0.000000 1.800000 3.000000 0.000000 0.000000 1.600000 16.600000 1.000000
0.000000 0.000000 0.000000 1.800000 2.800000 0.000000 0.000000 1.600000 16.600000 1.000000
0.000000 0.000000 0.000000 1.800000 2.600000 0.000000 0.000000 1.600000 16.600000 1.000000
0.000000 0.000000 0.000000 1.800000 2.400000 0.000000 0.000000 1.600000 16.600000 1.000000
0.000000 0.000000 0.000000 2.000000 2.000000 0.000000 0.000000 1.600000 16.600000 1.000000
0.000000 0.000000 0.000000 1.600000 3.200000 0.000000 0.000000 1.600000 16.600000 1.200000
0.000000 0.000000 0.000000 2.600000 1.400000 0.000000 0.000000 1.600000 16.600000 1.200000
0.000000 0.000000 0.000000 0.600000 1.400000 0.000000 0.000000 2.600000 22.600000 0.400000
0.000000 0.000000 0.000000 1.000000 1.800000 0.000000 0.000000 0.800000 16.600000 1.000000
0.000000 0.000000 0.000000 1.000000 1.000000 10.200000 0.000000 3.200000 15.000000 1.000000
0.000000 0.000000 0.000000 1.200000 1.200000 4.000000 0.000000 2.400000 12.800000 1.200000
0.000000 0.000000 0.000000 1.200000 1.200000 0.000000 0.000000 2.600000 16.800000 1.200000
0.000000 0.000000 0.000000 1.600000 1.400000 0.000000 0.000000 2.200000 16.800000 1.400000
0.000000 0.000000 0.000000 1.400000 1.400000 0.000000 0.000000 2.200000 16.800000 1.000000
0.000000 0.000000 0.000000 1.000000 1.200000 0.000000 0.000000 2.200000 17.000000 1.200000
0.000000 0.000000 0.000000 1.000000 1.400000 0.000000 0.000000 2.200000 16.600000 0.800000
0.000000 0.000000 0.000000 1.000000 1.400000 0.000000 0.000000 2.200000 16.600000 0.800000
0.000000 0.000000 0.000000 1.200000 1.800000 0.000000 0.000000 2.200000 16.600000 0.800000
0.000000 0.000000 0.000000 1.200000 1.200000 0.000000 0.000000 2.200000 16.800000 1.400000
0.000000 0.000000 0.000000 0.400000 1.600000 0.000000 0.000000 3.400000 22.200000 0.200000
0.000000 0.000000 0.000000 1.200000 1.800000 0.000000 0.000000 1.200000 16.400000 0.600000
0.000000 0.000000 0.000000 1.200000 1.400000 9.600000 0.000000 3.600000 15.400000 0.800000
0.000000 0.000000 0.000000 1.400000 1.800000 3.400000 0.000000 3.400000 13.000000 1.000000
0.000000 0.000000 0.000000 1.400000 2.400000 0.000000 0.000000 3.000000 16.000000 1.200000
0.000000 0.000000 0.000000 1.000000 2.200000 0.000000 0.000000 3.000000 16.000000 0.800000
0.000000 0.000000 0.000000 1.000000 2.200000 0.000000 0.000000 3.200000 16.000000 0.800000
0.000000 0.000000 0.000000 1.000000 2.400000 0.000000 0.000000 3.000000 16.000000 1.000000
0.000000 0.000000 0.000000 1.000000 2.200000 0.000000 0.000000 2.600000 16.000000 1.200000
0.000000 0.000000 0.000000 1.000000 1.800000 0.000000 0.000000 2.600000 16.200000 1.200000
0.000000 0.000000 0.000000 1.000000 2.200000 0.000000 0.000000 2.600000 15.800000 1.200000
0.000000 0.000000 0.000000 1.800000 2.000000 0.000000 0.000000 2.600000 15.800000 1.600000
0.000000 0.000000 0.000000 0.200000 2.000000 0.000000 0.000000 4.200000 21.600000 0.800000
0.000000 0.000000 0.000000 1.600000 2.000000 0.000000 0.000000 1.200000 15.800000 1.000000
0.000000 0.000000 0.000000 1.600000 1.200000 10.200000 0.000000 2.800000 14.400000 1.200000
0.000000 0.000000 0.000000 1.600000 1.400000 4.000000 0.000000 3.200000 12.800000 1.400000
0.000000 0.000000 0.000000 1.800000 1.600000 0.000000 0.000000 2.600000 16.400000 1.200000
0.000000 0.000000 0.000000 2.000000 1.800000 0.000000 0.000000 2.200000 16.400000 1.200000
0.000000 0.000000 0.000000 2.000000 1.400000 0.000000 0.000000 2.400000 16.400000 1.400000
0.000000 0.000000 0.000000 2.000000 1.400000 0.000000 0.000000 2.000000 16.400000 1.400000
0.000000 0.000000 0.000000 2.000000 1.600000 0.000000 0.000000 2.000000 16.400000 1.000000
0.000000 0.000000 0.000000 2.000000 1.200000 0.000000 0.000000 2.000000 16.400000 1.000000
0.000000 0.000000 0.000000 2.200000 1.400000 0.000000 0.000000 2.000000 16.400000 1.000000
0.000000 0.000000 0.000000 3.200000 1.200000 0.000000 0.000000 2.000000 16.400000 1.200000
0.000000 0.000000 0.000000 0.400000 1.800000 0.000000 0.000000 3.000000 22.200000 0.800000
0.000000 0.000000 0.000000 1.400000 2.000000 0.000000 0.000000 1.000000 16.400000 1.000000
0.000000 0.000000 0.000000 1.400000 1.800000 10.800000 0.000000 2.800000 15.600000 0.600000
0.000000 0.000000 0.000000 1.600000 2.000000 4.600000 0.000000 2.600000 12.800000 0.800000
0.000000 0.000000 0.000000 1.800000 2.000000 0.000000 0.000000 2.200000 17.000000 0.400000
0.000000 0.000000 0.000000 2.000000 1.600000 0.000000 0.000000 2.400000 17.000000 0.400000
0.000000 0.000000 0.000000 1.800000 1.800000 0.000000 0.000000 2.200000 17.000000 0.600000
0.000000 0.000000 0.000000 2.000000 1.800000 0.000000 0.000000 1.800000 17.000000 0.400000
0.000000 0.000000 0.000000 1.600000 2.200000 0.000000 0.000000 1.800000 17.000000 0.400000
0.000000 0.000000 0.000000 1.600000 1.800000 0.000000 0.000000 1.800000 17.000000 0.600000
0.000000 0.000000 0.000000 1.600000 2.400000 0.000000 0.000000 2.000000 17.000000 0.200000
0.000000 0.000000 0.000000 2.800000 1.200000 0.000000 0.000000 1.600000 17.000000 0.200000
0.000000 0.000000 0.000000 0.800000 1.800000 0.000000 0.000000 2.200000 22.800000 0.200000
0.000000 0.000000 0.000000 0.800000 2.400000 0.000000 0.000000 1.000000 17.000000 0.800000
0.000000 0.000000 0.000000 0.800000 1.200000 10.600000 0.000000 2.200000 16.600000 0.800000
0.000000 0.000000 0.000000 1.000000 1.600000 4.600000 0.000000 1.800000 12.800000 1.000000
0.000000 0.000000 0.000000 0.800000 1.800000 0.000000 0.000000 2.200000 17.400000 1.000000
0.000000 0.000000 0.000000 0.600000 2.000000 0.000000 0.000000 2.000000 17.400000 1.000000
0.000000 0.000000 0.000000 0.800000 2.000000 0.000000 0.000000 2.000000 17.400000 1.000000
0.000000 0.000000 0.000000 1.000000 2.000000 0.000000 0.000000 1.200000 17.800000 1.200000
0.000000 0.000000 0.000000 1.200000 2.800000 0.000000 0.000000 1.200000 17.000000 1.200000
0.000000 0.000000 0.000000 0.800000 2.200000 0.000000 0.000000 1.200000 17.000000 1.200000
0.000000 0.000000 0.000000 0.800000 2.800000 0.000000 0.000000 1.200000 17.000000 1.200000
0.000000 0.000000 0.000000 0.800000 1.600000 0.000000 0.000000 1.200000 17.000000 1.800000
0.000000 0.000000 0.000000 0.800000 1.800000 0.000000 0.000000 2.000000 23.000000 0.600000
0.000000 0.000000 0.000000 1.200000 1.800000 0.000000 0.000000 0.600000 16.800000 1.200000
0.000000 0.000000 0.000000 1.400000 1.000000 10.400000 0.000000 2.600000 16.000000 0.800000
0.000000 0.000000 0.000000 1.000000 1.600000 4.200000 0.000000 2.600000 13.200000 0.800000
0.000000 0.000000 0.000000 1.000000 1.800000 0.000000 0.000000 2.600000 17.000000 1.000000
0.000000 0.000000 0.000000 1.200000 1.800000 0.000000 0.000000 2.800000 17.200000 0.600000
0.000000 0.000000 0.000000 1.000000 2.400000 0.000000 0.000000 2.400000 16.800000 0.600000
0.000000 0.000000 0.000000 1.200000 2.200000 0.000000 0.000000 2.400000 16.800000 0.600000
0.000000 0.000000 0.000000 1.000000 2.200000 0.000000 0.000000 2.400000 17.000000 0.600000
0.000000 0.000000 0.000000 0.600000 2.400000 0.000000 0.000000 2.400000 16.600000 0.600000
0.000000 0.000000 0.000000 0.600000 2.000000 0.000000 0.000000 2.400000 16.600000 0.600000
0.000000 0.000000 0.000000 1.000000 2.000000 0.000000 0.000000 2.600000 16.600000 1.000000
0.000000 0.000000 0.000000 0.400000 2.200000 0.000000 0.000000 3.400000 22.400000 0.200000
0.000000 0.000000 0.000000 0.800000 2.600000 0.000000 0.000000 1.000000 16.600000 1.200000
0.000000 0.000000 0.000000 0.800000 1.800000 10.600000 0.000000 2.800000 15.800000 0.800000
0.000000 0.000000 0.000000 0.800000 2.200000 4.400000 0.000000 2.800000 12.800000 1.000000
0.000000 0.000000 0.000000 1.000000 1.800000 0.000000 0.000000 2.000000 17.200000 1.200000
0.000000 0.000000 0.000000 1.000000 2.000000 0.000000 0.000000 2.000000 17.400000 1.200000
0.000000 0.000000 0.000000 1.000000 1.800000 0.000000 0.000000 2.200000 17.000000 1.200000
0.000000 0.000000 0.000000 1.200000 2.000000 0.000000 0.000000 2.000000 17.200000 1.400000
0.000000 0.000000 0.000000 0.800000 2.000000 0.000000 0.000000 1.600000 16.800000 1.600000
0.000000 0.000000 0.000000 0.800000 2.200000 0.000000 0.000000 1.600000 16.800000 1.600000
0.000000 0.000000 0.000000 0.800000 2.000000 0.000000 0.000000 1.600000 16.800000 1.600000
0.000000 0.000000 0.000000 1.200000 1.800000 0.000000 0.000000 1.600000 16.800000 2.400000
0.000000 0.000000 0.000000 0.400000 1.800000 0.000000 0.000000 2.400000 22.600000 0.800000
0.000000 0.000000 0.000000 0.600000 1.200000 0.000000 0.000000 0.800000 17.200000 1.400000
0.000000 0.000000 0.000000 0.600000 1.000000 9.800000 0.000000 3.000000 15.600000 1.400000
0.000000 0.000000 0.000000 0.600000 1.200000 3.600000 0.000000 3.200000 12.800000 1.600000
0.000000 0.000000 0.000000 0.600000 1.400000 0.000000 0.000000 2.800000 16.000000 1.400000
0.000000 0.000000 0.000000 0.600000 1.400000 0.000000 0.000000 3.000000 16.000000 1.400000
0.000000 0.000000 0.000000 0.800000 1.400000 0.000000 0.000000 2.600000 16.000000 1.600000
0.000000 0.000000 0.000000 0.400000 1.800000 0.000000 0.000000 2.800000 16.000000 1.800000
0.000000 0.000000 0.000000 0.400000 1.600000 0.000000 0.000000 2.600000 16.000000 1.800000
0.000000 0.000000 0.000000 0.800000 1.400000 0.000000 0.000000 2.200000 16.000000 1.400000
0.000000 0.000000 0.000000 0.400000 1.200000 0.000000 0.000000 2.200000 16.000000 1.600000
0.000000 0.000000 0.000000 0.600000 1.400000 0.000000 0.000000 2.200000 16.000000 1.600000
0.000000 0.000000 0.000000 0.200000 1.200000 0.000000 0.000000 3.400000 21.800000 0.800000
0.000000 0.000000 0.000000 1.000000 1.400000 0.000000 0.000000 1.400000 16.000000 1.200000
0.000000 0.000000 0.000000 1.400000 1.200000 11.200000 0.000000 1.800000 14.800000 1.200000
0.000000 0.000000 0.000000 1.400000 1.000000 5.000000 0.000000 1.400000 12.600000 1.400000
0.000000 0.000000 0.000000 1.400000 1.200000 0.000000 0.000000 1.800000 17.600000 1.400000
0.000000 0.000000 0.000000 1.600000 0.800000 0.000000 0.000000 1.000000 17.800000 1.800000
0.000000 0.000000 0.000000 1.600000 1.000000 0.000000 0.000000 1.000000 17.400000 1.600000
0.000000 0.000000 0.000000 1.800000 1.000000 0.000000 0.000000 1.000000 17.400000 1.200000
0.000000 0.000000 0.000000 1.400000 1.200000 0.000000 0.000000 1.000000 17.400000 1.200000
0.000000 0.000000 0.000000 1.400000 1.200000 0.000000 0.000000 1.000000 17.400000 1.200000
0.000000 0.000000 0.000000 1.400000 1.400000 0.000000 0.000000 1.000000 17.400000 1.400000
0.000000 0.000000 0.000000 2.200000 1.000000 0.000000 0.000000 1.000000 17.400000 1.600000
0.000000 0.000000 0.000000 0.600000 1.200000 0.000000 0.000000 1.400000 23.200000 0.400000
0.000000 0.000000 0.000000 0.800000 1.400000 0.000000 0.000000 0.600000 17.400000 0.600000
0.000000 0.000000 0.000000 0.800000 1.000000 10.200000 0.000000 2.200000 17.000000 0.600000
0.000000 0.000000 0.000000 0.800000 1.400000 4.000000 0.000000 2.000000 13.600000 1.000000
0.000000 0.000000 0.000000 1.000000 1.800000 0.000000 0.000000 1.800000 17.200000 0.600000
0.000000 0.000000 0.000000 1.400000 2.200000 0.000000 0.000000 2.000000 17.000000 0.600000
0.000000 0.000000 0.000000 0.600000 2.600000 0.000000 0.000000 1.600000 16.600000 0.800000
0.000000 0.000000 0.000000 0.800000 2.400000 0.000000 0.000000 1.600000 16.600000 1.000000
0.000000 0.000000 0.000000 0.400000 2.400000 0.000000 0.000000 1.600000 16.600000 0.600000
0.000000 0.000000 0.000000 0.400000 2.000000 0.000000 0.000000 1.600000 16.600000 0.600000
0.000000 0.000000 0.000000 0.400000 2.200000 0.000000 0.000000 1.600000 16.600000 0.600000
0.000000 0.000000 0.000000 0.600000 1.800000 0.000000 0.000000 1.600000 16.600000 0.800000
0.000000 0.000000 0.000000 0.200000 2.000000 0.000000 0.000000 2.400000 22.600000 0.400000
0.000000 0.000000 0.000000 0.600000 2.200000 0.000000 0.000000 1.000000 16.600000 1.000000
0.000000 0.000000 0.000000 0.600000 2.200000 22.400000 0.000000 2.400000 15.400000 0.600000
0.000000 0.000000 0.000000 1.000000 2.200000 16.200000 0.000000 2.200000 12.800000 0.600000
0.000000 0.000000 0.000000 0.800000 2.200000 10.000000 0.000000 1.800000 19.000000 0.600000
0.000000 0.000000 0.000000 0.800000 1.800000 3.800000 0.000000 1.800000 25.200000 0.600000
0.000000 0.000000 0.000000 0.800000 2.000000 0.000000 0.000000 1.800000 29.200000 0.600000
0.000000 0.000000 0.000000 0.800000 2.000000 0.000000 0.000000 1.800000 28.800000 0.600000
0.000000 0.000000 0.000000 0.800000 1.800000 0.000000 0.000000 1.800000 28.800000 0.600000
0.000000 0.000000 0.000000 0.800000 1.600000 0.000000 0.000000 2.000000 28.800000 0.600000
0.000000 0.000000 0.000000 0.800000 1.400000 0.000000 0.000000 1.600000 28.800000 0.800000
0.000000 0.000000 0.000000 1.200000 1.000000 0.000000 0.000000 1.600000 28.800000 1.200000
0.000000 0.000000 0.000000 0.400000 1.000000 0.000000 0.000000 2.000000 34.600000 0.400000
0.000000 0.000000 0.000000 0.600000 1.600000 0.000000 0.000000 1.400000 28.800000 0.800000
0.000000 0.000000 0.000000 0.800000 0.400000 22.000000 0.000000 3.400000 28.400000 0.400000
0.000000 0.000000 0.000000 1.000000 0.400000 15.800000 0.000000 2.600000 30.200000 0.600000
0.000000 0.000000 0.000000 1.200000 0.600000 9.600000 0.000000 2.800000 31.400000 0.600000
0.000000 0.000000 0.000000 1.200000 0.800000 3.400000 0.000000 2.600000 28.400000 0.600000
0.000000 0.000000 0.000000 1.000000 1.600000 0.000000 0.000000 2.200000 28.600000 0.600000
0.000000 0.000000 0.000000 1.000000 1.600000 0.000000 0.000000 2.400000 28.600000 0.600000
0.000000 0.000000 0.000000 1.000000 1.600000 0.000000 0.000000 2.000000 28.800000 0.800000
0.000000 0.000000 0.000000 1.000000 2.000000 0.000000 0.000000 2.000000 28.400000 1.000000
0.000000 0.000000 0.000000 1.000000 1.600000 0.000000 0.000000 2.000000 28.400000 0.600000
0.000000 0.000000 0.000000 1.200000 1.600000 0.000000 0.000000 2.000000 28.400000 0.800000
0.000000 0.000000 0.000000 0.800000 1.600000 0.000000 0.000000 3.200000 34.200000 0.400000
0.000000 0.000000 0.000000 1.200000 1.600000 0.000000 0.000000 0.800000 28.600000 1.200000
0.000000 0.000000 0.000000 1.200000 1.800000 22.400000 0.000000 2.400000 27.800000 1.200000
0.000000 0.000000 0.000000 1.400000 1.800000 16.200000 0.000000 2.000000 29.400000 1.200000
0.000000 0.000000 0.000000 1.400000 2.600000 10.000000 0.000000 2.000000 31.000000 1.400000
0.000000 0.000000 0.000000 1.800000 1.000000 3.800000 0.000000 2.200000 27.600000 1.000000
0.000000 0.000000 0.000000 1.200000 1.400000 0.000000 0.000000 1.800000 29.000000 1.200000
0.000000 0.000000 0.000000 1.000000 1.800000 0.000000 0.000000 1.800000 29.200000 1.200000
0.000000 0.000000 0.000000 0.600000 1.800000 0.000000 0.000000 2.200000 28.800000 1.200000
0.000000 0.000000 0.000000 0.800000 1.800000 0.000000 0.000000 1.400000 28.800000 1.400000
0.000000 0.000000 0.000000 0.800000 1.800000 0.000000 0.000000 1.400000 28.800000 1.400000
0.000000 0.000000 0.000000 1.200000 2.000000 0.000000 0.000000 1.400000 28.800000 2.200000
0.000000 0.000000 0.000000 0.400000 1.800000 0.000000 0.000000 2.200000 34.800000 0.800000
0.000000 0.000000 0.000000 1.000000 1.800000 0.000000 0.000000 0.600000 28.600000 0.600000
0.000000 0.000000 0.000000 1.000000 2.200000 22.400000 0.000000 2.400000 28.200000 0.600000
0.000000 0.000000 0.000000 1.000000 1.600000 16.200000 0.000000 1.600000 30.000000 1.000000
0.000000 0.000000 0.000000 1.000000 1.800000 10.000000 0.000000 1.800000 31.200000 1.000000
0.000000 0.000000 0.000000 1.200000 1.400000 3.800000 0.000000 1.400000 27.800000 1.000000
0.000000 0.000000 0.000000 1.400000 1.800000 0.000000 0.000000 1.400000 29.400000 1.000000
0.000000 0.000000 0.000000 1.000000 2.000000 0.000000 0.000000 1.400000 29.200000 1.000000
0.000000 0.000000 0.000000 1.000000 2.000000 0.000000 0.000000 1.400000 28.800000 1.200000
0.000000 0.000000 0.000000 1.000000 1.600000 0.000000 0.000000 1.400000 28.800000 1.000000
0.000000 0.000000 0.000000 1.000000 1.800000 0.000000 0.000000 1.400000 28.800000 0.600000
0.000000 0.000000 0.000000 1.600000 1.400000 0.000000 0.000000 1.400000 28.800000 0.800000
0.000000 0.000000 0.000000 0.400000 2.000000 0.000000 0.000000 2.000000 34.600000 0.400000
0.000000 0.000000 0.000000 0.800000 2.000000 0.000000 0.000000 1.200000 28.800000 0.600000
0.000000 0.000000 0.000000 1.200000 2.000000 21.000000 0.000000 2.800000 28.400000 0.600000
0.000000 0.000000 0.000000 1.200000 2.000000 14.800000 0.000000 2.800000 29.800000 0.800000
0.000000 0.000000 0.000000 1.200000 2.400000 8.800000 0.000000 3.200000 31.000000 0.400000
0.000000 0.000000 0.000000 1.200000 2.200000 2.600000 0.000000 2.800000 27.800000 0.800000
0.000000 0.000000 0.000000 1.200000 2.200000 0.000000 0.000000 3.000000 27.600000 0.400000
0.000000 0.000000 0.000000 1.600000 2.400000 0.000000 0.000000 2.600000 27.800000 0.400000
0.000000 0.000000 0.000000 1.400000 2.800000 0.000000 0.000000 2.600000 27.400000 0.400000
0.000000 0.000000 0.000000 1.000000 2.400000 0.000000 0.000000 2.600000 27.400000 0.400000
0.000000 0.000000 0.000000 1.000000 2.800000 0.000000 0.000000 2.600000 27.400000 0.400000
0.000000 0.000000 0.000000 1.400000 1.200000 0.000000 0.000000 2.600000 27.400000 0.600000
0.000000 0.000000 0.000000 0.600000 1.600000 0.000000 0.000000 4.600000 33.400000 0.200000
0.000000 0.000000 0.000000 2.000000 1.600000 0.000000 0.000000 0.800000 27.400000 1.000000
0.000000 0.000000 0.000000 1.600000 1.800000 22.600000 0.000000 2.200000 26.600000 1.000000
0.000000 0.000000 0.000000 1.800000 1.800000 16.400000 0.000000 1.800000 28.400000 1.000000
0.000000 0.000000 0.000000 1.800000 2.200000 10.200000 0.000000 1.800000 29.200000 1.000000
0.000000 0.000000 0.000000 1.800000 1.600000 4.000000 0.000000 1.800000 25.400000 1.000000
0.000000 0.000000 0.000000 2.000000 1.200000 0.000000 0.000000 2.200000 29.400000 1.000000
0.000000 0.000000 0.000000 2.000000 1.400000 0.000000 0.000000 1.400000 29.400000 1.400000
0.000000 0.000000 0.000000 1.600000 1.800000 0.000000 0.000000 1.400000 29.600000 1.000000
0.000000 0.000000 0.000000 1.600000 1.800000 0.000000 0.000000 1.400000 29.200000 1.000000
0.000000 0.000000 0.000000 1.600000 1.800000 0.000000 0.000000 1.400000 29.200000 1.000000
0.000000 0.000000 0.000000 2.800000 1.000000 0.000000 0.000000 1.400000 29.400000 1.800000
0.000000 0.000000 0.000000 0.400000 1.400000 0.000000 0.000000 2.400000 34.800000 0.200000
0.000000 0.000000 0.000000 0.600000 1.400000 0.000000 0.000000 0.400000 29.000000 1.000000
0.000000 0.000000 0.000000 0.600000 1.400000 21.600000 0.000000 2.800000 28.600000 1.000000
0.000000 0.000000 0.000000 0.600000 1.400000 15.400000 0.000000 2.800000 30.400000 1.000000
0.000000 0.000000 0.000000 0.600000 1.400000 9.200000 0.000000 2.800000 31.600000 1.000000
0.000000 0.000000 0.000000 0.600000 1.600000 3.000000 0.000000 2.800000 28.600000 1.000000
0.000000 0.000000 0.000000 0.600000 2.400000 0.000000 0.000000 2.800000 28.400000 1.000000
0.000000 0.000000 0.000000 0.800000 1.600000 0.000000 0.000000 3.000000 28.600000 1.000000
0.000000 0.000000 0.000000 0.400000 2.000000 0.000000 0.000000 2.600000 28.200000 1.400000
0.000000 0.000000 0.000000 0.400000 2.000000 0.000000 0.000000 2.600000 28.400000 1.000000
0.000000 0.000000 0.000000 0.400000 2.400000 0.000000 0.000000 2.600000 28.000000 1.000000
0.000000 0.000000 0.000000 0.800000 2.400000 0.000000 0.000000 2.600000 28.000000 1.600000
0.000000 0.000000 0.000000 0.000000 1.800000 0.000000 0.000000 4.200000 33.800000 0.400000
0.000000 0.000000 0.000000 1.000000 1.800000 0.000000 0.000000 1.400000 28.000000 1.000000
0.000000 0.000000 0.000000 1.400000 1.800000 21.800000 0.000000 2.800000 27.800000 1.000000
0.000000 0.000000 0.000000 1.600000 1.800000 15.600000 0.000000 2.600000 29.200000 1.000000
0.000000 0.000000 0.000000 1.600000 2.400000 9.400000 0.000000 2.400000 30.200000 1.400000
0.000000 0.000000 0.000000 1.800000 1.800000 3.200000 0.000000 2.000000 26.800000 1.000000
0.000000 0.000000 0.000000 1.800000 1.400000 0.000000 0.000000 2.000000 28.400000 1.000000
0.000000 0.000000 0.000000 1.800000 1.600000 0.000000 0.000000 2.000000 28.400000 1.000000
0.000000 0.000000 0.000000 1.800000 1.400000 0.000000 0.000000 2.000000 28.600000 1.200000
0.000000 0.000000 0.000000 1.800000 1.400000 0.000000 0.000000 2.000000 28.200000 0.800000
0.000000 0.000000 0.000000 1.800000 1.000000 0.000000 0.000000 2.000000 28.200000 0.800000
0.000000 0.000000 0.000000 2.800000 1.000000 0.000000 0.000000 2.000000 28.200000 1.400000
0.000000 0.000000 0.000000 0.800000 1.400000 0.000000 0.000000 3.200000 34.200000 0.200000
0.000000 0.000000 0.000000 1.800000 1.800000 0.000000 0.000000 1.000000 28.000000 0.600000
0.000000 0.000000 0.000000 1.800000 1.200000 22.800000 0.000000 1.800000 27.600000 0.600000
0.000000 0.000000 0.000000 1.600000 1.400000 16.600000 0.000000 1.800000 29.400000 0.800000
0.000000 0.000000 0.000000 1.400000 1.600000 10.400000 0.000000 1.000000 30.600000 1.000000
0.000000 0.000000 0.000000 1.400000 1.600000 4.200000 0.000000 1.000000 26.600000 1.000000
0.000000 0.000000 0.000000 1.400000 2.000000 0.000000 0.000000 1.000000 29.800000 1.000000
0.000000 0.000000 0.000000 1.600000 1.800000 0.000000 0.000000 1.000000 29.600000 1.200000
0.000000 0.000000 0.000000 1.200000 2.200000 0.000000 0.000000 1.000000 29.200000 0.800000
0.000000 0.000000 0.000000 1.200000 2.200000 0.000000 0.000000 1.000000 29.200000 0.800000
0.000000 0.000000 0.000000 1.200000 2.800000 0.000000 0.000000 1.000000 29.200000 0.800000
0.000000 0.000000 0.000000 2.000000 1.600000 0.000000 0.000000 1.000000 29.200000 1.200000
0.000000 0.000000 0.000000 0.400000 2.000000 0.000000 0.000000 1.400000 35.000000 0.400000
0.000000 0.000000 0.000000 0.800000 2.000000 0.000000 0.000000 0.600000 29.200000 0.400000
0.000000 0.000000 0.000000 1.000000 2.000000 21.800000 0.000000 2.800000 28.800000 0.400000
0.000000 0.000000 0.000000 0.800000 2.400000 15.600000 0.000000 2.000000 30.000000 0.800000
0.000000 0.000000 0.000000 0.800000 2.400000 9.600000 0.000000 2.200000 31.400000 0.600000
0.000000 0.000000 0.000000 1.000000 1.800000 3.400000 0.000000 2.200000 29.200000 0.200000
0.000000 0.000000 0.000000 0.600000 2.600000 0.000000 0.000000 2.200000 28.800000 0.200000
0.000000 0.000000 0.000000 0.600000 2.400000 0.000000 0.000000 2.200000 28.400000 0.200000
0.000000 0.000000 0.000000 0.600000 2.600000 0.000000 0.000000 2.200000 28.400000 0.200000
0.000000 0.000000 0.000000 0.600000 2.400000 0.000000 0.000000 2.200000 28.400000 0.200000
0.000000 0.000000 0.000000 0.600000 2.400000 0.000000 0.000000 2.400000 28.400000 0.200000
0.000000 0.000000 0.000000 1.200000 1.600000 0.000000 0.000000 2.000000 28.400000 0.200000
0.000000 0.000000 0.000000 0.400000 2.000000 0.000000 0.000000 3.600000 34.400000 0.200000
0.000000 0.000000 0.000000 1.400000 2.000000 0.000000 0.000000 0.600000 28.400000 0.800000
0.000000 0.000000 0.000000 1.600000 2.200000 22.000000 0.000000 3.000000 27.400000 0.800000
0.000000 0.000000 0.000000 1.400000 2.400000 15.800000 0.000000 2.600000 29.600000 1.000000
0.000000 0.000000 0.000000 1.400000 3.200000 9.600000 0.000000 2.600000 31.000000 0.600000
0.000000 0.000000 0.000000 1.400000 1.800000 3.400000 0.000000 2.600000 26.600000 0.600000
0.000000 0.000000 0.000000 1.400000 2.200000 0.000000 0.000000 2.600000 28.800000 0.600000
0.000000 0.000000 0.000000 1.400000 1.800000 0.000000 0.000000 2.600000 29.000000 0.600000
0.000000 0.000000 0.000000 1.400000 2.200000 0.000000 0.000000 2.600000 28.600000 0.600000
0.000000 0.000000 0.000000 1.400000 2.200000 0.000000 0.000000 2.600000 28.600000 0.600000
0.000000 0.000000 0.000000 1.400000 1.800000 0.000000 0.000000 2.600000 28.600000 0.600000
0.000000 0.000000 0.000000 2.400000 1.000000 0.000000 0.000000 2.800000 28.600000 1.200000
0.000000 0.000000 0.000000 0.600000 1.200000 0.000000 0.000000 3.600000 34.400000 0.000000
0.000000 0.000000 0.000000 1.400000 1.400000 0.000000 0.000000 1.600000 28.600000 0.400000
0.000000 0.000000 0.000000 1.400000 1.000000 21.800000 0.000000 3.200000 28.400000 0.800000
0.000000 0.000000 0.000000 1.400000 1.200000 15.600000 0.000000 3.200000 29.800000 0.800000
0.000000 0.000000 0.000000 1.400000 1.400000 9.400000 0.000000 3.600000 30.800000 0.800000
0.000000 0.000000 0.000000 1.800000 1.000000 3.200000 0.000000 2.800000 27.800000 1.000000
0.000000 0.000000 0.000000 1.600000 1.800000 0.000000 0.000000 2.800000 28.800000 1.000000
0.000000 0.000000 0.000000 1.200000 1.800000 0.000000 0.000000 3.200000 28.600000 1.000000
0.000000 0.000000 0.000000 1.400000 2.000000 0.000000 0.000000 2.400000 28.200000 1.200000
0.000000 0.000000 0.000000 1.400000 2.000000 0.000000 0.000000 2.400000 28.200000 1.200000
0.000000 0.000000 0.000000 1.400000 2.400000 0.000000 0.000000 2.400000 28.200000 1.200000
0.000000 0.000000 0.000000 2.200000 1.600000 0.000000 0.000000 2.400000 28.200000 1.600000
0.000000 0.000000 0.000000 0.600000 2.000000 0.000000 0.000000 3.800000 34.000000 0.800000
0.000000 0.000000 0.000000 1.600000 2.000000 0.000000 0.000000 1.200000 28.200000 1.200000
0.000000 0.000000 0.000000 1.800000 2.000000 22.400000 0.000000 2.600000 28.000000 1.200000
0.000000 0.000000 0.000000 2.200000 2.000000 16.200000 0.000000 2.800000 29.400000 1.400000
0.000000 0.000000 0.000000 1.400000 2.600000 10.000000 0.000000 2.600000 30.600000 1.200000
0.000000 0.000000 0.000000 1.600000 2.400000 3.800000 0.000000 2.200000 26.600000 1.400000
0.000000 0.000000 0.000000 1.600000 2.800000 0.000000 0.000000 2.400000 29.400000 1.200000
0.000000 0.000000 0.000000 1.600000 3.000000 0.000000 0.000000 2.200000 29.000000 1.000000
0.000000 0.000000 0.000000 1.800000 2.200000 0.000000 0.000000 1.800000 29.000000 1.200000
0.000000 0.000000 0.000000 1.800000 2.200000 0.000000 0.000000 1.800000 29.000000 0.800000
0.000000 0.000000 0.000000 2.000000 2.800000 0.000000 0.000000 1.800000 29.200000 0.800000
0.000000 0.000000 0.000000 2.600000 2.000000 0.000000 0.000000 1.800000 28.800000 1.200000
0.000000 0.000000 0.000000 0.600000 2.400000 0.000000 0.000000 2.400000 34.600000 0.400000
0.000000 0.000000 0.000000 0.800000 2.600000 0.000000 0.000000 1.400000 28.800000 1.000000
0.000000 0.000000 0.000000 0.600000 2.600000 22.200000 0.000000 3.200000 28.400000 1.000000
0.000000 0.000000 0.000000 0.800000 2.400000 16.000000 0.000000 3.000000 30.200000 1.000000
0.000000 0.000000 0.000000 1.000000 2.400000 9.800000 0.000000 2.800000 31.400000 1.000000
0.000000 0.000000 0.000000 1.200000 1.800000 3.600000 0.000000 2.600000 28.600000 1.200000
0.000000 0.000000 0.000000 0.800000 2.600000 0.000000 0.000000 2.400000 28.600000 1.400000
0.000000 0.000000 0.000000 1.000000 2.600000 0.000000 0.000000 2.000000 28.600000 1.600000
0.000000 0.000000 0.000000 1.000000 2.600000 0.000000 0.000000 2.000000 28.600000 1.200000
0.000000 0.000000 0.000000 1.200000 3.000000 0.000000 0.000000 2.000000 28.600000 1.400000
0.000000 0.000000 0.000000 0.800000 2.800000 0.000000 0.000000 2.000000 28.600000 1.000000
0.000000 0.000000 0.000000 0.800000 2.000000 0.000000 0.000000 2.000000 28.600000 1.600000
0.000000 0.000000 0.000000 0.800000 2.200000 0.000000 0.000000 2.800000 34.600000 0.400000
0.000000 0.000000 0.000000 1.600000 1.800000 0.000000 0.000000 1.400000 28.400000 0.400000
0.000000 0.000000 0.000000 1.800000 1.800000 21.400000 0.000000 3.600000 27.800000 0.400000
0.000000 0.000000 0.000000 2.000000 1.800000 15.400000 0.000000 3.400000 29.600000 0.800000
0.000000 0.000000 0.000000 1.600000 2.800000 9.200000 0.000000 3.400000 30.800000 0.600000
0.000000 0.000000 0.000000 1.800000 1.600000 3.000000 0.000000 3.200000 27.400000 1.000000
0.000000 0.000000 0.000000 1.400000 2.000000 0.000000 0.000000 2.800000 28.000000 0.800000
0.000000 0.000000 0.000000 1.600000 1.800000 0.000000 0.000000 2.800000 28.000000 0.800000
0.000000 0.000000 0.000000 1.400000 1.600000 0.000000 0.000000 2.800000 28.000000 0.800000
0.000000 0.000000 0.000000 1.000000 2.000000 0.000000 0.000000 3.000000 28.000000 0.800000
0.000000 0.000000 0.000000 1.200000 1.600000 0.000000 0.000000 2.600000 28.000000 0.800000
0.000000 0.000000 0.000000 2.000000 1.600000 0.000000 0.000000 2.600000 28.200000 0.800000
0.000000 0.000000 0.000000 0.400000 2.400000 0.000000 0.000000 4.000000 33.800000 0.800000
0.000000 0.000000 0.000000 1.600000 2.600000 0.000000 0.000000 1.800000 27.800000 1.000000
0.000000 0.000000 0.000000 2.000000 2.200000 24.400000 0.000000 2.600000 26.800000 1.000000
0.000000 0.000000 0.000000 2.000000 2.200000 18.200000 0.000000 2.800000 29.000000 1.000000
0.000000 0.000000 0.000000 2.000000 2.600000 12.000000 0.000000 2.400000 30.200000 1.400000
0.000000 0.000000 0.000000 2.200000 2.000000 5.800000 0.000000 2.600000 26.000000 1.400000
0.000000 0.000000 0.000000 1.800000 2.400000 0.200000 0.000000 2.200000 30.800000 0.800000
0.000000 0.000000 0.000000 1.800000 2.000000 0.000000 0.000000 2.200000 31.000000 1.000000
0.000000 0.000000 0.000000 1.800000 2.200000 0.000000 0.000000 2.400000 31.000000 0.600000
0.000000 0.000000 0.000000 2.000000 1.800000 0.000000 0.000000 2.000000 31.200000 0.800000
0.000000 0.000000 0.000000 1.600000 3.000000 0.000000 0.000000 2.200000 30.800000 0.800000
0.000000 0.000000 0.000000 3.000000 1.800000 0.000000 0.000000 1.800000 30.800000 1.000000
0.000000 0.000000 0.000000 0.600000 1.400000 0.000000 0.000000 2.800000 36.600000 0.600000
0.000000 0.000000 0.000000 1.400000 1.400000 0.000000 0.000000 0.800000 30.800000 0.800000
0.000000 0.000000 0.000000 1.600000 1.400000 24.000000 0.000000 3.000000 30.600000 0.800000
0.000000 0.000000 0.000000 1.200000 1.600000 17.800000 0.000000 3.200000 31.800000 0.800000
0.000000 0.000000 0.000000 1.200000 2.000000 11.600000 0.000000 3.000000 33.200000 1.000000
0.000000 0.000000 0.000000 1.200000 1.400000 5.400000 0.000000 3.000000 32.400000 1.400000
0.000000 0.000000 0.000000 1.600000 2.000000 0.000000 0.000000 2.200000 31.200000 1.200000
0.000000 0.000000 0.000000 1.200000 2.400000 0.000000 0.000000 2.200000 31.000000 1.400000
0.000000 0.000000 0.000000 1.200000 2.800000 0.000000 0.000000 2.200000 30.600000 1.000000
0.000000 0.000000 0.000000 1.200000 2.400000 0.000000 0.000000 2.200000 30.600000 1.000000
0.000000 0.000000 0.000000 1.200000 2.800000 0.000000 0.000000 2.200000 30.800000 1.000000
0.000000 0.000000 0.000000 2.000000 2.200000 0.000000 0.000000 2.200000 30.400000 1.200000
0.000000 0.000000 0.000000 0.400000 2.600000 0.000000 0.000000 3.400000 36.200000 0.800000
0.000000 0.000000 0.000000 1.400000 2.600000 0.000000 0.000000 1.000000 30.400000 1.200000
0.000000 0.000000 0.000000 1.000000 3.000000 23.800000 0.000000 3.200000 30.200000 1.200000
0.000000 0.000000 0.000000 1.000000 2.600000 17.600000 0.000000 3.000000 31.400000 1.600000
0.000000 0.000000 0.000000 1.200000 3.000000 11.400000 0.000000 2.800000 33.000000 1.200000
0.000000 0.000000 0.000000 1.200000 2.600000 5.200000 0.000000 2.400000 31.400000 1.400000
0.000000 0.000000 0.000000 1.200000 2.200000 0.000000 0.000000 2.600000 30.600000 1.400000
0.000000 0.000000 0.000000 1.200000 2.400000 0.000000 0.000000 2.400000 30.800000 1.800000
0.000000 0.000000 0.000000 1.600000 2.200000 0.000000 0.000000 2.000000 30.400000 1.400000
0.000000 0.000000 0.000000 1.200000 2.800000 0.000000 0.000000 2.000000 30.400000 1.600000
0.000000 0.000000 0.000000 1.200000 2.600000 0.000000 0.000000 2.000000 30.400000 1.400000
0.000000 0.000000 0.000000 2.000000 1.400000 0.000000 0.000000 2.000000 30.600000 1.400000
0.000000 0.000000 0.000000 0.400000 2.400000 0.000000 0.000000 2.800000 36.000000 0.600000
0.000000 0.000000 0.000000 0.600000 2.200000 0.000000 0.000000 1.400000 30.400000 1.200000
0.000000 0.000000 0.000000 0.800000 2.000000 24.400000 0.000000 3.000000 29.600000 1.200000
0.000000 0.000000 0.000000 1.200000 2.200000 18.200000 0.000000 2.200000 31.400000 1.400000
0.000000 0.000000 0.000000 0.800000 2.000000 12.000000 0.000000 2.200000 32.600000 1.400000
0.000000 0.000000 0.000000 0.800000 2.000000 5.800000 0.000000 2.600000 30.800000 1.400000
0.000000 0.000000 0.000000 1.000000 2.200000 0.000000 0.000000 1.800000 31.000000 1.600000
0.000000 0.000000 0.000000 1.000000 2.400000 0.000000 0.000000 1.800000 31.000000 1.600000
0.000000 0.000000 0.000000 1.000000 2.000000 0.000000 0.000000 2.000000 31.000000 2.000000
0.000000 0.000000 0.000000 1.200000 2.200000 0.000000 0.000000 1.600000 31.000000 1.400000
0.000000 0.000000 0.000000 1.400000 2.400000 0.000000 0.000000 1.600000 31.000000 1.000000
0.000000 0.000000 0.000000 1.200000 1.800000 0.000000 0.000000 1.600000 31.200000 1.600000
0.000000 0.000000 0.000000 0.800000 1.200000 0.000000 0.000000 2.200000 36.600000 0.400000
0.000000 0.000000 0.000000 1.200000 1.400000 0.000000 0.000000 1.000000 30.800000 0.600000
0.000000 0.000000 0.000000 1.400000 1.000000 23.200000 0.000000 3.600000 30.400000 0.800000
0.000000 0.000000 0.000000 1.000000 1.200000 17.000000 0.000000 3.600000 31.800000 0.600000
0.000000 0.000000 0.000000 1.400000 1.600000 11.000000 0.000000 3.000000 33.000000 0.600000
0.000000 0.000000 0.000000 1.400000 0.800000 4.800000 0.000000 3.200000 31.400000 0.600000
0.000000 0.000000 0.000000 1.600000 1.400000 0.000000 0.000000 2.800000 30.200000 0.600000
0.000000 0.000000 0.000000 1.600000 1.400000 0.000000 0.000000 2.800000 30.600000 0.600000
0.000000 0.000000 0.000000 1.800000 2.000000 0.000000 0.000000 2.800000 29.800000 0.600000
0.000000 0.000000 0.000000 1.400000 1.800000 0.000000 0.000000 3.000000 29.800000 0.800000
0.000000 0.000000 0.000000 1.800000 1.800000 0.000000 0.000000 2.600000 30.000000 0.400000
0.000000 0.000000 0.000000 1.800000 2.400000 0.000000 0.000000 2.600000 29.600000 0.600000
0.000000 0.000000 0.000000 1.200000 2.200000 0.000000 0.000000 4.400000 35.600000 0.200000
0.000000 0.000000 0.000000 2.000000 2.600000 0.000000 0.000000 1.000000 29.600000 0.800000
0.000000 0.000000 0.000000 2.000000 2.200000 23.800000 0.000000 3.800000 28.800000 0.800000
0.000000 0.000000 0.000000 2.200000 2.200000 17.600000 0.000000 3.000000 30.400000 1.000000
0.000000 0.000000 0.000000 2.400000 2.800000 11.400000 0.000000 3.200000 32.000000 1.000000
0.000000 0.000000 0.000000 2.200000 1.800000 5.200000 0.000000 2.800000 29.200000 1.200000
0.000000 0.000000 0.000000 2.400000 2.000000 0.000000 0.000000 2.800000 30.800000 0.800000
0.000000 0.000000 0.000000 2.000000 2.000000 0.000000 0.000000 2.800000 30.800000 0.800000
0.000000 0.000000 0.000000 2.000000 1.800000 0.000000 0.000000 3.000000 30.800000 0.800000
0.000000 0.000000 0.000000 2.200000 1.400000 0.000000 0.000000 2.600000 30.800000 0.800000
0.000000 0.000000 0.000000 2.400000 1.600000 0.000000 0.000000 2.600000 31.000000 0.800000
0.000000 0.000000 0.000000 3.400000 1.800000 0.000000 0.000000 2.600000 30.800000 1.400000
0.000000 0.000000 0.000000 0.600000 2.200000 0.000000 0.000000 3.800000 36.200000 0.200000
0.000000 0.000000 0.000000 1.400000 2.200000 0.000000 0.000000 1.600000 30.400000 0.600000
0.000000 0.000000 0.000000 1.400000 2.200000 24.400000 0.000000 3.000000 30.000000 0.800000
0.000000 0.000000 0.000000 1.600000 2.600000 18.200000 0.000000 3.000000 31.800000 1.000000
0.000000 0.000000 0.000000 1.600000 2.600000 12.000000 0.000000 2.400000 32.800000 1.000000
0.000000 0.000000 0.000000 1.800000 2.800000 5.800000 0.000000 2.200000 32.200000 1.000000
0.000000 0.000000 0.000000 2.000000 3.200000 0.200000 0.000000 2.000000 30.600000 1.000000
0.000000 0.000000 0.000000 2.200000 3.000000 0.000000 0.000000 1.600000 30.800000 1.000000
0.000000 0.000000 0.000000 2.400000 2.600000 0.000000 0.000000 1.600000 30.800000 1.000000
0.000000 0.000000 0.000000 2.200000 2.800000 0.000000 0.000000 1.600000 30.800000 1.200000
0.000000 0.000000 0.000000 1.800000 3.600000 0.000000 0.000000 1.600000 30.800000 0.800000
0.000000 0.000000 0.000000 2.600000 2.600000 0.000000 0.000000 1.600000 30.800000 1.200000
0.000000 0.000000 0.000000 1.000000 3.000000 0.000000 0.000000 2.400000 36.600000 0.400000
0.000000 0.000000 0.000000 1.400000 2.200000 0.000000 0.000000 0.800000 30.800000 0.800000
0.000000 0.000000 0.000000 1.400000 2.200000 23.600000 0.000000 3.400000 30.400000 0.800000
0.000000 0.000000 0.000000 1.400000 2.400000 17.400000 0.000000 3.600000 32.000000 0.800000
0.000000 0.000000 0.000000 1.600000 2.200000 11.200000 0.000000 3.200000 33.400000 0.800000
0.000000 0.000000 0.000000 1.600000 2.000000 5.000000 0.000000 3.200000 33.000000 0.800000
0.000000 0.000000 0.000000 2.000000 2.400000 0.000000 0.000000 3.200000 30.400000 1.200000
0.000000 0.000000 0.000000 1.400000 3.000000 0.000000 0.000000 3.400000 30.600000 0.400000
0.000000 0.000000 0.000000 1.000000 3.200000 0.000000 0.000000 3.200000 30.200000 0.600000
0.000000 0.000000 0.000000 1.000000 2.800000 0.000000 0.000000 3.000000 30.200000 0.800000
0.000000 0.000000 0.000000 1.000000 3.400000 0.000000 0.000000 2.600000 30.200000 1.000000
0.000000 0.000000 0.000000 1.600000 2.200000 0.000000 0.000000 2.600000 30.400000 1.400000
0.000000 0.000000 0.000000 0.400000 2.800000 0.000000 0.000000 4.000000 35.800000 0.600000
0.000000 0.000000 0.000000 1.400000 3.000000 0.000000 0.000000 1.200000 30.000000 1.200000
0.000000 0.000000 0.000000 1.000000 2.800000 23.200000 0.000000 4.000000 29.600000 1.200000
0.000000 0.000000 0.000000 1.200000 2.800000 17.000000 0.000000 4.000000 31.400000 1.200000
0.000000 0.000000 0.000000 1.600000 3.200000 10.800000 0.000000 3.400000 32.600000 1.200000
0.000000 0.000000 0.000000 1.600000 2.600000 4.600000 0.000000 3.000000 30.600000 1.400000
0.000000 0.000000 0.000000 1.600000 2.400000 0.000000 0.000000 3.200000 30.000000 1.400000
0.000000 0.000000 0.000000 2.000000 2.200000 0.000000 0.000000 3.000000 30.200000 1.400000
0.000000 0.000000 0.000000 1.600000 2.200000 0.000000 0.000000 2.600000 29.800000 1.600000
0.000000 0.000000 0.000000 1.600000 2.600000 0.000000 0.000000 2.600000 29.800000 1.600000
0.000000 0.000000 0.000000 1.600000 2.400000 0.000000 0.000000 2.600000 29.800000 2.000000
0.000000 0.000000 0.000000 2.400000 1.200000 0.000000 0.000000 2.600000 29.800000 1.800000
0.000000 0.000000 0.000000 0.800000 1.800000 0.000000 0.000000 4.200000 35.800000 0.600000
0.000000 0.000000 0.000000 1.800000 1.600000 0.000000 0.000000 1.000000 29.600000 1.200000
0.000000 0.000000 0.000000 1.800000 1.800000 24.000000 0.000000 3.200000 29.000000 1.200000
0.000000 0.000000 0.000000 2.000000 1.600000 17.800000 0.000000 2.800000 30.600000 1.600000
0.000000 0.000000 0.000000 2.600000 1.200000 11.800000 0.000000 2.400000 32.200000 1.200000
0.000000 0.000000 0.000000 2.200000 1.600000 5.600000 0.000000 2.000000 30.200000 1.600000
0.000000 0.000000 0.000000 2.400000 1.800000 0.000000 0.000000 2.000000 30.600000 1.200000
0.000000 0.000000 0.000000 2.000000 2.200000 0.000000 0.000000 2.000000 30.600000 1.200000
0.000000 0.000000 0.000000 2.200000 1.800000 0.000000 0.000000 2.000000 30.600000 1.200000
0.000000 0.000000 0.000000 2.000000 2.000000 0.000000 0.000000 2.000000 30.600000 1.200000
0.000000 0.000000 0.000000 1.600000 2.800000 0.000000 0.000000 2.000000 30.600000 1.400000
0.000000 0.000000 0.000000 2.600000 1.800000 0.000000 0.000000 2.000000 30.600000 1.600000
0.000000 0.000000 0.000000 0.600000 1.600000 0.000000 0.000000 3.000000 36.400000 0.400000
0.000000 0.000000 0.000000 1.200000 1.800000 0.000000 0.000000 1.400000 30.600000 0.800000
0.000000 0.000000 0.000000 1.200000 1.400000 24.000000 0.000000 3.200000 30.200000 1.000000
0.000000 0.000000 0.000000 1.600000 1.600000 17.800000 0.000000 2.600000 32.000000 1.200000
0.000000 0.000000 0.000000 1.800000 1.600000 11.600000 0.000000 2.200000 33.200000 1.000000
0.000000 0.000000 0.000000 1.400000 2.000000 5.400000 0.000000 2.200000 31.800000 1.200000
0.000000 0.000000 0.000000 1.600000 1.800000 0.000000 0.000000 2.400000 30.800000 0.800000
0.000000 0.000000 0.000000 1.600000 2.000000 0.000000 0.000000 2.000000 30.800000 0.800000
0.000000 0.000000 0.000000 1.200000 2.600000 0.000000 0.000000 2.000000 30.800000 0.800000
0.000000 0.000000 0.000000 1.200000 2.000000 0.000000 0.000000 2.000000 31.000000 0.800000
0.000000 0.000000 0.000000 1.200000 2.000000 0.000000 0.000000 2.000000 30.800000 0.800000
0.000000 0.000000 0.000000 1.800000 2.000000 0.000000 0.000000 2.000000 30.400000 1.200000
0.000000 0.000000 0.000000 0.600000 2.000000 0.000000 0.000000 3.000000 36.200000 0.400000
0.000000 0.000000 0.000000 1.000000 2.000000 0.000000 0.000000 1.200000 30.400000 1.000000
0.000000 0.000000 0.000000 1.000000 2.000000 23.400000 0.000000 3.000000 30.000000 1.200000
0.000000 0.000000 0.000000 1.000000 2.400000 17.200000 0.000000 3.000000 31.800000 1.600000
0.000000 0.000000 0.000000 1.400000 1.800000 11.000000 0.000000 2.200000 33.000000 1.200000
0.000000 0.000000 0.000000 1.400000 1.400000 4.800000 0.000000 2.200000 31.600000 1.400000
0.000000 0.000000 0.000000 1.400000 2.000000 0.000000 0.000000 2.400000 30.000000 1.000000
0.000000 0.000000 0.000000 1.600000 1.600000 0.000000 0.000000 2.000000 30.000000 1.200000
0.000000 0.000000 0.000000 1.400000 2.000000 0.000000 0.000000 2.000000 30.000000 1.200000
0.000000 0.000000 0.000000 1.000000 1.800000 0.000000 0.000000 2.000000 30.200000 1.200000
0.000000 0.000000 0.000000 1.000000 2.600000 0.000000 0.000000 2.000000 29.800000 1.200000
0.000000 0.000000 0.000000 1.400000 1.400000 0.000000 0.000000 2.000000 29.800000 1.800000
0.000000 0.000000 0.000000 0.800000 1.800000 0.000000 0.000000 3.400000 35.600000 0.600000
0.000000 0.000000 0.000000 1.400000 1.600000 0.000000 0.000000 0.600000 30.000000 1.000000
0.000000 0.000000 0.000000 1.400000 1.600000 24.000000 0.000000 2.400000 29.000000 1.000000
0.000000 0.000000 0.000000 1.600000 1.600000 17.800000 0.000000 2.000000 31.200000 1.000000
0.000000 0.000000 0.000000 1.800000 2.000000 11.600000 0.000000 2.200000 32.400000 1.000000
0.000000 0.000000 0.000000 1.600000 1.800000 5.400000 0.000000 2.000000 30.400000 1.400000
0.000000 0.000000 0.000000 1.400000 2.200000 0.000000 0.000000 1.600000 30.600000 1.000000
0.000000 0.000000 0.000000 1.400000 2.200000 0.000000 0.000000 1.600000 30.600000 1.200000
0.000000 0.000000 0.000000 1.400000 2.200000 0.000000 0.000000 1.600000 30.600000 0.800000
0.000000 0.000000 0.000000 1.400000 2.400000 0.000000 0.000000 1.600000 30.600000 0.800000
0.000000 0.000000 0.000000 1.400000 2.200000 0.000000 0.000000 1.600000 30.600000 1.000000
0.000000 0.000000 0.000000 2.400000 2.000000 0.000000 0.000000 1.600000 30.600000 1.000000
0.000000 0.000000 0.000000 0.400000 2.000000 0.000000 0.000000 2.200000 36.400000 0.200000
0.000000 0.000000 0.000000 0.800000 2.200000 0.000000 0.000000 1.200000 30.600000 0.400000
0.000000 0.000000 0.000000 1.000000 2.000000 23.600000 0.000000 2.600000 30.200000 0.400000
0.000000 0.000000 0.000000 1.000000 1.800000 17.400000 0.000000 2.600000 32.000000 0.400000
0.000000 0.000000 0.000000 1.000000 1.600000 11.200000 0.000000 2.800000 33.200000 0.400000
0.000000 0.000000 0.000000 1.400000 1.600000 5.000000 0.000000 2.600000 32.200000 0.400000
0.000000 0.000000 0.000000 1.000000 2.400000 0.000000 0.000000 2.400000 30.000000 0.600000
0.000000 0.000000 0.000000 1.400000 2.400000 0.000000 0.000000 2.000000 30.000000 0.600000
0.000000 0.000000 0.000000 1.000000 2.600000 0.000000 0.000000 2.200000 30.000000 0.600000
0.000000 0.000000 0.000000 1.000000 2.600000 0.000000 0.000000 1.800000 30.000000 1.000000
0.000000 0.000000 0.000000 1.000000 3.200000 0.000000 0.000000 1.800000 30.000000 0.600000
0.000000 0.000000 0.000000 1.400000 2.000000 0.000000 0.000000 1.800000 30.000000 0.800000
0.000000 0.000000 0.000000 0.600000 2.000000 0.000000 0.000000 3.200000 35.800000 0.400000
0.000000 0.000000 0.000000 1.800000 2.000000 0.000000 0.000000 0.400000 30.000000 0.600000
0.000000 0.000000 0.000000 1.800000 2.000000 23.800000 0.000000 2.200000 29.400000 0.600000
0.000000 0.000000 0.000000 2.200000 2.400000 17.600000 0.000000 2.000000 31.200000 0.600000
0.000000 0.000000 0.000000 1.800000 2.800000 11.600000 0.000000 2.000000 32.400000 0.600000
0.000000 0.000000 0.000000 2.000000 1.400000 5.400000 0.000000 2.000000 30.400000 0.600000
0.000000 0.000000 0.000000 1.600000 1.600000 0.000000 0.000000 2.000000 30.600000 0.800000
0.000000 0.000000 0.000000 1.600000 1.800000 0.000000 0.000000 2.200000 30.800000 0.400000
0.000000 0.000000 0.000000 1.600000 1.800000 0.000000 0.000000 1.800000 30.600000 0.600000
0.000000 0.000000 0.000000 1.600000 1.600000 0.000000 0.000000 1.800000 30.200000 0.600000
0.000000 0.000000 0.000000 1.800000 1.600000 0.000000 0.000000 1.800000 30.200000 0.600000
0.000000 0.000000 0.000000 2.600000 2.000000 0.000000 0.000000 1.800000 30.200000 1.000000
0.000000 0.000000 0.000000 0.200000 2.000000 0.000000 0.000000 3.200000 36.200000 0.200000
0.000000 0.000000 0.000000 1.000000 2.000000 0.000000 0.000000 0.600000 30.200000 0.800000
0.000000 0.000000 0.000000 1.000000 2.000000 15.600000 0.000000 2.400000 29.000000 0.800000
0.000000 0.000000 0.000000 1.000000 2.000000 9.400000 0.000000 2.400000 31.200000 0.800000
0.000000 0.000000 0.000000 1.000000 2.400000 3.200000 0.000000 2.600000 32.400000 0.800000
0.000000 0.000000 0.000000 1.200000 2.000000 0.000000 0.000000 2.400000 27.400000 0.800000
0.000000 0.000000 0.000000 1.600000 2.000000 0.000000 0.000000 2.000000 22.200000 0.800000
0.000000 0.000000 0.000000 1.200000 1.800000 0.000000 0.000000 2.000000 22.400000 0.800000
0.000000 0.000000 0.000000 1.200000 2.000000 0.000000 0.000000 2.000000 22.000000 0.800000
0.000000 0.000000 0.000000 1.200000 2.000000 0.000000 0.000000 2.000000 22.000000 0.800000
0.000000 0.000000 0.000000 1.200000 2.600000 0.000000 0.000000 2.000000 22.200000 0.800000
0.000000 0.000000 0.000000 2.000000 1.800000 0.000000 0.000000 2.000000 21.800000 1.400000
0.000000 0.000000 0.000000 0.400000 1.800000 0.000000 0.000000 3.000000 27.600000 0.200000
0.000000 0.000000 0.000000 1.000000 1.600000 0.000000 0.000000 1.200000 21.800000 0.800000
0.000000 0.000000 0.000000 1.000000 1.200000 15.600000 0.000000 2.600000 21.200000 0.600000
0.000000 0.000000 0.000000 1.000000 1.200000 9.400000 0.000000 2.800000 22.800000 0.600000
0.000000 0.000000 0.000000 1.200000 1.600000 3.200000 0.000000 2.600000 19.000000 0.600000
0.000000 0.000000 0.000000 1.200000 1.200000 0.000000 0.000000 2.400000 22.400000 0.800000
0.000000 0.000000 0.000000 1.400000 1.400000 0.000000 0.000000 2.000000 22.200000 1.000000
0.000000 0.000000 0.000000 1.000000 2.000000 0.000000 0.000000 2.200000 21.800000 1.000000
0.000000 0.000000 0.000000 1.200000 1.600000 0.000000 0.000000 1.800000 21.800000 1.000000
0.000000 0.000000 0.000000 1.200000 1.800000 0.000000 0.000000 1.800000 21.800000 1.000000
0.000000 0.000000 0.000000 1.200000 1.600000 0.000000 0.000000 1.800000 21.800000 1.000000
0.000000 0.000000 0.000000 2.000000 1.200000 0.000000 0.000000 1.800000 21.800000 1.400000
0.000000 0.000000 0.000000 0.400000 2.000000 0.000000 0.000000 2.800000 27.600000 0.600000
0.000000 0.000000 0.000000 1.200000 1.600000 0.000000 0.000000 1.000000 21.800000 1.000000
0.000000 0.000000 0.000000 1.200000 1.800000 15.000000 0.000000 3.000000 21.200000 0.800000
0.000000 0.000000 0.000000 1.400000 1.600000 8.800000 0.000000 2.600000 23.000000 0.800000
0.000000 0.000000 0.000000 1.400000 1.600000 2.600000 0.000000 2.800000 19.000000 0.800000
0.000000 0.000000 0.000000 1.400000 1.800000 0.000000 0.000000 2.600000 21.200000 1.200000
0.000000 0.000000 0.000000 1.600000 1.800000 0.000000 0.000000 2.200000 21.200000 0.800000
0.000000 0.000000 0.000000 1.600000 2.000000 0.000000 0.000000 2.200000 21.200000 0.800000
0.000000 0.000000 0.000000 1.800000 1.600000 0.000000 0.000000 2.200000 21.200000 0.800000
0.000000 0.000000 0.000000 1.400000 1.800000 0.000000 0.000000 2.200000 21.200000 1.000000
0.000000 0.000000 0.000000 1.400000 2.200000 0.000000 0.000000 2.200000 21.200000 0.600000
0.000000 0.000000 0.000000 2.400000 1.600000 0.000000 0.000000 2.200000 21.200000 0.800000
0.000000 0.000000 0.000000 0.400000 2.200000 0.000000 0.000000 3.800000 27.000000 0.400000
0.000000 0.000000 0.000000 1.400000 2.000000 0.000000 0.000000 1.000000 21.200000 1.000000
0.000000 0.000000 0.000000 1.800000 1.600000 15.000000 0.000000 2.800000 20.600000 1.200000
0.000000 0.000000 0.000000 1.400000 2.000000 8.800000 0.000000 2.800000 21.600000 1.200000
0.000000 0.000000 0.000000 1.400000 1.600000 2.600000 0.000000 3.000000 19.000000 1.400000
0.000000 0.000000 0.000000 1.400000 1.600000 0.000000 0.000000 2.600000 21.600000 1.200000
0.000000 0.000000 0.000000 1.400000 1.800000 0.000000 0.000000 2.600000 21.800000 1.400000
0.000000 0.000000 0.000000 1.400000 1.600000 0.000000 0.000000 2.600000 21.400000 1.000000
0.000000 0.000000 0.000000 1.400000 1.600000 0.000000 0.000000 2.600000 21.400000 1.000000
0.000000 0.000000 0.000000 1.600000 1.600000 0.000000 0.000000 2.600000 21.600000 1.000000
0.000000 0.000000 0.000000 1.200000 2.600000 0.000000 0.000000 2.600000 21.200000 1.000000
0.000000 0.000000 0.000000 2.200000 1.400000 0.000000 0.000000 2.600000 21.200000 1.600000
0.000000 0.000000 0.000000 0.200000 2.000000 0.000000 0.000000 4.200000 27.000000 0.400000
0.000000 0.000000 0.000000 1.600000 2.000000 0.000000 0.000000 1.000000 21.400000 0.800000
0.000000 0.000000 0.000000 1.200000 1.600000 15.600000 0.000000 2.200000 20.400000 0.800000
0.000000 0.000000 0.000000 1.200000 1.600000 9.400000 0.000000 2.200000 21.600000 1.200000
0.000000 0.000000 0.000000 1.200000 2.000000 3.400000 0.000000 1.800000 18.600000 1.200000
0.000000 0.000000 0.000000 1.400000 2.200000 0.000000 0.000000 1.600000 22.000000 1.400000
0.000000 0.000000 0.000000 1.400000 1.800000 0.000000 0.000000 1.200000 22.000000 1.200000
0.000000 0.000000 0.000000 1.400000 1.800000 0.000000 0.000000 1.200000 22.000000 1.200000
0.000000 0.000000 0.000000 1.400000 1.800000 0.000000 0.000000 1.200000 22.000000 1.200000
0.000000 0.000000 0.000000 1.400000 1.800000 0.000000 0.000000 1.200000 22.000000 1.200000
0.000000 0.000000 0.000000 1.400000 2.600000 0.000000 0.000000 1.200000 22.000000 1.200000
0.000000 0.000000 0.000000 2.600000 1.200000 0.000000 0.000000 1.200000 22.000000 1.600000
0.000000 0.000000 0.000000 0.200000 1.000000 0.000000 0.000000 2.000000 28.000000 0.800000
0.000000 0.000000 0.000000 0.800000 1.200000 0.000000 0.000000 0.600000 22.000000 1.000000
0.000000 0.000000 0.000000 0.800000 1.200000 16.000000 0.000000 2.000000 21.000000 1.000000
0.000000 0.000000 0.000000 0.800000 0.600000 9.800000 0.000000 2.000000 22.600000 1.000000
0.000000 0.000000 0.000000 0.800000 0.800000 3.600000 0.000000 2.200000 18.800000 1.200000
0.000000 0.000000 0.000000 0.800000 0.800000 0.000000 0.000000 1.800000 22.600000 1.000000
0.000000 0.000000 0.000000 0.800000 1.000000 0.000000 0.000000 1.800000 22.200000 1.000000
0.000000 0.000000 0.000000 0.800000 1.000000 0.000000 0.000000 2.000000 22.200000 1.200000
0.000000 0.000000 0.000000 1.000000 1.000000 0.000000 0.000000 1.600000 22.200000 0.800000
0.000000 0.000000 0.000000 1.000000 1.000000 0.000000 0.000000 1.600000 22.200000 1.200000
0.000000 0.000000 0.000000 1.000000 1.200000 0.000000 0.000000 1.600000 22.200000 0.400000
0.000000 0.000000 0.000000 1.600000 0.800000 0.000000 0.000000 1.600000 22.200000 0.600000
0.000000 0.000000 0.000000 0.400000 1.200000 0.000000 0.000000 2.600000 28.000000 0.200000
0.000000 0.000000 0.000000 1.000000 1.200000 0.000000 0.000000 0.600000 22.200000 0.800000
0.000000 0.000000 0.000000 0.600000 1.800000 15.000000 0.000000 3.000000 21.600000 0.800000
0.000000 0.000000 0.000000 0.800000 1.000000 8.800000 0.000000 2.600000 23.400000 0.800000
0.000000 0.000000 0.000000 0.800000 1.200000 2.600000 0.000000 2.600000 19.400000 0.800000
0.000000 0.000000 0.000000 0.800000 1.600000 0.000000 0.000000 2.600000 21.800000 0.800000
0.000000 0.000000 0.000000 0.800000 1.400000 0.000000 0.000000 2.800000 21.400000 0.800000
0.000000 0.000000 0.000000 0.800000 1.400000 0.000000 0.000000 2.600000 21.400000 1.000000
0.000000 0.000000 0.000000 1.000000 1.400000 0.000000 0.000000 2.200000 21.600000 1.000000
0.000000 0.000000 0.000000 1.000000 1.600000 0.000000 0.000000 2.200000 21.200000 1.000000
0.000000 0.000000 0.000000 1.000000 2.000000 0.000000 0.000000 2.200000 21.200000 1.200000
0.000000 0.000000 0.000000 1.400000 1.200000 0.000000 0.000000 2.200000 21.200000 1.200000
0.000000 0.000000 0.000000 0.600000 1.400000 0.000000 0.000000 3.800000 27.000000 0.400000
0.000000 0.000000 0.000000 2.200000 1.400000 0.000000 0.000000 0.600000 21.200000 0.600000
0.000000 0.000000 0.000000 1.800000 2.000000 15.800000 0.000000 2.400000 20.800000 0.600000
0.000000 0.000000 0.000000 2.000000 1.400000 9.600000 0.000000 2.000000 21.200000 0.800000
0.000000 0.000000 0.000000 2.000000 1.400000 3.400000 0.000000 2.000000 19.000000 0.400000
0.000000 0.000000 0.000000 2.000000 1.400000 0.000000 0.000000 2.400000 22.400000 0.400000
0.000000 0.000000 0.000000 2.200000 1.400000 0.000000 0.000000 1.600000 22.400000 0.600000
0.000000 0.000000 0.000000 2.200000 1.400000 0.000000 0.000000 1.600000 22.400000 0.600000
0.000000 0.000000 0.000000 2.200000 1.400000 0.000000 0.000000 1.600000 22.600000 0.600000
0.000000 0.000000 0.000000 2.400000 1.600000 0.000000 0.000000 1.600000 22.400000 0.800000
0.000000 0.000000 0.000000 2.000000 2.400000 0.000000 0.000000 1.600000 22.000000 0.400000
0.000000 0.000000 0.000000 3.600000 1.800000 0.000000 0.000000 1.600000 22.000000 0.600000
0.000000 0.000000 0.000000 0.400000 2.000000 0.000000 0.000000 2.400000 27.800000 0.200000
0.000000 0.000000 0.000000 0.800000 2.200000 0.000000 0.000000 1.000000 22.000000 0.600000
0.000000 0.000000 0.000000 0.800000 2.200000 15.400000 0.000000 2.800000 21.400000 0.800000
0.000000 0.000000 0.000000 1.200000 1.400000 9.200000 0.000000 2.600000 23.200000 0.800000
0.000000 0.000000 0.000000 0.800000 1.800000 3.000000 0.000000 2.200000 19.200000 1.000000
0.000000 0.000000 0.000000 1.000000 2.000000 0.000000 0.000000 2.400000 21.800000 1.000000
0.000000 0.000000 0.000000 0.600000 2.400000 0.000000 0.000000 2.000000 21.800000 1.200000
0.000000 0.000000 0.000000 0.600000 2.000000 0.000000 0.000000 2.000000 21.800000 1.400000
0.000000 0.000000 0.000000 0.600000 2.200000 0.000000 0.000000 2.000000 21.800000 1.000000
0.000000 0.000000 0.000000 0.600000 1.800000 0.000000 0.000000 2.000000 21.800000 1.000000
0.000000 0.000000 0.000000 0.600000 2.200000 0.000000 0.000000 2.000000 22.000000 1.000000
0.000000 0.000000 0.000000 1.000000 1.600000 0.000000 0.000000 2.000000 21.600000 1.400000
0.000000 0.000000 0.000000 0.200000 1.800000 0.000000 0.000000 3.200000 27.400000 0.600000
0.000000 0.000000 0.000000 1.000000 2.000000 0.000000 0.000000 0.800000 21.600000 1.000000
0.000000 0.000000 0.000000 1.200000 2.000000 15.600000 0.000000 2.400000 21.000000 1.000000
0.000000 0.000000 0.000000 1.000000 1.600000 9.400000 0.000000 2.200000 22.400000 1.200000
0.000000 0.000000 0.000000 1.200000 1.400000 3.200000 0.000000 2.200000 19.400000 0.800000
0.000000 0.000000 0.000000 1.200000 1.800000 0.000000 0.000000 1.800000 22.000000 1.000000
0.000000 0.000000 0.000000 1.200000 1.800000 0.000000 0.000000 2.000000 22.000000 1.000000
0.000000 0.000000 0.000000 1.400000 2.000000 0.000000 0.000000 1.600000 22.000000 1.000000
0.000000 0.000000 0.000000 1.400000 1.800000 0.000000 0.000000 1.600000 22.000000 1.000000
0.000000 0.000000 0.000000 1.400000 1.600000 0.000000 0.000000 1.600000 22.000000 1.200000
0.000000 0.000000 0.000000 1.400000 1.400000 0.000000 0.000000 1.600000 22.000000 1.000000
0.000000 0.000000 0.000000 2.200000 1.000000 0.000000 0.000000 1.600000 22.000000 1.000000
0.000000 0.000000 0.000000 0.600000 1.400000 0.000000 0.000000 2.600000 28.000000 0.200000
0.000000 0.000000 0.000000 1.600000 1.600000 0.000000 0.000000 0.800000 22.000000 0.200000
0.000000 0.000000 0.000000 1.600000 1.400000 16.200000 0.000000 2.600000 20.800000 0.200000
0.000000 0.000000 0.000000 2.000000 1.000000 10.000000 0.000000 2.200000 22.800000 0.200000
0.000000 0.000000 0.000000 1.800000 1.800000 3.800000 0.000000 2.200000 19.200000 0.200000
0.000000 0.000000 0.000000 1.400000 2.400000 0.000000 0.000000 2.400000 22.600000 0.200000
0.000000 0.000000 0.000000 1.600000 2.200000 0.000000 0.000000 2.000000 22.600000 0.200000
0.000000 0.000000 0.000000 1.800000 1.800000 0.000000 0.000000 2.000000 22.600000 0.200000
0.000000 0.000000 0.000000 1.400000 2.000000 0.000000 0.000000 2.000000 22.800000 0.400000
0.000000 0.000000 0.000000 1.400000 2.200000 0.000000 0.000000 2.000000 22.400000 0.000000
0.000000 0.000000 0.000000 1.400000 2.600000 0.000000 0.000000 2.000000 22.400000 0.000000
0.000000 0.000000 0.000000 2.400000 1.800000 0.000000 0.000000 2.000000 22.400000 0.000000
0.000000 0.000000 0.000000 0.400000 2.400000 0.000000 0.000000 3.000000 28.200000 0.000000
0.000000 0.000000 0.000000 1.200000 2.000000 0.000000 0.000000 1.200000 22.400000 0.200000
0.000000 0.000000 0.000000 1.200000 2.600000 15.600000 0.000000 2.800000 22.000000 0.400000
0.000000 0.000000 0.000000 1.600000 1.400000 9.400000 0.000000 2.400000 23.400000 0.400000
0.000000 0.000000 0.000000 1.200000 2.000000 3.200000 0.000000 2.600000 19.200000 0.400000
0.000000 0.000000 0.000000 1.200000 2.000000 0.000000 0.000000 2.200000 22.400000 0.600000
0.000000 0.000000 0.000000 1.200000 2.200000 0.000000 0.000000 2.200000 22.800000 0.600000
0.000000 0.000000 0.000000 1.400000 2.200000 0.000000 0.000000 2.400000 22.000000 0.600000
0.000000 0.000000 0.000000 1.000000 2.600000 0.000000 0.000000 2.000000 22.000000 0.800000
0.000000 0.000000 0.000000 1.000000 2.400000 0.000000 0.000000 2.000000 22.000000 0.800000
0.000000 0.000000 0.000000 1.000000 2.400000 0.000000 0.000000 2.000000 22.000000 0.800000
0.000000 0.000000 0.000000 1.600000 1.800000 0.000000 0.000000 2.200000 22.000000 1.000000
0.000000 0.000000 0.000000 0.600000 1.800000 0.000000 0.000000 3.000000 27.800000 0.600000
0.000000 0.000000 0.000000 1.400000 1.800000 0.000000 0.000000 0.600000 22.000000 1.200000
0.000000 0.000000 0.000000 1.600000 2.200000 15.800000 0.000000 2.600000 21.200000 0.800000
0.000000 0.000000 0.000000 1.400000 1.800000 9.600000 0.000000 2.400000 23.400000 0.800000
0.000000 0.000000 0.000000 1.400000 2.400000 3.400000 0.000000 2.000000 19.200000 1.000000
0.000000 0.000000 0.000000 1.400000 2.000000 0.000000 0.000000 2.000000 22.800000 1.000000
0.000000 0.000000 0.000000 1.400000 2.200000 0.000000 0.000000 2.000000 22.400000 1.000000
0.000000 0.000000 0.000000 1.400000 2.200000 0.000000 0.000000 2.000000 22.400000 1.200000
0.000000 0.000000 0.000000 1.600000 2.400000 0.000000 0.000000 2.200000 22.400000 0.800000
0.000000 0.000000 0.000000 1.400000 2.400000 0.000000 0.000000 1.800000 22.600000 1.000000
0.000000 0.000000 0.000000 1.400000 2.600000 0.000000 0.000000 1.800000 22.200000 0.600000
0.000000 0.000000 0.000000 2.200000 1.800000 0.000000 0.000000 1.800000 22.200000 1.000000
0.000000 0.000000 0.000000 0.600000 2.000000 0.000000 0.000000 3.000000 28.200000 0.200000
0.000000 0.000000 0.000000 1.600000 2.400000 0.000000 0.000000 0.800000 22.200000 0.400000
0.000000 0.000000 0.000000 1.600000 2.400000 15.600000 0.000000 2.400000 21.200000 0.600000
0.000000 0.000000 0.000000 1.800000 1.600000 9.400000 0.000000 2.400000 22.600000 0.800000
0.000000 0.000000 0.000000 1.400000 2.800000 3.200000 0.000000 2.800000 19.200000 0.400000
0.000000 0.000000 0.000000 1.600000 2.000000 0.000000 0.000000 2.000000 22.400000 0.600000
0.000000 0.000000 0.000000 1.600000 2.000000 0.000000 0.000000 2.000000 22.600000 0.600000
0.000000 0.000000 0.000000 1.600000 2.200000 0.000000 0.000000 2.000000 22.400000 0.600000
0.000000 0.000000 0.000000 1.800000 2.400000 0.000000 0.000000 2.000000 22.200000 0.600000
0.000000 0.000000 0.000000 1.400000 2.800000 0.000000 0.000000 2.000000 21.800000 0.600000
0.000000 0.000000 0.000000 1.400000 3.000000 0.000000 0.000000 2.000000 21.800000 0.600000
0.000000 0.000000 0.000000 2.200000 2.800000 0.000000 0.000000 2.000000 21.800000 0.800000
0.000000 0.000000 0.000000 0.800000 2.600000 0.000000 0.000000 3.200000 27.600000 0.400000
0.000000 0.000000 0.000000 1.400000 3.000000 0.000000 0.000000 1.000000 21.800000 0.600000
0.000000 0.000000 0.000000 1.400000 3.400000 15.000000 0.000000 2.600000 21.200000 0.800000
0.000000 0.000000 0.000000 1.400000 2.000000 8.800000 0.000000 2.800000 22.800000 0.800000
0.000000 0.000000 0.000000 1.800000 2.400000 2.800000 0.000000 2.600000 19.000000 1.200000
0.000000 0.000000 0.000000 1.400000 2.400000 0.000000 0.000000 2.600000 22.000000 0.400000
0.000000 0.000000 0.000000 1.600000 2.200000 0.000000 0.000000 3.000000 21.600000 0.400000
0.000000 0.000000 0.000000 1.400000 2.600000 0.000000 0.000000 2.200000 21.600000 0.600000
0.000000 0.000000 0.000000 1.400000 2.400000 0.000000 0.000000 2.200000 21.600000 0.600000
0.000000 0.000000 0.000000 1.400000 2.200000 0.000000 0.000000 2.200000 21.800000 0.600000
0.000000 0.000000 0.000000 1.400000 2.400000 0.000000 0.000000 2.200000 21.400000 0.600000
0.000000 0.000000 0.000000 2.400000 1.600000 0.000000 0.000000 2.200000 21.400000 0.800000
0.000000 0.000000 0.000000 0.400000 2.600000 0.000000 0.000000 3.400000 27.400000 0.400000
0.000000 0.000000 0.000000 1.000000 1.800000 0.000000 0.000000 1.400000 21.400000 1.000000
0.000000 0.000000 0.000000 1.000000 2.000000 16.000000 0.000000 2.800000 20.600000 1.200000
0.000000 0.000000 0.000000 1.000000 1.600000 9.800000 0.000000 2.600000 21.600000 1.600000
0.000000 0.000000 0.000000 1.400000 1.800000 3.600000 0.000000 2.200000 19.000000 1.200000
0.000000 0.000000 0.000000 1.000000 1.600000 0.000000 0.000000 2.200000 22.600000 1.200000
0.000000 0.000000 0.000000 1.000000 1.600000 0.000000 0.000000 2.600000 22.600000 1.200000
0.000000 0.000000 0.000000 1.400000 1.600000 0.000000 0.000000 1.800000 22.800000 1.200000
0.000000 0.000000 0.000000 1.400000 2.000000 0.000000 0.000000 1.800000 22.400000 1.400000
0.000000 0.000000 0.000000 1.400000 1.800000 0.000000 0.000000 1.800000 22.400000 1.000000
0.000000 0.000000 0.000000 1.400000 2.200000 0.000000 0.000000 1.800000 22.400000 1.000000
0.000000 0.000000 0.000000 2.000000 0.600000 0.000000 0.000000 1.800000 22.400000 1.600000
0.000000 0.000000 0.000000 1.000000 1.000000 0.000000 0.000000 3.000000 28.200000 0.400000
0.000000 0.000000 0.000000 1.000000 1.400000 0.000000 0.000000 0.600000 22.400000 1.200000
0.000000 0.000000 0.000000 1.000000 1.000000 16.000000 0.000000 2.400000 21.800000 1.200000
0.000000 0.000000 0.000000 1.200000 1.000000 9.800000 0.000000 2.000000 24.200000 1.200000
0.000000 0.000000 0.000000 1.400000 1.200000 3.600000 0.000000 2.200000 19.800000 1.400000
0.000000 0.000000 0.000000 1.000000 1.600000 0.000000 0.000000 1.800000 23.000000 1.200000
0.000000 0.000000 0.000000 1.000000 1.600000 0.000000 0.000000 1.800000 23.000000 1.200000
0.000000 0.000000 0.000000 1.000000 1.600000 0.000000 0.000000 2.000000 23.200000 1.400000
0.000000 0.000000 0.000000 1.200000 1.800000 0.000000 0.000000 1.600000 23.000000 1.000000
0.000000 0.000000 0.000000 1.200000 2.000000 0.000000 0.000000 1.600000 22.600000 1.000000
0.000000 0.000000 0.000000 1.400000 2.600000 0.000000 0.000000 1.600000 22.600000 1.000000
0.000000 0.000000 0.000000 1.400000 1.600000 0.000000 0.000000 1.600000 22.800000 1.600000
0.000000 0.000000 0.000000 0.600000 2.200000 0.000000 0.000000 2.800000 28.200000 0.400000
0.000000 0.000000 0.000000 1.600000 1.800000 0.000000 0.000000 0.400000 22.400000 0.800000
0.000000 0.000000 0.000000 1.200000 2.000000 16.200000 0.000000 2.000000 22.000000 0.800000
0.000000 0.000000 0.000000 1.200000 2.200000 10.000000 0.000000 1.600000 23.600000 1.200000
0.000000 0.000000 0.000000 1.200000 2.200000 3.800000 0.000000 1.600000 20.400000 0.800000
0.000000 0.000000 0.000000 1.400000 2.200000 0.000000 0.000000 1.600000 23.000000 0.800000
0.000000 0.000000 0.000000 1.000000 2.600000 0.000000 0.000000 1.800000 23.000000 1.000000
0.000000 0.000000 0.000000 1.200000 2.200000 0.000000 0.000000 1.400000 23.000000 0.600000
0.000000 0.000000 0.000000 1.200000 2.400000 0.000000 0.000000 1.400000 23.200000 0.600000
0.000000 0.000000 0.000000 1.200000 2.200000 0.000000 0.000000 1.400000 22.800000 0.600000
0.000000 0.000000 0.000000 1.200000 2.400000 0.000000 0.000000 1.400000 22.800000 0.600000
0.000000 0.000000 0.000000 1.800000 2.200000 0.000000 0.000000 1.400000 22.800000 1.000000
0.000000 0.000000 0.000000 0.600000 2.200000 0.000000 0.000000 2.000000 28.600000 0.200000
0.000000 0.000000 0.000000 1.000000 2.600000 0.000000 0.000000 0.800000 22.800000 0.400000
0.000000 0.000000 0.000000 1.000000 2.200000 16.000000 0.000000 2.800000 22.200000 0.600000
0.000000 0.000000 0.000000 1.400000 2.200000 9.800000 0.000000 2.400000 23.800000 0.400000
0.000000 0.000000 0.000000 0.600000 2.400000 3.600000 0.000000 2.400000 21.000000 0.400000
0.000000 0.000000 0.000000 0.600000 2.600000 0.000000 0.000000 2.600000 22.800000 0.400000
0.000000 0.000000 0.000000 0.800000 2.800000 0.000000 0.000000 2.200000 22.400000 0.400000
0.000000 0.000000 0.000000 0.800000 3.000000 0.000000 0.000000 2.400000 22.600000 0.400000
0.000000 0.000000 0.000000 1.000000 3.000000 0.000000 0.000000 2.200000 22.200000 0.400000
0.000000 0.000000 0.000000 1.200000 2.800000 0.000000 0.000000 1.800000 22.200000 0.400000
0.000000 0.000000 0.000000 1.400000 2.800000 0.000000 0.000000 1.800000 22.200000 0.400000
0.000000 0.000000 0.000000 1.400000 2.200000 0.000000 0.000000 1.800000 22.200000 0.600000
0.000000 0.000000 0.000000 0.600000 2.400000 0.000000 0.000000 3.000000 28.000000 0.200000
0.000000 0.000000 0.000000 1.200000 2.400000 0.000000 0.000000 0.600000 22.400000 0.800000
0.000000 0.000000 0.000000 1.200000 2.600000 15.400000 0.000000 2.200000 21.200000 0.800000
0.000000 0.000000 0.000000 1.200000 3.200000 9.200000 0.000000 2.400000 23.400000 0.800000
0.000000 0.000000 0.000000 1.200000 2.200000 3.200000 0.000000 2.400000 19.400000 1.000000
0.000000 0.000000 0.000000 1.400000 2.800000 0.000000 0.000000 2.200000 22.200000 1.000000
0.000000 0.000000 0.000000 1.400000 2.000000 0.000000 0.000000 1.800000 22.200000 1.200000
0.000000 0.000000 0.000000 1.600000 2.600000 0.000000 0.000000 1.800000 22.400000 1.200000
0.000000 0.000000 0.000000 1.200000 2.000000 0.000000 0.000000 1.800000 22.000000 1.400000
0.000000 0.000000 0.000000 1.200000 1.600000 0.000000 0.000000 1.800000 22.200000 1.000000
0.000000 0.000000 0.000000 1.200000 2.000000 0.000000 0.000000 1.800000 21.800000 1.000000
0.000000 0.000000 0.000000 2.000000 1.800000 0.000000 0.000000 1.800000 21.800000 1.600000
0.000000 0.000000 0.000000 0.400000 2.000000 0.000000 0.000000 2.800000 27.800000 0.400000
0.000000 0.000000 0.000000 1.000000 1.600000 0.000000 0.000000 1.000000 21.800000 0.800000
0.000000 0.000000 0.000000 1.200000 1.800000 15.400000 0.000000 3.400000 20.600000 0.800000
0.000000 0.000000 0.000000 0.800000 1.600000 9.200000 0.000000 3.400000 22.400000 0.800000
0.000000 0.000000 0.000000 0.800000 1.800000 3.000000 0.000000 3.600000 19.000000 0.800000
0.000000 0.000000 0.000000 0.800000 2.000000 0.000000 0.000000 3.400000 22.000000 1.200000
0.000000 0.000000 0.000000 1.000000 1.600000 0.000000 0.000000 3.000000 22.200000 0.800000
0.000000 0.000000 0.000000 1.000000 1.800000 0.000000 0.000000 3.200000 22.000000 1.000000
0.000000 0.000000 0.000000 1.400000 2.200000 0.000000 0.000000 3.000000 21.600000 0.600000
0.000000 0.000000 0.000000 1.200000 2.400000 0.000000 0.000000 2.600000 21.600000 0.600000
0.000000 0.000000 0.000000 1.200000 1.800000 0.000000 0.000000 2.600000 21.600000 0.600000
0.000000 0.000000 0.000000 1.800000 1.600000 0.000000 0.000000 2.600000 21.600000 1.000000
0.000000 0.000000 0.000000 0.600000 1.600000 0.000000 0.000000 4.000000 27.400000 0.200000
0.000000 0.000000 0.000000 1.600000 1.600000 0.000000 0.000000 1.400000 21.600000 0.600000
0.000000 0.000000 0.000000 1.600000 1.800000 16.000000 0.000000 2.600000 21.200000 0.800000
0.000000 0.000000 0.000000 1.800000 1.800000 9.800000 0.000000 2.400000 23.000000 0.800000
0.000000 0.000000 0.000000 1.800000 1.400000 3.600000 0.000000 2.000000 18.800000 1.000000
0.000000 0.000000 0.000000 1.800000 1.400000 0.000000 0.000000 2.400000 22.400000 1.000000
0.000000 0.000000 0.000000 2.200000 1.400000 0.000000 0.000000 1.600000 22.400000 1.000000
0.000000 0.000000 0.000000 2.400000 1.600000 0.000000 0.000000 1.800000 22.400000 1.000000
0.000000 0.000000 0.000000 2.200000 1.600000 0.000000 0.000000 1.400000 22.400000 1.200000
0.000000 0.000000 0.000000 1.800000 1.400000 0.000000 0.000000 1.400000 22.400000 1.200000
0.000000 0.000000 0.000000 1.800000 1.800000 0.000000 0.000000 1.400000 22.400000 1.400000
0.000000 0.000000 0.000000 2.800000 1.000000 0.000000 0.000000 1.400000 22.400000 1.200000
0.000000 0.000000 0.000000 0.800000 1.800000 0.000000 0.000000 2.200000 28.200000 0.800000
0.000000 0.000000 0.000000 1.200000 1.800000 0.000000 0.000000 0.600000 22.400000 1.200000
0.000000 0.000000 0.000000 1.200000 1.800000 15.800000 0.000000 2.800000 21.800000 1.400000
0.000000 0.000000 0.000000 1.600000 1.800000 9.600000 0.000000 2.400000 23.600000 1.000000
0.000000 0.000000 0.000000 1.400000 2.200000 3.400000 0.000000 2.400000 19.400000 1.000000
0.000000 0.000000 0.000000 1.000000 2.600000 0.000000 0.000000 2.600000 23.200000 1.000000
0.000000 0.000000 0.000000 1.000000 2.600000 0.000000 0.000000 2.400000 22.400000 1.400000
0.000000 0.000000 0.000000 1.600000 2.600000 0.000000 0.000000 2.000000 22.400000 1.400000
0.000000 0.000000 0.000000 0.800000 3.400000 0.000000 0.000000 2.000000 22.600000 0.600000
0.000000 0.000000 0.000000 0.800000 2.800000 0.000000 0.000000 2.000000 22.200000 0.600000
0.000000 0.000000 0.000000 0.800000 3.600000 0.000000 0.000000 2.000000 22.200000 0.600000
0.000000 0.000000 0.000000 1.200000 2.000000 0.000000 0.000000 2.000000 22.200000 1.000000
0.000000 0.000000 0.000000 0.400000 2.200000 0.000000 0.000000 2.800000 28.200000 0.200000
0.000000 0.000000 0.000000 1.000000 2.400000 0.000000 0.000000 1.200000 22.000000 0.400000
0.000000 0.000000 0.000000 1.000000 2.800000 15.800000 0.000000 3.600000 21.400000 0.400000
0.000000 0.000000 0.000000 1.200000 2.200000 9.600000 0.000000 3.000000 23.200000 0.600000
0.000000 0.000000 0.000000 1.400000 2.400000 3.400000 0.000000 2.800000 19.400000 0.600000
0.000000 0.000000 0.000000 1.400000 2.600000 0.000000 0.000000 2.400000 22.000000 0.800000
0.000000 0.000000 0.000000 1.400000 2.400000 0.000000 0.000000 2.600000 22.000000 0.800000
0.000000 0.000000 0.000000 1.600000 2.000000 0.000000 0.000000 2.400000 22.000000 1.000000
0.000000 0.000000 0.000000 1.200000 2.400000 0.000000 0.000000 2.000000 22.000000 1.400000
0.000000 0.000000 0.000000 1.200000 2.200000 0.000000 0.000000 2.000000 22.000000 1.000000
0.000000 0.000000 0.000000 1.400000 2.000000 0.000000 0.000000 2.000000 22.000000 1.000000
0.000000 0.000000 0.000000 1.600000 1.800000 0.000000 0.000000 2.000000 22.000000 1.200000
0.000000 0.000000 0.000000 0.400000 2.000000 0.000000 0.000000 3.200000 28.000000 0.800000
0.000000 0.000000 0.000000 1.600000 2.000000 0.000000 0.000000 1.000000 22.000000 0.800000
0.000000 0.000000 0.000000 1.600000 2.200000 15.400000 0.000000 2.400000 20.800000 1.000000
0.000000 0.000000 0.000000 1.800000 2.400000 9.200000 0.000000 2.000000 22.800000 1.200000
0.000000 0.000000 0.000000 1.800000 1.800000 3.200000 0.000000 2.400000 19.000000 0.800000
0.000000 0.000000 0.000000 2.000000 1.600000 0.000000 0.000000 2.200000 22.200000 0.800000
0.000000 0.000000 0.000000 2.200000 1.200000 0.000000 0.000000 1.800000 22.200000 1.000000
0.000000 0.000000 0.000000 1.800000 1.400000 0.000000 0.000000 1.800000 22.200000 1.200000
0.000000 0.000000 0.000000 1.800000 1.600000 0.000000 0.000000 1.800000 22.200000 0.800000
0.000000 0.000000 0.000000 1.800000 1.400000 0.000000 0.000000 1.800000 22.600000 1.000000
0.000000 0.000000 0.000000 1.800000 1.600000 0.000000 0.000000 1.800000 21.800000 0.600000
0.000000 0.000000 0.000000 3.000000 1.200000 0.000000 0.000000 1.800000 21.800000 0.600000
0.000000 0.000000 0.000000 0.800000 2.000000 0.000000 0.000000 2.800000 27.800000 0.800000
0.000000 0.000000 0.000000 1.400000 2.200000 0.000000 0.000000 1.200000 21.800000 0.400000
0.000000 0.000000 0.000000 1.400000 2.600000 15.200000 0.000000 1.000000 20.600000 0.600000
0.000000 0.000000 0.000000 1.800000 1.800000 9.000000 0.000000 0.600000 22.400000 0.800000
0.000000 0.000000 0.000000 1.400000 2.400000 2.800000 0.000000 0.600000 19.000000 0.400000
0.000000 0.000000 0.000000 1.400000 2.400000 0.000000 0.000000 0.800000 22.000000 0.400000
0.000000 0.000000 0.000000 1.400000 2.600000 0.000000 0.000000 0.600000 21.800000 0.800000
0.000000 0.000000 0.000000 1.600000 2.800000 0.000000 0.000000 0.200000 21.400000 0.400000
0.000000 0.000000 0.000000 1.600000 3.000000 0.000000 0.000000 0.200000 21.400000 0.400000
0.000000 0.000000 0.000000 1.600000 2.800000 0.000000 0.000000 0.200000 21.400000 0.400000
0.000000 0.000000 0.000000 1.800000 3.200000 0.000000 0.000000 0.200000 21.400000 0.400000
0.000000 0.000000 0.000000 2.400000 1.800000 0.000000 0.000000 0.200000 21.400000 0.400000
0.000000 0.000000 0.000000 0.400000 2.400000 0.000000 0.000000 0.200000 27.400000 0.400000
0.000000 0.000000 0.000000 0.400000 2.600000 0.000000 0.000000 0.200000 21.400000 0.400000
0.000000 0.000000 0.000000 0.400000 2.600000 15.200000 0.000000 0.400000 20.200000 0.400000
0.000000 0.000000 0.000000 0.600000 2.200000 9.000000 0.000000 0.000000 22.000000 0.800000
0.000000 0.000000 0.000000 0.200000 2.000000 2.800000 0.000000 0.000000 18.600000 0.400000
0.000000 0.000000 0.000000 0.200000 1.200000 0.000000 0.000000 0.000000 21.400000 0.400000
0.000000 0.000000 0.000000 0.200000 1.200000 0.000000 0.000000 0.000000 21.400000 0.400000
0.000000 0.000000 0.000000 0.200000 1.200000 0.000000 0.000000 0.000000 21.400000 0.600000
0.000000 0.000000 0.000000 0.200000 1.200000 0.000000 0.000000 0.000000 21.400000 0.200000
0.000000 0.000000 0.000000 0.400000 1.200000 0.000000 0.000000 0.000000 21.400000 0.200000
0.000000 0.000000 0.000000 0.000000 2.000000 0.000000 0.000000 0.000000 21.400000 0.200000
0.000000 0.000000 0.000000 0.000000 0.800000 0.000000 0.000000 0.000000 21.400000 0.200000
0.000000 0.000000 0.000000 0.000000 0.800000 0.000000 0.000000 0.000000 27.400000 0.200000
0.000000 0.000000 0.000000 0.000000 1.000000 0.000000 0.000000 0.000000 21.400000 0.200000
0.000000 0.000000 0.000000 0.000000 0.600000 15.200000 0.000000 0.200000 20.400000 0.200000
0.000000 0.000000 0.000000 0.000000 0.600000 9.000000 0.000000 0.200000 21.600000 0.200000
0.000000 0.000000 0.000000 0.000000 0.600000 2.800000 0.000000 0.200000 18.600000 0.400000
0.000000 0.000000 0.000000 0.000000 0.600000 0.000000 0.000000 0.200000 21.400000 0.000000
0.000000 0.000000 0.000000 0.000000 0.800000 0.000000 0.000000 0.200000 21.400000 0.000000
0.000000 0.000000 0.000000 0.000000 0.400000 0.000000 0.000000 0.200000 21.400000 0.000000
0.000000 0.000000 0.000000 0.000000 0.400000 0.000000 0.000000 0.200000 21.400000 0.000000
0.000000 0.000000 0.000000 0.000000 0.400000 0.000000 0.000000 0.200000 21.400000 0.000000
0.000000 0.000000 0.000000 0.000000 0.400000 0.000000 0.000000 0.200000 21.400000 0.000000
0.000000 0.000000 0.000000 0.000000 0.400000 0.000000 0.000000 0.200000 21.400000 0.000000
0.000000 0.000000 0.000000 0.000000 0.400000 0.000000 0.000000 0.400000 27.400000 0.000000
0.000000 0.000000 0.000000 0.200000 0.400000 0.000000 0.000000 0.000000 21.400000 0.000000
0.000000 0.000000 0.000000 0.200000 0.400000 15.200000 0.000000 0.000000 20.400000 0.000000
0.000000 0.000000 0.000000 0.200000 0.400000 9.000000 0.000000 0.000000 21.600000 0.000000
0.000000 0.000000 0.000000 0.200000 0.400000 2.800000 0.000000 0.000000 18.600000 0.000000
0.000000 0.000000 0.000000 0.200000 0.400000 0.000000 0.000000 0.000000 21.400000 0.000000
0.000000 0.000000 0.000000 0.200000 0.400000 0.000000 0.000000 0.000000 21.400000 0.000000
0.000000 0.000000 0.000000 0.200000 0.400000 0.000000 0.000000 0.000000 21.400000 0.000000
0.000000 0.000000 0.000000 0.200000 0.400000 0.000000 0.000000 0.000000 21.400000 0.000000
0.000000 0.000000 0.000000 0.200000 0.800000 0.000000 0.000000 0.000000 21.400000 0.000000
0.000000 0.000000 0.000000 0.200000 0.000000 0.000000 0.000000 0.000000 21.400000 0.000000
0.000000 0.000000 0.000000 0.400000 0.000000 0.000000 0.000000 0.000000 21.400000 0.000000
0.000000 0.000000 0.000000 0.000000 0.000000 0.000000 0.000000 0.000000 27.400000 0.000000
0.000000 0.000000 0.000000 0.000000 0.000000 0.000000 0.000000 0.000000 21.400000 0.000000
0.000000 0.000000 0.000000 0.000000 0.000000 14.800000 0.000000 0.400000 20.400000 0.000000
0.000000 0.000000 0.000000 0.000000 0.000000 8.600000 0.000000 0.400000 21.600000 0.000000
0.000000 0.000000 0.000000 0.000000 0.000000 2.400000 0.000000 0.400000 18.600000 0.000000
0.000000 0.000000 0.000000 0.000000 0.000000 0.000000 0.000000 0.400000 21.000000 0.000000
0.000000 0.000000 0.000000 0.000000 0.000000 0.000000 0.000000 0.400000 21.000000 0.000000
0.000000 0.000000 0.000000 0.000000 0.000000 0.000000 0.000000 0.400000 21.000000 0.000000
0.000000 0.000000 0.000000 0.000000 0.000000 0.000000 0.000000 0.400000 21.000000 0.000000
0.000000 0.000000 0.000000 0.000000 0.000000 0.000000 0.000000 0.400000 21.000000 0.000000
0.000000 0.000000 0.000000 0.000000 0.000000 0.000000 0.000000 0.400000 21.000000 0.000000
0.000000 0.000000 0.000000 0.000000 0.000000 0.000000 0.000000 0.400000 21.000000 0.000000
0.000000 0.000000 0.000000 0.000000 0.000000 0.000000 0.000000 0.800000 27.000000 0.000000
0.000000 0.000000 0.000000 0.400000 0.000000 0.000000 0.000000 0.000000 21.000000 0.000000
0.000000 0.000000 0.000000 0.400000 0.000000 0.000000 0.000000 0.000000 13.600000 0.000000
0.000000 0.000000 0.000000 0.400000 0.000000 0.000000 0.000000 0.000000 8.800000 0.000000
0.000000 0.000000 0.000000 0.400000 0.000000 0.000000 0.000000 0.000000 0.000000 0.000000
0.000000 0.000000 0.000000 0.400000 0.000000 0.000000 0.000000 0.000000 0.000000 0.000000
0.000000 0.000000 0.000000 0.400000 0.000000 0.000000 0.000000 0.000000 0.000000 0.000000
0.000000 0.000000 0.000000 0.400000 0.000000 0.000000 0.000000 0.000000 0.000000 0.000000
0.000000 0.000000 0.000000 0.400000 0.000000 0.000000 0.000000 0.000000 0.000000 0.000000
0.000000 0.000000 0.000000 0.400000 0.000000 0.000000 0.000000 0.000000 0.000000 0.000000
0.000000 0.000000 0.000000 0.400000 0.000000 0.000000 0.000000 0.000000 0.000000 0.000000
