7 6 5 1 2 3 4
0.036000 12.000000 12.000000 3.603604 12.000000 12.000000 12.000000
0.036000 12.000000 12.000000 3.383577 12.000000 12.000000 12.000000
0.036000 12.000000 12.000000 3.163578 12.000000 12.000000 12.000000
0.036000 12.000000 12.000000 2.943605 12.695546 12.000000 12.000000
0.036000 12.000000 12.000000 2.723659 16.405594 12.000000 12.000000
0.108003 12.000000 12.000000 2.503740 20.713105 12.000000 12.000000
0.108003 12.000000 12.000000 2.283848 25.775039 12.000000 12.000000
0.086402 12.000000 12.000000 2.078399 30.965805 12.000000 12.000000
0.090002 12.000000 12.000000 1.894597 35.636364 12.000000 12.000000
0.093602 12.000000 12.000000 1.728830 39.648903 12.000000 12.363636
0.093602 12.000000 12.000000 5.184255 42.961413 12.000000 13.258741
0.093602 12.000000 12.000000 5.043456 45.639743 12.000000 14.186845
0.093602 12.000000 12.000000 4.909887 47.850104 12.000000 15.149808
0.093602 12.000000 12.000000 4.779938 50.181818 12.000000 15.896104
0.093602 12.000000 12.000000 4.657217 52.284775 12.000000 16.405594
0.093602 12.000000 12.000000 4.538114 54.491582 12.000000 16.664032
0.093602 12.000000 12.000000 4.419018 56.810127 12.000000 16.924978
0.093602 12.000000 12.000000 4.303538 58.833856 12.000000 17.188470
0.097203 12.000000 12.000000 4.191675 60.946736 12.000000 16.924978
0.093602 12.000000 12.000000 4.083427 62.705259 12.000000 16.924978
0.093602 12.000000 12.000000 7.590370 64.066116 12.000000 16.924978
0.093602 12.000000 12.000000 7.485533 65.464600 12.000000 16.924978
0.093602 12.000000 12.000000 7.384316 66.418605 12.000000 16.924978
0.093602 12.000000 12.000000 7.283105 67.390525 12.000000 16.924978
0.093602 12.000000 12.000000 7.181899 68.380870 12.000000 16.924978
0.093602 12.000000 12.000000 7.084314 68.883117 12.000000 16.924978
0.093602 12.000000 12.000000 6.986733 69.390170 12.000000 16.924978
0.093602 12.000000 12.000000 6.889158 69.902098 12.000000 16.924978
0.093602 12.000000 12.000000 6.791589 70.418972 12.000000 16.924978
0.093602 12.000000 12.000000 6.697638 70.418972 12.000000 16.924978
0.093602 12.000000 12.000000 10.220535 70.418972 12.000000 16.924978
0.093602 12.000000 12.000000 10.126405 70.418972 12.000000 16.924978
0.093602 12.000000 12.000000 10.032280 70.418972 12.000000 16.924978
0.093602 12.000000 12.000000 9.938160 70.418972 12.000000 16.924978
0.093602 12.000000 12.000000 9.844045 70.418972 12.000000 16.924978
0.093602 12.000000 12.000000 9.749935 70.418972 12.000000 16.924978
0.093602 12.000000 12.000000 9.655830 70.418972 12.000000 16.924978
0.093602 12.000000 12.000000 9.561729 70.418972 12.000000 16.924978
0.093602 12.000000 12.000000 9.467634 70.418972 12.000000 16.924978
0.093602 12.000000 12.000000 9.369925 70.940865 12.000000 16.924978
0.093602 12.000000 12.000000 12.898046 70.940865 12.000000 16.924978
0.093602 12.000000 12.000000 12.803777 70.940865 12.000000 16.924978
0.093602 12.000000 12.000000 12.709513 70.940865 12.000000 16.924978
0.093602 12.000000 12.000000 12.615253 70.940865 12.000000 16.924978
0.093602 12.000000 12.000000 12.520998 70.940865 12.000000 16.924978
0.093602 12.000000 12.000000 12.426748 70.940865 12.000000 16.924978
0.093602 12.000000 12.000000 12.332504 70.940865 12.000000 16.924978
0.093602 12.000000 12.000000 12.238264 70.940865 12.000000 16.924978
0.093602 12.000000 12.000000 12.144029 70.940865 12.000000 16.924978
0.093602 12.000000 12.000000 12.049799 70.940865 12.000000 16.924978
0.093602 12.000000 12.000000 15.583164 70.940865 12.000000 16.924978
0.093602 12.000000 12.000000 15.488754 70.940865 12.000000 16.924978
0.093602 12.000000 12.000000 15.394350 70.940865 12.000000 16.924978
0.093602 12.000000 12.000000 15.299950 70.940865 12.000000 16.924978
0.093602 12.000000 12.000000 15.205555 70.940865 12.000000 16.924978
0.093602 12.000000 12.000000 15.111165 70.940865 12.000000 16.924978
0.093602 12.000000 12.000000 15.016780 70.940865 12.000000 16.924978
0.093602 12.000000 12.000000 14.922400 70.940865 12.000000 16.924978
0.093602 12.000000 12.000000 14.828025 70.940865 12.000000 16.924978
0.093602 12.000000 12.000000 14.733655 70.940865 12.000000 16.924978
0.093602 12.000000 12.000000 18.272276 70.940865 12.000000 16.924978
0.093602 12.000000 12.000000 18.177726 70.940865 12.000000 16.924978
0.093602 12.000000 12.000000 18.083181 70.940865 12.000000 16.924978
0.093602 12.000000 12.000000 17.988640 70.940865 12.000000 16.924978
0.093602 12.000000 12.000000 17.894105 70.940865 12.000000 16.924978
0.093602 12.000000 12.000000 17.799575 70.940865 12.000000 16.924978
0.093602 12.000000 12.000000 17.705049 70.940865 12.000000 16.924978
0.093602 12.000000 12.000000 17.610529 70.940865 12.000000 16.924978
0.093602 12.000000 12.000000 17.516013 70.940865 12.000000 16.924978
0.093602 12.000000 12.000000 17.421503 70.940865 12.000000 16.924978
0.093602 12.000000 12.000000 20.965391 70.940865 12.000000 16.924978
0.093602 12.000000 12.000000 20.870700 70.940865 12.000000 16.924978
0.093602 12.000000 12.000000 20.776014 70.940865 12.000000 16.924978
0.093602 12.000000 12.000000 20.681333 70.940865 12.000000 16.924978
0.093602 12.000000 12.000000 20.586657 70.940865 12.000000 16.924978
0.093602 12.000000 12.000000 20.491986 70.940865 12.000000 16.924978
0.093602 12.000000 12.000000 20.397320 70.940865 12.000000 16.924978
0.093602 12.000000 12.000000 20.302658 70.940865 12.000000 16.924978
0.093602 12.000000 12.000000 20.208002 70.940865 12.000000 16.924978
0.093602 12.000000 12.000000 20.113351 70.940865 12.000000 16.924978
0.093602 12.000000 12.000000 23.662518 70.940865 12.000000 16.924978
0.093602 12.000000 12.000000 23.567686 70.940865 12.000000 16.924978
0.093602 12.000000 12.000000 23.472859 70.940865 12.000000 16.924978
0.093602 12.000000 12.000000 23.378037 70.940865 12.000000 16.924978
0.093602 12.000000 12.000000 23.283219 70.940865 12.000000 16.924978
0.093602 12.000000 12.000000 23.188407 70.940865 12.000000 16.924978
0.093602 12.000000 12.000000 23.093600 70.940865 12.000000 16.924978
0.093602 12.000000 12.000000 22.998798 70.940865 12.000000 16.924978
0.093602 12.000000 12.000000 22.904001 70.940865 12.000000 16.924978
0.093602 12.000000 12.000000 22.809208 70.940865 12.000000 16.924978
0.093602 12.000000 12.000000 26.363666 70.940865 12.000000 16.924978
0.093602 12.000000 12.000000 26.268692 70.940865 12.000000 16.924978
0.093602 12.000000 12.000000 26.173724 70.940865 12.000000 16.924978
0.093602 12.000000 12.000000 26.078760 70.940865 12.000000 16.924978
0.093602 12.000000 12.000000 25.983802 70.940865 12.000000 16.924978
0.093602 12.000000 12.000000 25.888848 70.940865 12.000000 16.924978
0.093602 12.000000 12.000000 25.793900 70.940865 12.000000 16.924978
0.093602 12.000000 12.000000 25.698956 70.940865 12.000000 16.924978
0.093602 12.000000 12.000000 25.604017 70.940865 12.000000 16.924978
0.093602 12.000000 12.000000 25.509084 70.940865 12.000000 16.924978
0.093602 12.000000 12.000000 25.414155 70.940865 12.000000 16.924978
0.093602 12.000000 12.000000 25.319231 70.940865 12.000000 16.924978
0.093602 12.000000 12.000000 25.224313 70.940865 12.000000 16.924978
0.093602 12.000000 12.000000 25.129399 70.940865 12.000000 16.924978
0.093602 12.000000 12.000000 25.034490 70.940865 12.000000 16.924978
0.093602 12.000000 12.000000 24.939586 70.940865 12.000000 16.924978
0.093602 12.000000 12.000000 24.844687 70.940865 12.000000 16.924978
0.093602 12.000000 12.000000 24.749793 70.940865 12.000000 16.924978
0.093602 12.000000 12.000000 24.654904 70.940865 12.000000 16.924978
0.093602 12.000000 12.000000 24.560020 70.940865 12.000000 16.924978
0.093602 12.000000 12.000000 24.465141 70.940865 12.000000 16.924978
0.093602 12.000000 12.000000 24.370267 70.940865 12.000000 16.924978
0.093602 12.000000 12.000000 24.275398 70.940865 12.000000 16.924978
0.093602 12.000000 12.000000 24.180534 70.940865 12.000000 16.924978
0.093602 12.000000 12.000000 24.085675 70.940865 12.000000 16.924978
0.093602 12.000000 12.000000 23.990821 70.940865 12.000000 16.924978
0.093602 12.000000 12.000000 23.895972 70.418972 12.000000 17.188470
0.097203 12.000000 12.000000 23.801127 70.418972 12.000000 16.924978
0.090002 12.000000 12.000000 23.706288 70.418972 12.000000 17.188470
0.093602 12.000000 12.000000 23.611454 70.418972 12.000000 17.188470
0.093602 12.000000 12.000000 23.516624 70.418972 12.000000 17.188470
0.093602 12.000000 12.000000 23.421800 70.418972 12.000000 17.188470
0.093602 12.000000 12.000000 23.326981 70.418972 12.000000 17.188470
0.093602 12.000000 12.000000 23.228520 70.940865 12.000000 17.188470
0.093602 12.000000 12.000000 23.133710 70.940865 12.000000 17.188470
0.093602 12.000000 12.000000 23.038906 70.940865 12.000000 17.188470
0.093602 12.000000 12.000000 22.944106 70.940865 12.000000 17.188470
0.093602 12.000000 12.000000 22.849312 70.940865 12.000000 17.188470
0.093602 12.000000 12.000000 22.754523 70.940865 12.000000 17.188470
0.093602 12.000000 12.000000 22.659738 70.940865 12.000000 17.188470
0.093602 12.000000 12.000000 22.564959 70.940865 12.000000 17.188470
0.093602 12.000000 12.000000 22.470184 70.940865 12.000000 17.188470
0.093602 12.000000 12.000000 22.375414 70.940865 12.000000 17.188470
0.093602 12.000000 12.000000 22.280650 70.940865 12.000000 17.188470
0.093602 12.000000 12.000000 22.185890 70.940865 12.000000 17.188470
0.093602 12.000000 12.000000 22.091135 70.940865 12.000000 17.188470
0.093602 12.000000 12.000000 21.996385 70.940865 12.000000 17.188470
0.093602 12.000000 12.000000 21.901641 70.940865 12.000000 17.188470
0.093602 12.000000 12.000000 21.806901 70.940865 12.000000 17.188470
0.093602 12.000000 12.000000 21.712166 70.940865 12.000000 17.188470
0.093602 12.000000 12.000000 21.617436 70.940865 12.000000 17.188470
0.093602 12.000000 12.000000 21.522711 70.940865 12.000000 17.188470
0.093602 12.000000 12.000000 21.427991 70.940865 12.000000 17.188470
0.093602 12.000000 12.000000 21.333276 70.940865 12.000000 17.188470
0.093602 12.000000 12.000000 21.238565 70.940865 12.000000 17.188470
0.093602 12.000000 12.000000 21.143860 70.940865 12.000000 17.188470
0.093602 12.000000 12.000000 21.049160 70.940865 12.000000 17.188470
0.093602 12.000000 12.000000 20.954465 70.940865 12.000000 17.188470
0.093602 12.000000 12.000000 20.859774 70.940865 12.000000 17.188470
0.093602 12.000000 12.000000 20.765089 70.940865 12.000000 17.188470
0.093602 12.000000 12.000000 20.670409 70.940865 12.000000 17.188470
0.093602 12.000000 12.000000 20.575733 70.940865 12.000000 17.188470
0.093602 12.000000 12.000000 20.481063 70.940865 12.000000 17.188470
0.093602 12.000000 12.000000 20.386397 70.940865 12.000000 17.188470
0.093602 12.000000 12.000000 20.291736 70.940865 12.000000 17.188470
0.093602 12.000000 12.000000 20.197081 70.940865 12.000000 17.188470
0.093602 12.000000 12.000000 20.102430 70.940865 12.000000 17.188470
0.093602 12.000000 12.000000 20.007784 70.940865 12.000000 17.188470
0.093602 12.000000 12.000000 19.913143 70.940865 12.000000 17.188470
0.093602 12.000000 12.000000 19.814868 71.467849 12.000000 17.188470
0.093602 12.000000 12.000000 19.720237 71.467849 12.000000 17.188470
0.093602 12.000000 12.000000 19.625611 71.467849 12.000000 17.188470
0.093602 12.000000 12.000000 19.530990 71.467849 12.000000 17.188470
0.093602 12.000000 12.000000 19.436374 71.467849 12.000000 17.188470
0.093602 12.000000 12.000000 19.341763 71.467849 12.000000 17.188470
0.093602 12.000000 12.000000 19.247157 71.467849 12.000000 17.188470
0.093602 12.000000 12.000000 19.152556 71.467849 12.000000 17.188470
0.093602 12.000000 12.000000 19.057960 71.467849 12.000000 17.188470
0.093602 12.000000 12.000000 18.963369 71.467849 12.000000 17.188470
0.093602 12.000000 12.000000 18.868783 71.467849 12.000000 17.188470
0.093602 12.000000 12.000000 18.774202 71.467849 12.000000 17.188470
0.093602 12.000000 12.000000 18.679625 71.467849 12.000000 17.188470
0.093602 12.000000 12.000000 18.585054 71.467849 12.000000 17.188470
0.093602 12.000000 12.000000 18.490487 71.467849 12.000000 17.188470
0.093602 12.000000 12.000000 18.395926 71.467849 12.000000 17.188470
0.093602 12.000000 12.000000 18.301369 71.467849 12.000000 17.188470
0.093602 12.000000 12.000000 18.206818 71.467849 12.000000 17.188470
0.093602 12.000000 12.000000 18.112271 71.467849 12.000000 17.188470
0.093602 12.000000 12.000000 18.017729 71.467849 12.000000 17.188470
0.093602 12.000000 12.000000 17.923192 71.467849 12.000000 17.188470
0.093602 12.000000 12.000000 17.828661 71.467849 12.000000 17.188470
0.093602 12.000000 12.000000 17.734134 71.467849 12.000000 17.188470
0.093602 12.000000 12.000000 17.639612 71.467849 12.000000 17.188470
0.097203 12.000000 12.000000 17.545095 71.467849 12.000000 16.924978
0.093602 12.000000 12.000000 17.450582 71.467849 12.000000 16.924978
0.093602 12.000000 12.000000 17.356075 71.467849 12.000000 16.924978
0.093602 12.000000 12.000000 17.261573 71.467849 12.000000 16.924978
0.093602 12.000000 12.000000 17.167076 71.467849 12.000000 16.924978
0.093602 12.000000 12.000000 17.072583 71.467849 12.000000 16.924978
0.093602 12.000000 12.000000 16.978096 71.467849 12.000000 16.924978
0.093602 12.000000 12.000000 16.883613 71.467849 12.000000 16.924978
0.093602 12.000000 12.000000 16.789136 71.467849 12.000000 16.924978
0.093602 12.000000 12.000000 16.694663 71.467849 12.000000 16.924978
0.093602 12.000000 12.000000 16.600196 71.467849 12.000000 16.924978
0.093602 12.000000 12.000000 16.505733 71.467849 12.000000 16.924978
0.093602 12.000000 12.000000 16.411275 71.467849 12.000000 16.924978
0.093602 12.000000 12.000000 16.316822 71.467849 12.000000 16.924978
0.093602 12.000000 12.000000 16.222374 71.467849 12.000000 16.924978
0.093602 12.000000 12.000000 16.127931 71.467849 12.000000 16.924978
0.093602 12.000000 12.000000 16.033493 71.467849 12.000000 16.924978
0.093602 12.000000 12.000000 15.939060 71.467849 12.000000 16.924978
0.093602 12.000000 12.000000 15.844632 71.467849 12.000000 16.924978
0.093602 12.000000 12.000000 15.750209 71.467849 12.000000 16.924978
0.093602 12.000000 12.000000 15.655790 71.467849 12.000000 16.924978
0.093602 12.000000 12.000000 15.561377 71.467849 12.000000 16.924978
0.093602 12.000000 12.000000 15.466968 71.467849 12.000000 16.924978
0.093602 12.000000 12.000000 15.372565 71.467849 12.000000 16.924978
0.093602 12.000000 12.000000 15.278166 71.467849 12.000000 16.924978
0.093602 12.000000 12.000000 15.183772 71.467849 12.000000 16.924978
0.093602 12.000000 12.000000 15.089384 71.467849 12.000000 16.924978
0.093602 12.000000 12.000000 14.995000 71.467849 12.000000 16.924978
0.093602 12.000000 12.000000 14.900621 71.467849 12.000000 16.924978
0.093602 12.000000 12.000000 14.806247 71.467849 12.000000 16.924978
0.093602 12.000000 12.000000 14.711878 71.467849 12.000000 16.924978
0.093602 12.000000 12.000000 14.617514 71.467849 12.000000 16.924978
0.093602 12.000000 12.000000 14.523155 71.467849 12.000000 16.924978
0.093602 12.000000 12.000000 14.428800 71.467849 12.000000 16.924978
0.093602 12.000000 12.000000 14.334451 71.467849 12.000000 16.924978
0.093602 12.000000 12.000000 14.240107 71.467849 12.000000 16.924978
0.093602 12.000000 12.000000 14.145767 71.467849 12.000000 16.924978
0.093602 12.000000 12.000000 14.051433 71.467849 12.000000 16.924978
0.093602 12.000000 12.000000 13.957103 71.467849 12.000000 16.924978
0.093602 12.000000 12.000000 13.862778 71.467849 12.000000 16.924978
0.093602 12.000000 12.000000 13.768458 71.467849 12.000000 16.924978
0.093602 12.000000 12.000000 13.674143 71.467849 12.000000 16.924978
0.093602 12.000000 12.000000 13.579834 71.467849 12.000000 16.924978
0.093602 12.000000 12.000000 13.485528 71.467849 12.000000 16.924978
0.093602 12.000000 12.000000 13.391228 71.467849 12.000000 16.924978
0.093602 12.000000 12.000000 13.296933 71.467849 12.000000 16.924978
0.093602 12.000000 12.000000 13.202643 71.467849 12.000000 16.924978
0.093602 12.000000 12.000000 13.108358 71.467849 12.000000 16.924978
0.093602 12.000000 12.000000 13.014077 71.467849 12.000000 16.924978
0.093602 12.000000 12.000000 12.919802 71.467849 12.000000 16.924978
0.093602 12.000000 12.000000 12.825531 71.467849 12.000000 16.924978
0.093602 12.000000 12.000000 12.731265 71.467849 12.000000 16.924978
0.093602 12.000000 12.000000 12.637005 71.467849 12.000000 16.924978
0.093602 12.000000 12.000000 12.542749 71.467849 12.000000 16.924978
0.093602 12.000000 12.000000 12.448498 71.467849 12.000000 16.924978
0.093602 12.000000 12.000000 12.354252 71.467849 12.000000 16.924978
0.093602 12.000000 12.000000 12.260011 71.467849 12.000000 16.924978
0.093602 12.000000 12.000000 12.165775 71.467849 12.000000 16.924978
0.093602 12.000000 12.000000 12.071544 71.467849 12.000000 16.924978
0.093602 12.000000 12.000000 11.977317 71.467849 12.000000 16.924978
0.093602 12.000000 12.000000 11.883096 71.467849 12.000000 16.924978
0.093602 12.000000 12.000000 11.788879 71.467849 12.000000 16.924978
0.093602 12.000000 12.000000 11.694668 71.467849 12.000000 16.924978
0.093602 12.000000 12.000000 11.600461 71.467849 12.000000 16.924978
0.093602 12.000000 12.000000 11.506259 71.467849 12.000000 16.924978
0.093602 12.000000 12.000000 11.412062 71.467849 12.000000 16.924978
0.093602 12.000000 12.000000 11.317871 71.467849 12.000000 16.924978
0.093602 12.000000 12.000000 11.223684 71.467849 12.000000 16.924978
0.093602 12.000000 12.000000 11.129501 71.467849 12.000000 16.924978
0.093602 12.000000 12.000000 11.035324 70.940865 12.000000 17.188470
0.097203 12.000000 12.000000 10.941152 70.940865 12.000000 16.924978
0.093602 12.000000 12.000000 10.846985 70.940865 12.000000 16.924978
0.093602 12.000000 12.000000 10.752822 70.940865 12.000000 16.924978
0.093602 12.000000 12.000000 10.658665 70.940865 12.000000 16.924978
0.093602 12.000000 12.000000 10.564512 70.940865 12.000000 16.924978
0.093602 12.000000 12.000000 10.470364 70.940865 12.000000 16.924978
0.093602 12.000000 12.000000 10.376222 70.940865 12.000000 16.924978
0.093602 12.000000 12.000000 10.282084 70.940865 12.000000 16.924978
0.093602 12.000000 12.000000 10.187951 70.940865 12.000000 16.924978
0.093602 12.000000 12.000000 10.093823 70.940865 12.000000 16.924978
0.093602 12.000000 12.000000 9.999699 70.940865 12.000000 16.924978
0.093602 12.000000 12.000000 9.905581 70.940865 12.000000 16.924978
0.093602 12.000000 12.000000 9.811468 70.940865 12.000000 16.924978
0.093602 12.000000 12.000000 9.717359 70.940865 12.000000 16.924978
0.093602 12.000000 12.000000 9.623256 70.940865 12.000000 16.924978
0.093602 12.000000 12.000000 9.525538 71.467849 12.000000 16.924978
0.093602 12.000000 12.000000 9.431445 71.467849 12.000000 16.924978
0.093602 12.000000 12.000000 9.337356 71.467849 12.000000 16.924978
0.093602 12.000000 12.000000 9.243272 71.467849 12.000000 16.924978
0.093602 12.000000 12.000000 9.149193 71.467849 12.000000 16.924978
0.093602 12.000000 12.000000 9.055120 71.467849 12.000000 16.924978
0.093602 12.000000 12.000000 8.961051 71.467849 12.000000 16.924978
0.093602 12.000000 12.000000 8.866986 71.467849 12.000000 16.924978
0.093602 12.000000 12.000000 8.772927 71.467849 12.000000 16.924978
0.093602 12.000000 12.000000 8.678873 71.467849 12.000000 16.924978
0.093602 12.000000 12.000000 8.584823 71.467849 12.000000 16.924978
0.093602 12.000000 12.000000 8.490779 70.940865 12.000000 17.188470
0.097203 12.000000 12.000000 8.396739 70.940865 12.000000 16.924978
0.093602 12.000000 12.000000 8.302705 70.940865 12.000000 16.924978
0.093602 12.000000 12.000000 8.208675 70.940865 12.000000 16.924978
0.093602 12.000000 12.000000 8.114650 70.940865 12.000000 16.924978
0.093602 12.000000 12.000000 8.020630 70.940865 12.000000 16.924978
0.093602 12.000000 12.000000 7.926615 70.940865 12.000000 16.924978
0.093602 12.000000 12.000000 7.832605 70.940865 12.000000 16.924978
0.093602 12.000000 12.000000 7.738599 70.940865 12.000000 16.924978
0.093602 12.000000 12.000000 7.644599 70.940865 12.000000 16.924978
0.093602 12.000000 12.000000 7.550604 70.940865 12.000000 16.924978
0.093602 12.000000 12.000000 7.456613 70.940865 12.000000 16.924978
0.093602 12.000000 12.000000 7.362627 70.940865 12.000000 16.924978
0.093602 12.000000 12.000000 7.268646 70.940865 12.000000 16.924978
0.093602 12.000000 12.000000 7.174671 70.940865 12.000000 16.924978
0.093602 12.000000 12.000000 7.080700 70.940865 12.000000 16.924978
0.093602 12.000000 12.000000 6.986733 70.940865 12.000000 16.924978
0.093602 12.000000 12.000000 6.892772 70.940865 12.000000 16.924978
0.093602 12.000000 12.000000 6.798816 70.418972 12.000000 17.188470
0.097203 12.000000 12.000000 6.704864 70.418972 12.000000 16.924978
0.093602 12.000000 12.000000 6.610918 70.418972 12.000000 16.924978
0.093602 12.000000 12.000000 6.516976 70.418972 12.000000 16.924978
0.093602 12.000000 12.000000 6.423040 70.418972 12.000000 16.924978
0.093602 12.000000 12.000000 6.325495 70.940865 12.000000 16.924978
0.093602 12.000000 12.000000 6.231568 70.940865 12.000000 16.924978
0.093602 12.000000 12.000000 6.137646 70.940865 12.000000 16.924978
0.093602 12.000000 12.000000 6.043729 70.940865 12.000000 16.924978
0.093602 12.000000 12.000000 5.949817 70.940865 12.000000 16.924978
0.093602 12.000000 12.000000 5.855910 70.940865 12.000000 16.924978
0.093602 12.000000 12.000000 5.762008 70.940865 12.000000 16.924978
0.093602 12.000000 12.000000 5.668110 70.940865 12.000000 16.924978
0.093602 12.000000 12.000000 5.574218 70.940865 12.000000 16.924978
0.093602 12.000000 12.000000 5.480330 70.940865 12.000000 16.924978
0.093602 12.000000 12.000000 5.386447 70.418972 12.000000 17.188470
0.097203 12.000000 12.000000 5.292570 70.418972 12.000000 16.924978
0.093602 12.000000 12.000000 5.198697 70.418972 12.000000 16.924978
0.093602 12.000000 12.000000 5.101218 70.940865 12.000000 16.924978
0.093602 12.000000 12.000000 5.007355 70.940865 12.000000 16.924978
0.093602 12.000000 12.000000 4.913497 70.940865 12.000000 16.924978
0.093602 12.000000 12.000000 4.819644 70.940865 12.000000 16.924978
0.093602 12.000000 12.000000 4.725796 70.940865 12.000000 16.924978
0.093602 12.000000 12.000000 4.631952 70.940865 12.000000 16.924978
0.093602 12.000000 12.000000 4.538114 70.940865 12.000000 16.924978
0.093602 12.000000 12.000000 4.444280 70.940865 12.000000 16.924978
0.093602 12.000000 12.000000 4.346842 71.467849 12.000000 16.924978
0.093602 12.000000 12.000000 4.253019 71.467849 12.000000 16.924978
0.093602 12.000000 12.000000 4.159200 71.467849 12.000000 16.924978
0.093602 12.000000 12.000000 4.065386 71.467849 12.000000 16.924978
0.093602 12.000000 12.000000 3.971577 71.467849 12.000000 16.924978
0.093602 12.000000 12.000000 3.877773 71.467849 12.000000 16.924978
0.093602 12.000000 12.000000 3.783973 71.467849 12.000000 16.924978
0.093602 12.000000 12.000000 3.690179 71.467849 12.000000 16.924978
0.093602 12.000000 12.000000 3.596389 71.467849 12.000000 16.924978
0.093602 12.000000 12.000000 3.502605 71.467849 12.000000 16.924978
0.093602 12.000000 12.000000 3.408825 71.467849 12.000000 16.924978
0.093602 12.000000 12.000000 3.315050 71.467849 12.000000 16.924978
0.093602 12.000000 12.000000 3.221280 71.467849 12.000000 16.924978
0.093602 12.000000 12.000000 3.127515 71.467849 12.000000 16.924978
0.093602 12.000000 12.000000 3.033754 71.467849 12.000000 16.924978
0.093602 12.000000 12.000000 2.939999 71.467849 12.000000 16.924978
0.093602 12.000000 12.000000 2.846249 71.467849 12.000000 16.924978
0.093602 12.000000 12.000000 2.752503 71.467849 12.000000 16.924978
0.093602 12.000000 12.000000 2.658762 71.467849 12.000000 16.924978
0.093602 12.000000 12.000000 2.565026 71.467849 12.000000 16.924978
0.093602 12.000000 12.000000 2.471295 71.467849 12.000000 16.924978
0.093602 12.000000 12.000000 2.377569 71.467849 12.000000 16.924978
0.093602 12.000000 12.000000 2.283848 71.467849 12.000000 16.924978
0.093602 12.000000 12.000000 2.190132 71.467849 12.000000 16.924978
0.093602 12.000000 12.000000 2.096420 71.467849 12.000000 16.924978
0.093602 12.000000 12.000000 2.002714 71.467849 12.000000 16.924978
0.093602 12.000000 12.000000 1.909012 71.467849 12.000000 16.924978
0.093602 12.000000 12.000000 1.815315 71.467849 12.000000 16.924978
0.093602 12.000000 12.000000 1.721623 71.467849 12.000000 16.924978
0.093602 12.000000 12.000000 1.627936 71.467849 12.000000 16.924978
0.093602 12.000000 12.000000 1.534254 71.467849 12.000000 16.924978
0.093602 12.000000 12.000000 1.440576 71.467849 12.000000 16.924978
0.093602 12.000000 12.000000 1.346904 71.467849 12.000000 16.924978
0.093602 12.000000 12.000000 1.253236 71.467849 12.000000 16.924978
0.093602 12.000000 12.000000 1.159573 71.467849 12.000000 16.924978
0.093602 12.000000 12.000000 1.065916 70.940865 12.000000 17.188470
0.097203 12.000000 12.000000 0.972263 70.940865 12.000000 16.924978
0.090002 12.000000 12.000000 0.878614 70.940865 12.000000 17.188470
0.093602 12.000000 12.000000 0.784971 70.940865 12.000000 17.188470
0.097203 12.000000 12.000000 0.691333 70.940865 12.000000 16.924978
0.093602 12.000000 12.000000 0.597699 70.940865 12.000000 16.924978
0.093602 12.000000 12.000000 0.504071 70.940865 12.000000 16.924978
0.093602 12.000000 12.000000 0.410447 70.940865 12.000000 16.924978
0.093602 12.000000 12.000000 0.316828 70.940865 12.000000 16.924978
0.093602 12.000000 12.000000 0.223214 70.940865 12.000000 16.924978
0.093602 12.000000 12.000000 0.129605 70.940865 12.000000 16.924978
0.093602 12.000000 12.000000 0.036000 70.940865 12.000000 16.924978
0.093602 12.000000 12.000000 0.036000 63.154791 12.000000 16.924978
0.093602 12.000000 12.000000 0.036000 52.645161 12.000000 16.924978
0.093602 12.000000 12.000000 0.036000 44.130060 12.000000 16.924978
0.093602 12.000000 12.000000 0.036000 37.090909 12.000000 16.924978
0.093602 12.000000 12.000000 0.036000 31.174568 12.000000 16.924978
0.093602 12.000000 12.000000 0.036000 26.132231 12.000000 16.924978
0.093602 12.000000 12.000000 0.036000 21.783550 12.000000 16.924978
0.093602 12.000000 12.000000 0.036000 17.994599 12.000000 16.924978
0.093602 12.000000 12.000000 0.036000 14.663848 12.000000 16.924978
0.093602 12.000000 12.000000 0.036000 12.000000 12.000000 16.924978
0.093602 12.000000 12.000000 0.036000 12.000000 12.000000 16.924978
0.093602 12.000000 12.000000 0.036000 12.000000 12.000000 16.924978
0.093602 12.000000 12.000000 0.036000 12.000000 12.000000 16.924978
0.093602 12.000000 12.000000 0.036000 12.000000 12.000000 16.924978
0.093602 12.000000 12.000000 0.036000 12.000000 12.000000 16.924978
0.093602 12.000000 12.000000 0.036000 12.000000 12.000000 13.951626
0.093602 12.000000 12.000000 0.036000 12.000000 12.000000 12.000000
0.093602 12.000000 12.000000 0.036000 12.000000 12.000000 12.000000
0.093602 12.000000 12.000000 0.036000 12.000000 12.000000 12.000000
0.036000 12.000000 12.000000 0.036000 12.000000 12.000000 12.000000
0.036000 12.000000 12.000000 0.036000 12.000000 12.000000 12.000000
