7 6 5 1 2 3 4
0.000000 0.000000 0.000000 100.000000 0.000000 0.000000 0.000000
0.000000 0.000000 0.000000 93.900000 6.100000 0.000000 0.000000
0.000000 0.000000 0.000000 87.800000 12.200000 0.000000 0.000000
0.000000 0.000000 0.000000 81.700000 15.300000 0.000000 3.000000
0.000000 0.000000 0.000000 75.600000 18.400000 0.000000 6.000000
3.000000 0.000000 0.000000 69.500000 21.500000 0.000000 6.000000
3.000000 0.000000 0.000000 63.400000 24.600000 0.000000 6.000000
2.400000 0.000000 0.000000 57.700000 27.300000 0.000000 6.600000
2.500000 0.000000 0.000000 52.600000 29.400000 0.000000 7.100000
2.600000 0.000000 0.000000 48.000000 31.000000 0.000000 7.500000
2.600000 0.000000 0.000000 143.800000 32.200000 0.000000 7.900000
2.600000 0.000000 0.000000 139.900000 33.100000 0.000000 8.300000
2.600000 0.000000 0.000000 136.200000 33.800000 0.000000 8.700000
2.600000 0.000000 0.000000 132.600000 34.500000 0.000000 9.000000
2.600000 0.000000 0.000000 129.200000 35.100000 0.000000 9.200000
2.600000 0.000000 0.000000 125.900000 35.700000 0.000000 9.300000
2.600000 0.000000 0.000000 122.600000 36.300000 0.000000 9.400000
2.600000 0.000000 0.000000 119.400000 36.800000 0.000000 9.500000
2.700000 0.000000 0.000000 116.300000 37.300000 0.000000 9.400000
2.600000 0.000000 0.000000 113.300000 37.700000 0.000000 9.400000
2.600000 0.000000 0.000000 210.400000 38.000000 0.000000 9.400000
2.600000 0.000000 0.000000 207.500000 38.300000 0.000000 9.400000
2.600000 0.000000 0.000000 204.700000 38.500000 0.000000 9.400000
2.600000 0.000000 0.000000 201.900000 38.700000 0.000000 9.400000
2.600000 0.000000 0.000000 199.100000 38.900000 0.000000 9.400000
2.600000 0.000000 0.000000 196.400000 39.000000 0.000000 9.400000
2.600000 0.000000 0.000000 193.700000 39.100000 0.000000 9.400000
2.600000 0.000000 0.000000 191.000000 39.200000 0.000000 9.400000
2.600000 0.000000 0.000000 188.300000 39.300000 0.000000 9.400000
2.600000 0.000000 0.000000 185.700000 39.300000 0.000000 9.400000
2.600000 0.000000 0.000000 283.100000 39.300000 0.000000 9.400000
2.600000 0.000000 0.000000 280.500000 39.300000 0.000000 9.400000
2.600000 0.000000 0.000000 277.900000 39.300000 0.000000 9.400000
2.600000 0.000000 0.000000 275.300000 39.300000 0.000000 9.400000
2.600000 0.000000 0.000000 272.700000 39.300000 0.000000 9.400000
2.600000 0.000000 0.000000 270.100000 39.300000 0.000000 9.400000
2.600000 0.000000 0.000000 267.500000 39.300000 0.000000 9.400000
2.600000 0.000000 0.000000 264.900000 39.300000 0.000000 9.400000
2.600000 0.000000 0.000000 262.300000 39.300000 0.000000 9.400000
2.600000 0.000000 0.000000 259.600000 39.400000 0.000000 9.400000
2.600000 0.000000 0.000000 357.000000 39.400000 0.000000 9.400000
2.600000 0.000000 0.000000 354.400000 39.400000 0.000000 9.400000
2.600000 0.000000 0.000000 351.800000 39.400000 0.000000 9.400000
2.600000 0.000000 0.000000 349.200000 39.400000 0.000000 9.400000
2.600000 0.000000 0.000000 346.600000 39.400000 0.000000 9.400000
2.600000 0.000000 0.000000 344.000000 39.400000 0.000000 9.400000
2.600000 0.000000 0.000000 341.400000 39.400000 0.000000 9.400000
2.600000 0.000000 0.000000 338.800000 39.400000 0.000000 9.400000
2.600000 0.000000 0.000000 336.200000 39.400000 0.000000 9.400000
2.600000 0.000000 0.000000 333.600000 39.400000 0.000000 9.400000
2.600000 0.000000 0.000000 431.000000 39.400000 0.000000 9.400000
2.600000 0.000000 0.000000 428.400000 39.400000 0.000000 9.400000
2.600000 0.000000 0.000000 425.800000 39.400000 0.000000 9.400000
2.600000 0.000000 0.000000 423.200000 39.400000 0.000000 9.400000
2.600000 0.000000 0.000000 420.600000 39.400000 0.000000 9.400000
2.600000 0.000000 0.000000 418.000000 39.400000 0.000000 9.400000
2.600000 0.000000 0.000000 415.400000 39.400000 0.000000 9.400000
2.600000 0.000000 0.000000 412.800000 39.400000 0.000000 9.400000
2.600000 0.000000 0.000000 410.200000 39.400000 0.000000 9.400000
2.600000 0.000000 0.000000 407.600000 39.400000 0.000000 9.400000
2.600000 0.000000 0.000000 505.000000 39.400000 0.000000 9.400000
2.600000 0.000000 0.000000 502.400000 39.400000 0.000000 9.400000
2.600000 0.000000 0.000000 499.800000 39.400000 0.000000 9.400000
2.600000 0.000000 0.000000 497.200000 39.400000 0.000000 9.400000
2.600000 0.000000 0.000000 494.600000 39.400000 0.000000 9.400000
2.600000 0.000000 0.000000 492.000000 39.400000 0.000000 9.400000
2.600000 0.000000 0.000000 489.400000 39.400000 0.000000 9.400000
2.600000 0.000000 0.000000 486.800000 39.400000 0.000000 9.400000
2.600000 0.000000 0.000000 484.200000 39.400000 0.000000 9.400000
2.600000 0.000000 0.000000 481.600000 39.400000 0.000000 9.400000
2.600000 0.000000 0.000000 579.000000 39.400000 0.000000 9.400000
2.600000 0.000000 0.000000 576.400000 39.400000 0.000000 9.400000
2.600000 0.000000 0.000000 573.800000 39.400000 0.000000 9.400000
2.600000 0.000000 0.000000 571.200000 39.400000 0.000000 9.400000
2.600000 0.000000 0.000000 568.600000 39.400000 0.000000 9.400000
2.600000 0.000000 0.000000 566.000000 39.400000 0.000000 9.400000
2.600000 0.000000 0.000000 563.400000 39.400000 0.000000 9.400000
2.600000 0.000000 0.000000 560.800000 39.400000 0.000000 9.400000
2.600000 0.000000 0.000000 558.200000 39.400000 0.000000 9.400000
2.600000 0.000000 0.000000 555.600000 39.400000 0.000000 9.400000
2.600000 0.000000 0.000000 653.000000 39.400000 0.000000 9.400000
2.600000 0.000000 0.000000 650.400000 39.400000 0.000000 9.400000
2.600000 0.000000 0.000000 647.800000 39.400000 0.000000 9.400000
2.600000 0.000000 0.000000 645.200000 39.400000 0.000000 9.400000
2.600000 0.000000 0.000000 642.600000 39.400000 0.000000 9.400000
2.600000 0.000000 0.000000 640.000000 39.400000 0.000000 9.400000
2.600000 0.000000 0.000000 637.400000 39.400000 0.000000 9.400000
2.600000 0.000000 0.000000 634.800000 39.400000 0.000000 9.400000
2.600000 0.000000 0.000000 632.200000 39.400000 0.000000 9.400000
2.600000 0.000000 0.000000 629.600000 39.400000 0.000000 9.400000
2.600000 0.000000 0.000000 727.000000 39.400000 0.000000 9.400000
2.600000 0.000000 0.000000 724.400000 39.400000 0.000000 9.400000
2.600000 0.000000 0.000000 721.800000 39.400000 0.000000 9.400000
2.600000 0.000000 0.000000 719.200000 39.400000 0.000000 9.400000
2.600000 0.000000 0.000000 716.600000 39.400000 0.000000 9.400000
2.600000 0.000000 0.000000 714.000000 39.400000 0.000000 9.400000
2.600000 0.000000 0.000000 711.400000 39.400000 0.000000 9.400000
2.600000 0.000000 0.000000 708.800000 39.400000 0.000000 9.400000
2.600000 0.000000 0.000000 706.200000 39.400000 0.000000 9.400000
2.600000 0.000000 0.000000 703.600000 39.400000 0.000000 9.400000
2.600000 0.000000 0.000000 701.000000 39.400000 0.000000 9.400000
2.600000 0.000000 0.000000 698.400000 39.400000 0.000000 9.400000
2.600000 0.000000 0.000000 695.800000 39.400000 0.000000 9.400000
2.600000 0.000000 0.000000 693.200000 39.400000 0.000000 9.400000
2.600000 0.000000 0.000000 690.600000 39.400000 0.000000 9.400000
2.600000 0.000000 0.000000 688.000000 39.400000 0.000000 9.400000
2.600000 0.000000 0.000000 685.400000 39.400000 0.000000 9.400000
2.600000 0.000000 0.000000 682.800000 39.400000 0.000000 9.400000
2.600000 0.000000 0.000000 680.200000 39.400000 0.000000 9.400000
2.600000 0.000000 0.000000 677.600000 39.400000 0.000000 9.400000
2.600000 0.000000 0.000000 675.000000 39.400000 0.000000 9.400000
2.600000 0.000000 0.000000 672.400000 39.400000 0.000000 9.400000
2.600000 0.000000 0.000000 669.800000 39.400000 0.000000 9.400000
2.600000 0.000000 0.000000 667.200000 39.400000 0.000000 9.400000
2.600000 0.000000 0.000000 664.600000 39.400000 0.000000 9.400000
2.600000 0.000000 0.000000 662.000000 39.400000 0.000000 9.400000
2.600000 0.000000 0.000000 659.400000 39.300000 0.000000 9.500000
2.700000 0.000000 0.000000 656.800000 39.300000 0.000000 9.400000
2.500000 0.000000 0.000000 654.200000 39.300000 0.000000 9.500000
2.600000 0.000000 0.000000 651.600000 39.300000 0.000000 9.500000
2.600000 0.000000 0.000000 649.000000 39.300000 0.000000 9.500000
2.600000 0.000000 0.000000 646.400000 39.300000 0.000000 9.500000
2.600000 0.000000 0.000000 643.800000 39.300000 0.000000 9.500000
2.600000 0.000000 0.000000 641.100000 39.400000 0.000000 9.500000
2.600000 0.000000 0.000000 638.500000 39.400000 0.000000 9.500000
2.600000 0.000000 0.000000 635.900000 39.400000 0.000000 9.500000
2.600000 0.000000 0.000000 633.300000 39.400000 0.000000 9.500000
2.600000 0.000000 0.000000 630.700000 39.400000 0.000000 9.500000
2.600000 0.000000 0.000000 628.100000 39.400000 0.000000 9.500000
2.600000 0.000000 0.000000 625.500000 39.400000 0.000000 9.500000
2.600000 0.000000 0.000000 622.900000 39.400000 0.000000 9.500000
2.600000 0.000000 0.000000 620.300000 39.400000 0.000000 9.500000
2.600000 0.000000 0.000000 617.700000 39.400000 0.000000 9.500000
2.600000 0.000000 0.000000 615.100000 39.400000 0.000000 9.500000
2.600000 0.000000 0.000000 612.500000 39.400000 0.000000 9.500000
2.600000 0.000000 0.000000 609.900000 39.400000 0.000000 9.500000
2.600000 0.000000 0.000000 607.300000 39.400000 0.000000 9.500000
2.600000 0.000000 0.000000 604.700000 39.400000 0.000000 9.500000
2.600000 0.000000 0.000000 602.100000 39.400000 0.000000 9.500000
2.600000 0.000000 0.000000 599.500000 39.400000 0.000000 9.500000
2.600000 0.000000 0.000000 596.900000 39.400000 0.000000 9.500000
2.600000 0.000000 0.000000 594.300000 39.400000 0.000000 9.500000
2.600000 0.000000 0.000000 591.700000 39.400000 0.000000 9.500000
2.600000 0.000000 0.000000 589.100000 39.400000 0.000000 9.500000
2.600000 0.000000 0.000000 586.500000 39.400000 0.000000 9.500000
2.600000 0.000000 0.000000 583.900000 39.400000 0.000000 9.500000
2.600000 0.000000 0.000000 581.300000 39.400000 0.000000 9.500000
2.600000 0.000000 0.000000 578.700000 39.400000 0.000000 9.500000
2.600000 0.000000 0.000000 576.100000 39.400000 0.000000 9.500000
2.600000 0.000000 0.000000 573.500000 39.400000 0.000000 9.500000
2.600000 0.000000 0.000000 570.900000 39.400000 0.000000 9.500000
2.600000 0.000000 0.000000 568.300000 39.400000 0.000000 9.500000
2.600000 0.000000 0.000000 565.700000 39.400000 0.000000 9.500000
2.600000 0.000000 0.000000 563.100000 39.400000 0.000000 9.500000
2.600000 0.000000 0.000000 560.500000 39.400000 0.000000 9.500000
2.600000 0.000000 0.000000 557.900000 39.400000 0.000000 9.500000
2.600000 0.000000 0.000000 555.300000 39.400000 0.000000 9.500000
2.600000 0.000000 0.000000 552.700000 39.400000 0.000000 9.500000
2.600000 0.000000 0.000000 550.100000 39.400000 0.000000 9.500000
2.600000 0.000000 0.000000 547.400000 39.500000 0.000000 9.500000
2.600000 0.000000 0.000000 544.800000 39.500000 0.000000 9.500000
2.600000 0.000000 0.000000 542.200000 39.500000 0.000000 9.500000
2.600000 0.000000 0.000000 539.600000 39.500000 0.000000 9.500000
2.600000 0.000000 0.000000 537.000000 39.500000 0.000000 9.500000
2.600000 0.000000 0.000000 534.400000 39.500000 0.000000 9.500000
2.600000 0.000000 0.000000 531.800000 39.500000 0.000000 9.500000
2.600000 0.000000 0.000000 529.200000 39.500000 0.000000 9.500000
2.600000 0.000000 0.000000 526.600000 39.500000 0.000000 9.500000
2.600000 0.000000 0.000000 524.000000 39.500000 0.000000 9.500000
2.600000 0.000000 0.000000 521.400000 39.500000 0.000000 9.500000
2.600000 0.000000 0.000000 518.800000 39.500000 0.000000 9.500000
2.600000 0.000000 0.000000 516.200000 39.500000 0.000000 9.500000
2.600000 0.000000 0.000000 513.600000 39.500000 0.000000 9.500000
2.600000 0.000000 0.000000 511.000000 39.500000 0.000000 9.500000
2.600000 0.000000 0.000000 508.400000 39.500000 0.000000 9.500000
2.600000 0.000000 0.000000 505.800000 39.500000 0.000000 9.500000
2.600000 0.000000 0.000000 503.200000 39.500000 0.000000 9.500000
2.600000 0.000000 0.000000 500.600000 39.500000 0.000000 9.500000
2.600000 0.000000 0.000000 498.000000 39.500000 0.000000 9.500000
2.600000 0.000000 0.000000 495.400000 39.500000 0.000000 9.500000
2.600000 0.000000 0.000000 492.800000 39.500000 0.000000 9.500000
2.600000 0.000000 0.000000 490.200000 39.500000 0.000000 9.500000
2.600000 0.000000 0.000000 487.600000 39.500000 0.000000 9.500000
2.700000 0.000000 0.000000 485.000000 39.500000 0.000000 9.400000
2.600000 0.000000 0.000000 482.400000 39.500000 0.000000 9.400000
2.600000 0.000000 0.000000 479.800000 39.500000 0.000000 9.400000
2.600000 0.000000 0.000000 477.200000 39.500000 0.000000 9.400000
2.600000 0.000000 0.000000 474.600000 39.500000 0.000000 9.400000
2.600000 0.000000 0.000000 472.000000 39.500000 0.000000 9.400000
2.600000 0.000000 0.000000 469.400000 39.500000 0.000000 9.400000
2.600000 0.000000 0.000000 466.800000 39.500000 0.000000 9.400000
2.600000 0.000000 0.000000 464.200000 39.500000 0.000000 9.400000
2.600000 0.000000 0.000000 461.600000 39.500000 0.000000 9.400000
2.600000 0.000000 0.000000 459.000000 39.500000 0.000000 9.400000
2.600000 0.000000 0.000000 456.400000 39.500000 0.000000 9.400000
2.600000 0.000000 0.000000 453.800000 39.500000 0.000000 9.400000
2.600000 0.000000 0.000000 451.200000 39.500000 0.000000 9.400000
2.600000 0.000000 0.000000 448.600000 39.500000 0.000000 9.400000
2.600000 0.000000 0.000000 446.000000 39.500000 0.000000 9.400000
2.600000 0.000000 0.000000 443.400000 39.500000 0.000000 9.400000
2.600000 0.000000 0.000000 440.800000 39.500000 0.000000 9.400000
2.600000 0.000000 0.000000 438.200000 39.500000 0.000000 9.400000
2.600000 0.000000 0.000000 435.600000 39.500000 0.000000 9.400000
2.600000 0.000000 0.000000 433.000000 39.500000 0.000000 9.400000
2.600000 0.000000 0.000000 430.400000 39.500000 0.000000 9.400000
2.600000 0.000000 0.000000 427.800000 39.500000 0.000000 9.400000
2.600000 0.000000 0.000000 425.200000 39.500000 0.000000 9.400000
2.600000 0.000000 0.000000 422.600000 39.500000 0.000000 9.400000
2.600000 0.000000 0.000000 420.000000 39.500000 0.000000 9.400000
2.600000 0.000000 0.000000 417.400000 39.500000 0.000000 9.400000
2.600000 0.000000 0.000000 414.800000 39.500000 0.000000 9.400000
2.600000 0.000000 0.000000 412.200000 39.500000 0.000000 9.400000
2.600000 0.000000 0.000000 409.600000 39.500000 0.000000 9.400000
2.600000 0.000000 0.000000 407.000000 39.500000 0.000000 9.400000
2.600000 0.000000 0.000000 404.400000 39.500000 0.000000 9.400000
2.600000 0.000000 0.000000 401.800000 39.500000 0.000000 9.400000
2.600000 0.000000 0.000000 399.200000 39.500000 0.000000 9.400000
2.600000 0.000000 0.000000 396.600000 39.500000 0.000000 9.400000
2.600000 0.000000 0.000000 394.000000 39.500000 0.000000 9.400000
2.600000 0.000000 0.000000 391.400000 39.500000 0.000000 9.400000
2.600000 0.000000 0.000000 388.800000 39.500000 0.000000 9.400000
2.600000 0.000000 0.000000 386.200000 39.500000 0.000000 9.400000
2.600000 0.000000 0.000000 383.600000 39.500000 0.000000 9.400000
2.600000 0.000000 0.000000 381.000000 39.500000 0.000000 9.400000
2.600000 0.000000 0.000000 378.400000 39.500000 0.000000 9.400000
2.600000 0.000000 0.000000 375.800000 39.500000 0.000000 9.400000
2.600000 0.000000 0.000000 373.200000 39.500000 0.000000 9.400000
2.600000 0.000000 0.000000 370.600000 39.500000 0.000000 9.400000
2.600000 0.000000 0.000000 368.000000 39.500000 0.000000 9.400000
2.600000 0.000000 0.000000 365.400000 39.500000 0.000000 9.400000
2.600000 0.000000 0.000000 362.800000 39.500000 0.000000 9.400000
2.600000 0.000000 0.000000 360.200000 39.500000 0.000000 9.400000
2.600000 0.000000 0.000000 357.600000 39.500000 0.000000 9.400000
2.600000 0.000000 0.000000 355.000000 39.500000 0.000000 9.400000
2.600000 0.000000 0.000000 352.400000 39.500000 0.000000 9.400000
2.600000 0.000000 0.000000 349.800000 39.500000 0.000000 9.400000
2.600000 0.000000 0.000000 347.200000 39.500000 0.000000 9.400000
2.600000 0.000000 0.000000 344.600000 39.500000 0.000000 9.400000
2.600000 0.000000 0.000000 342.000000 39.500000 0.000000 9.400000
2.600000 0.000000 0.000000 339.400000 39.500000 0.000000 9.400000
2.600000 0.000000 0.000000 336.800000 39.500000 0.000000 9.400000
2.600000 0.000000 0.000000 334.200000 39.500000 0.000000 9.400000
2.600000 0.000000 0.000000 331.600000 39.500000 0.000000 9.400000
2.600000 0.000000 0.000000 329.000000 39.500000 0.000000 9.400000
2.600000 0.000000 0.000000 326.400000 39.500000 0.000000 9.400000
2.600000 0.000000 0.000000 323.800000 39.500000 0.000000 9.400000
2.600000 0.000000 0.000000 321.200000 39.500000 0.000000 9.400000
2.600000 0.000000 0.000000 318.600000 39.500000 0.000000 9.400000
2.600000 0.000000 0.000000 316.000000 39.500000 0.000000 9.400000
2.600000 0.000000 0.000000 313.400000 39.500000 0.000000 9.400000
2.600000 0.000000 0.000000 310.800000 39.500000 0.000000 9.400000
2.600000 0.000000 0.000000 308.200000 39.500000 0.000000 9.400000
2.600000 0.000000 0.000000 305.600000 39.400000 0.000000 9.500000
2.700000 0.000000 0.000000 303.000000 39.400000 0.000000 9.400000
2.600000 0.000000 0.000000 300.400000 39.400000 0.000000 9.400000
2.600000 0.000000 0.000000 297.800000 39.400000 0.000000 9.400000
2.600000 0.000000 0.000000 295.200000 39.400000 0.000000 9.400000
2.600000 0.000000 0.000000 292.600000 39.400000 0.000000 9.400000
2.600000 0.000000 0.000000 290.000000 39.400000 0.000000 9.400000
2.600000 0.000000 0.000000 287.400000 39.400000 0.000000 9.400000
2.600000 0.000000 0.000000 284.800000 39.400000 0.000000 9.400000
2.600000 0.000000 0.000000 282.200000 39.400000 0.000000 9.400000
2.600000 0.000000 0.000000 279.600000 39.400000 0.000000 9.400000
2.600000 0.000000 0.000000 277.000000 39.400000 0.000000 9.400000
2.600000 0.000000 0.000000 274.400000 39.400000 0.000000 9.400000
2.600000 0.000000 0.000000 271.800000 39.400000 0.000000 9.400000
2.600000 0.000000 0.000000 269.200000 39.400000 0.000000 9.400000
2.600000 0.000000 0.000000 266.600000 39.400000 0.000000 9.400000
2.600000 0.000000 0.000000 263.900000 39.500000 0.000000 9.400000
2.600000 0.000000 0.000000 261.300000 39.500000 0.000000 9.400000
2.600000 0.000000 0.000000 258.700000 39.500000 0.000000 9.400000
2.600000 0.000000 0.000000 256.100000 39.500000 0.000000 9.400000
2.600000 0.000000 0.000000 253.500000 39.500000 0.000000 9.400000
2.600000 0.000000 0.000000 250.900000 39.500000 0.000000 9.400000
2.600000 0.000000 0.000000 248.300000 39.500000 0.000000 9.400000
2.600000 0.000000 0.000000 245.700000 39.500000 0.000000 9.400000
2.600000 0.000000 0.000000 243.100000 39.500000 0.000000 9.400000
2.600000 0.000000 0.000000 240.500000 39.500000 0.000000 9.400000
2.600000 0.000000 0.000000 237.900000 39.500000 0.000000 9.400000
2.600000 0.000000 0.000000 235.300000 39.400000 0.000000 9.500000
2.700000 0.000000 0.000000 232.700000 39.400000 0.000000 9.400000
2.600000 0.000000 0.000000 230.100000 39.400000 0.000000 9.400000
2.600000 0.000000 0.000000 227.500000 39.400000 0.000000 9.400000
2.600000 0.000000 0.000000 224.900000 39.400000 0.000000 9.400000
2.600000 0.000000 0.000000 222.300000 39.400000 0.000000 9.400000
2.600000 0.000000 0.000000 219.700000 39.400000 0.000000 9.400000
2.600000 0.000000 0.000000 217.100000 39.400000 0.000000 9.400000
2.600000 0.000000 0.000000 214.500000 39.400000 0.000000 9.400000
2.600000 0.000000 0.000000 211.900000 39.400000 0.000000 9.400000
2.600000 0.000000 0.000000 209.300000 39.400000 0.000000 9.400000
2.600000 0.000000 0.000000 206.700000 39.400000 0.000000 9.400000
2.600000 0.000000 0.000000 204.100000 39.400000 0.000000 9.400000
2.600000 0.000000 0.000000 201.500000 39.400000 0.000000 9.400000
2.600000 0.000000 0.000000 198.900000 39.400000 0.000000 9.400000
2.600000 0.000000 0.000000 196.300000 39.400000 0.000000 9.400000
2.600000 0.000000 0.000000 193.700000 39.400000 0.000000 9.400000
2.600000 0.000000 0.000000 191.100000 39.400000 0.000000 9.400000
2.600000 0.000000 0.000000 188.500000 39.300000 0.000000 9.500000
2.700000 0.000000 0.000000 185.900000 39.300000 0.000000 9.400000
2.600000 0.000000 0.000000 183.300000 39.300000 0.000000 9.400000
2.600000 0.000000 0.000000 180.700000 39.300000 0.000000 9.400000
2.600000 0.000000 0.000000 178.100000 39.300000 0.000000 9.400000
2.600000 0.000000 0.000000 175.400000 39.400000 0.000000 9.400000
2.600000 0.000000 0.000000 172.800000 39.400000 0.000000 9.400000
2.600000 0.000000 0.000000 170.200000 39.400000 0.000000 9.400000
2.600000 0.000000 0.000000 167.600000 39.400000 0.000000 9.400000
2.600000 0.000000 0.000000 165.000000 39.400000 0.000000 9.400000
2.600000 0.000000 0.000000 162.400000 39.400000 0.000000 9.400000
2.600000 0.000000 0.000000 159.800000 39.400000 0.000000 9.400000
2.600000 0.000000 0.000000 157.200000 39.400000 0.000000 9.400000
2.600000 0.000000 0.000000 154.600000 39.400000 0.000000 9.400000
2.600000 0.000000 0.000000 152.000000 39.400000 0.000000 9.400000
2.600000 0.000000 0.000000 149.400000 39.300000 0.000000 9.500000
2.700000 0.000000 0.000000 146.800000 39.300000 0.000000 9.400000
2.600000 0.000000 0.000000 144.200000 39.300000 0.000000 9.400000
2.600000 0.000000 0.000000 141.500000 39.400000 0.000000 9.400000
2.600000 0.000000 0.000000 138.900000 39.400000 0.000000 9.400000
2.600000 0.000000 0.000000 136.300000 39.400000 0.000000 9.400000
2.600000 0.000000 0.000000 133.700000 39.400000 0.000000 9.400000
2.600000 0.000000 0.000000 131.100000 39.400000 0.000000 9.400000
2.600000 0.000000 0.000000 128.500000 39.400000 0.000000 9.400000
2.600000 0.000000 0.000000 125.900000 39.400000 0.000000 9.400000
2.600000 0.000000 0.000000 123.300000 39.400000 0.000000 9.400000
2.600000 0.000000 0.000000 120.600000 39.500000 0.000000 9.400000
2.600000 0.000000 0.000000 118.000000 39.500000 0.000000 9.400000
2.600000 0.000000 0.000000 115.400000 39.500000 0.000000 9.400000
2.600000 0.000000 0.000000 112.800000 39.500000 0.000000 9.400000
2.600000 0.000000 0.000000 110.200000 39.500000 0.000000 9.400000
2.600000 0.000000 0.000000 107.600000 39.500000 0.000000 9.400000
2.600000 0.000000 0.000000 105.000000 39.500000 0.000000 9.400000
2.600000 0.000000 0.000000 102.400000 39.500000 0.000000 9.400000
2.600000 0.000000 0.000000 99.800000 39.500000 0.000000 9.400000
2.600000 0.000000 0.000000 97.200000 39.500000 0.000000 9.400000
2.600000 0.000000 0.000000 94.600000 39.500000 0.000000 9.400000
2.600000 0.000000 0.000000 92.000000 39.500000 0.000000 9.400000
2.600000 0.000000 0.000000 89.400000 39.500000 0.000000 9.400000
2.600000 0.000000 0.000000 86.800000 39.500000 0.000000 9.400000
2.600000 0.000000 0.000000 84.200000 39.500000 0.000000 9.400000
2.600000 0.000000 0.000000 81.600000 39.500000 0.000000 9.400000
2.600000 0.000000 0.000000 79.000000 39.500000 0.000000 9.400000
2.600000 0.000000 0.000000 76.400000 39.500000 0.000000 9.400000
2.600000 0.000000 0.000000 73.800000 39.500000 0.000000 9.400000
2.600000 0.000000 0.000000 71.200000 39.500000 0.000000 9.400000
2.600000 0.000000 0.000000 68.600000 39.500000 0.000000 9.400000
2.600000 0.000000 0.000000 66.000000 39.500000 0.000000 9.400000
2.600000 0.000000 0.000000 63.400000 39.500000 0.000000 9.400000
2.600000 0.000000 0.000000 60.800000 39.500000 0.000000 9.400000
2.600000 0.000000 0.000000 58.200000 39.500000 0.000000 9.400000
2.600000 0.000000 0.000000 55.600000 39.500000 0.000000 9.400000
2.600000 0.000000 0.000000 53.000000 39.500000 0.000000 9.400000
2.600000 0.000000 0.000000 50.400000 39.500000 0.000000 9.400000
2.600000 0.000000 0.000000 47.800000 39.500000 0.000000 9.400000
2.600000 0.000000 0.000000 45.200000 39.500000 0.000000 9.400000
2.600000 0.000000 0.000000 42.600000 39.500000 0.000000 9.400000
2.600000 0.000000 0.000000 40.000000 39.500000 0.000000 9.400000
2.600000 0.000000 0.000000 37.400000 39.500000 0.000000 9.400000
2.600000 0.000000 0.000000 34.800000 39.500000 0.000000 9.400000
2.600000 0.000000 0.000000 32.200000 39.500000 0.000000 9.400000
2.600000 0.000000 0.000000 29.600000 39.400000 0.000000 9.500000
2.700000 0.000000 0.000000 27.000000 39.400000 0.000000 9.400000
2.500000 0.000000 0.000000 24.400000 39.400000 0.000000 9.500000
2.600000 0.000000 0.000000 21.800000 39.400000 0.000000 9.500000
2.700000 0.000000 0.000000 19.200000 39.400000 0.000000 9.400000
2.600000 0.000000 0.000000 16.600000 39.400000 0.000000 9.400000
2.600000 0.000000 0.000000 14.000000 39.400000 0.000000 9.400000
2.600000 0.000000 0.000000 11.400000 39.400000 0.000000 9.400000
2.600000 0.000000 0.000000 8.800000 39.400000 0.000000 9.400000
2.600000 0.000000 0.000000 6.200000 39.400000 0.000000 9.400000
2.600000 0.000000 0.000000 3.600000 39.400000 0.000000 9.400000
2.600000 0.000000 0.000000 1.000000 39.400000 0.000000 9.400000
2.600000 0.000000 0.000000 0.000000 37.800000 0.000000 9.400000
2.600000 0.000000 0.000000 0.000000 35.200000 0.000000 9.400000
2.600000 0.000000 0.000000 0.000000 32.600000 0.000000 9.400000
2.600000 0.000000 0.000000 0.000000 30.000000 0.000000 9.400000
2.600000 0.000000 0.000000 0.000000 27.400000 0.000000 9.400000
2.600000 0.000000 0.000000 0.000000 24.800000 0.000000 9.400000
2.600000 0.000000 0.000000 0.000000 22.200000 0.000000 9.400000
2.600000 0.000000 0.000000 0.000000 19.600000 0.000000 9.400000
2.600000 0.000000 0.000000 0.000000 17.000000 0.000000 9.400000
2.600000 0.000000 0.000000 0.000000 14.400000 0.000000 9.400000
2.600000 0.000000 0.000000 0.000000 11.800000 0.000000 9.400000
2.600000 0.000000 0.000000 0.000000 9.200000 0.000000 9.400000
2.600000 0.000000 0.000000 0.000000 6.600000 0.000000 9.400000
2.600000 0.000000 0.000000 0.000000 4.000000 0.000000 9.400000
2.600000 0.000000 0.000000 0.000000 1.400000 0.000000 9.400000
2.600000 0.000000 0.000000 0.000000 0.000000 0.000000 8.200000
2.600000 0.000000 0.000000 0.000000 0.000000 0.000000 5.600000
2.600000 0.000000 0.000000 0.000000 0.000000 0.000000 3.000000
2.600000 0.000000 0.000000 0.000000 0.000000 0.000000 0.400000
0.400000 0.000000 0.000000 0.000000 0.000000 0.000000 0.000000
0.000000 0.000000 0.000000 0.000000 0.000000 0.000000 0.000000
