7 6 5 4 3 2 1
0.036000 12.000000 12.000000 12.000000 12.000000 12.000000 0.036000
0.036000 12.000000 12.000000 12.000000 12.000000 12.000000 3.603604
0.140407 12.321467 16.286062 16.487058 15.162141 33.975739 1.605898
0.148806 12.000000 12.406986 23.471295 12.000000 35.736265 0.068403
0.049801 12.000000 12.000000 12.048701 12.000000 12.000000 0.036000
0.036000 12.000000 12.000000 12.000000 12.000000 12.000000 0.036000
0.036000 12.000000 12.000000 12.000000 12.000000 12.000000 0.036000
0.036000 12.000000 12.000000 12.000000 12.000000 12.000000 0.036000
0.036000 12.000000 12.000000 12.000000 12.000000 12.000000 0.036000
0.036000 12.000000 12.000000 12.000000 12.000000 12.000000 0.036000
0.036000 12.000000 12.000000 12.000000 12.000000 12.000000 0.036000
0.036000 12.000000 12.000000 12.000000 12.000000 12.000000 0.036000
0.036000 12.000000 12.000000 12.000000 12.000000 12.000000 0.036000
0.036000 12.000000 12.000000 12.000000 12.000000 12.000000 0.036000
0.036000 12.000000 12.000000 12.000000 12.000000 12.000000 0.036000
0.036000 12.000000 12.000000 12.000000 12.000000 12.000000 0.036000
0.036000 12.000000 12.000000 12.000000 12.000000 12.000000 0.333301
0.141007 12.411266 16.196739 16.438607 17.213383 38.425856 1.525443
0.155407 12.000000 12.882215 22.601082 12.000000 32.902491 0.055202
0.045601 12.000000 12.000000 12.000000 12.000000 12.000000 0.036000
0.036000 12.000000 12.000000 12.000000 12.000000 12.000000 0.036000
0.036000 12.000000 12.000000 12.000000 12.000000 12.000000 0.036000
0.036000 12.000000 12.000000 12.000000 12.000000 12.000000 0.036000
0.036000 12.000000 12.000000 12.000000 12.000000 12.000000 0.036000
0.036000 12.000000 12.000000 12.000000 12.000000 12.000000 0.036000
0.036000 12.000000 12.000000 12.000000 12.000000 12.000000 0.036000
0.036000 12.000000 12.000000 12.000000 12.000000 12.000000 0.036000
0.036000 12.000000 12.000000 12.000000 12.000000 12.000000 0.036000
0.036000 12.000000 12.000000 12.000000 12.000000 12.000000 0.036000
0.036000 12.000000 12.000000 12.000000 12.000000 12.000000 0.036000
0.036000 12.000000 12.000000 12.000000 12.000000 12.000000 0.036000
0.036000 12.000000 12.000000 12.000000 12.000000 12.000000 0.333301
0.140407 12.954597 16.386688 16.392702 15.717485 35.631993 1.577679
0.145206 12.000000 12.540541 23.773437 12.000000 37.347627 0.062402
0.050401 12.000000 12.000000 12.283019 12.000000 12.000000 0.036000
0.036000 12.000000 12.000000 12.000000 12.000000 12.000000 0.036000
0.036000 12.000000 12.000000 12.000000 12.000000 12.000000 0.036000
0.036000 12.000000 12.000000 12.000000 12.000000 12.000000 0.036000
0.036000 12.000000 12.000000 12.000000 12.000000 12.000000 0.036000
0.036000 12.000000 12.000000 12.000000 12.000000 12.000000 0.036000
0.036000 12.000000 12.000000 12.000000 12.000000 12.000000 0.036000
0.036000 12.000000 12.000000 12.000000 12.000000 12.000000 0.036000
0.036000 12.000000 12.000000 12.000000 12.000000 12.000000 0.036000
0.036000 12.000000 12.000000 12.000000 12.000000 12.000000 0.036000
0.036000 12.000000 12.000000 12.000000 12.000000 12.000000 0.036000
0.036000 12.000000 12.000000 12.000000 12.000000 12.000000 0.036000
0.036000 12.000000 12.000000 12.000000 12.000000 12.000000 0.333301
0.140407 14.255328 16.447649 16.438607 15.616735 32.676913 1.575880
0.145806 12.000000 12.802710 23.720401 12.000000 35.431398 0.058802
0.050401 12.000000 12.000000 12.242141 12.000000 12.000000 0.036000
0.036000 12.000000 12.000000 12.000000 12.000000 12.000000 0.036000
0.036000 12.000000 12.000000 12.000000 12.000000 12.000000 0.036000
0.036000 12.000000 12.000000 12.000000 12.000000 12.000000 0.036000
0.036000 12.000000 12.000000 12.000000 12.000000 12.000000 0.036000
0.036000 12.000000 12.000000 12.000000 12.000000 12.000000 0.036000
0.036000 12.000000 12.000000 12.000000 12.000000 12.000000 0.036000
0.036000 12.000000 12.000000 12.000000 12.000000 12.000000 0.036000
0.036000 12.000000 12.000000 12.000000 12.000000 12.000000 0.036000
0.036000 12.000000 12.000000 12.000000 12.000000 12.000000 0.036000
0.036000 12.000000 12.000000 12.000000 12.000000 12.000000 0.036000
0.036000 12.000000 12.000000 12.000000 12.000000 12.000000 0.036000
0.036000 12.000000 12.000000 12.000000 12.000000 12.000000 0.333301
0.141007 12.528007 16.021392 16.196739 17.598177 39.998603 1.511035
0.156607 12.000000 12.924007 22.432535 12.000000 30.466077 0.051601
0.044401 12.000000 12.000000 12.000000 12.000000 12.000000 0.036000
0.036000 12.000000 12.000000 12.000000 12.000000 12.000000 0.036000
0.036000 12.000000 12.000000 12.000000 12.000000 12.000000 0.036000
0.036000 12.000000 12.000000 12.000000 12.000000 12.000000 0.036000
0.036000 12.000000 12.000000 12.000000 12.000000 12.000000 0.036000
0.036000 12.000000 12.000000 12.000000 12.000000 12.000000 0.036000
0.036000 12.000000 12.000000 12.000000 12.000000 12.000000 0.036000
0.036000 12.000000 12.000000 12.000000 12.000000 12.000000 0.036000
0.036000 12.000000 12.000000 12.000000 12.000000 12.000000 0.036000
0.036000 12.000000 12.000000 12.000000 12.000000 12.000000 0.036000
0.036000 12.000000 12.000000 12.000000 12.000000 12.000000 0.036000
0.036000 12.000000 12.000000 12.000000 12.000000 12.000000 0.036000
0.036000 12.000000 12.000000 12.000000 12.000000 12.000000 0.333301
0.139807 15.185791 16.438607 16.640632 17.037982 32.046789 1.524246
0.159607 12.000000 14.590520 22.394995 12.000000 28.173196 0.048601
0.042601 12.000000 12.000000 12.000000 12.000000 12.000000 0.036000
0.036000 12.000000 12.000000 12.000000 12.000000 12.000000 0.036000
0.036000 12.000000 12.000000 12.000000 12.000000 12.000000 0.036000
0.036000 12.000000 12.000000 12.000000 12.000000 12.000000 0.036000
0.036000 12.000000 12.000000 12.000000 12.000000 12.000000 0.036000
0.036000 12.000000 12.000000 12.000000 12.000000 12.000000 0.036000
0.036000 12.000000 12.000000 12.000000 12.000000 12.000000 0.036000
0.036000 12.000000 12.000000 12.000000 12.000000 12.000000 0.036000
0.036000 12.000000 12.000000 12.000000 12.000000 12.000000 0.036000
0.036000 12.000000 12.000000 12.000000 12.000000 12.000000 0.036000
0.036000 12.000000 12.000000 12.000000 12.000000 12.000000 0.036000
0.036000 12.000000 12.000000 12.000000 12.000000 12.000000 0.036000
0.036000 12.000000 12.000000 12.000000 12.000000 12.000000 0.333301
0.140407 12.012068 15.482095 16.438607 15.209929 39.688304 1.608298
0.137405 12.000000 12.000000 23.883005 12.000000 43.883215 0.073804
0.057001 12.000000 12.000000 12.901272 12.000000 12.000000 0.036000
0.036000 12.000000 12.000000 12.000000 12.000000 12.000000 0.036000
0.036000 12.000000 12.000000 12.000000 12.000000 12.000000 0.036000
0.036000 12.000000 12.000000 12.000000 12.000000 12.000000 0.036000
0.036000 12.000000 12.000000 12.000000 12.000000 12.000000 0.036000
0.036000 12.000000 12.000000 12.000000 12.000000 12.000000 0.036000
0.036000 12.000000 12.000000 12.000000 12.000000 12.000000 0.036000
0.036000 12.000000 12.000000 12.000000 12.000000 12.000000 0.036000
0.036000 12.000000 12.000000 12.000000 12.000000 12.000000 0.036000
0.036000 12.000000 12.000000 12.000000 12.000000 12.000000 0.036000
0.036000 12.000000 12.000000 12.000000 12.000000 12.000000 0.036000
0.036000 12.000000 12.000000 12.000000 12.000000 12.000000 0.036000
0.036000 12.000000 12.000000 12.000000 12.000000 12.000000 0.333301
0.140407 13.522655 16.438607 16.487058 16.703416 34.202822 1.543457
0.153607 12.000000 13.497958 22.958546 12.000000 30.294694 0.054002
0.045601 12.000000 12.000000 12.000000 12.000000 12.000000 0.036000
0.036000 12.000000 12.000000 12.000000 12.000000 12.000000 0.036000
0.036000 12.000000 12.000000 12.000000 12.000000 12.000000 0.036000
0.036000 12.000000 12.000000 12.000000 12.000000 12.000000 0.036000
0.036000 12.000000 12.000000 12.000000 12.000000 12.000000 0.036000
0.036000 12.000000 12.000000 12.000000 12.000000 12.000000 0.036000
0.036000 12.000000 12.000000 12.000000 12.000000 12.000000 0.036000
0.036000 12.000000 12.000000 12.000000 12.000000 12.000000 0.036000
0.036000 12.000000 12.000000 12.000000 12.000000 12.000000 0.036000
0.036000 12.000000 12.000000 12.000000 12.000000 12.000000 0.036000
0.036000 12.000000 12.000000 12.000000 12.000000 12.000000 0.036000
0.036000 12.000000 12.000000 12.000000 12.000000 12.000000 0.036000
0.036000 12.000000 12.000000 12.000000 12.000000 12.000000 0.333301
0.140407 13.291980 16.438607 16.438607 15.896818 33.616686 1.571675
0.151207 12.000000 13.099518 23.289424 12.000000 31.945558 0.060002
0.047401 12.000000 12.000000 12.000000 12.000000 12.000000 0.036000
0.036000 12.000000 12.000000 12.000000 12.000000 12.000000 0.036000
0.036000 12.000000 12.000000 12.000000 12.000000 12.000000 0.036000
0.036000 12.000000 12.000000 12.000000 12.000000 12.000000 0.036000
0.036000 12.000000 12.000000 12.000000 12.000000 12.000000 0.036000
0.036000 12.000000 12.000000 12.000000 12.000000 12.000000 0.036000
0.036000 12.000000 12.000000 12.000000 12.000000 12.000000 0.036000
0.036000 12.000000 12.000000 12.000000 12.000000 12.000000 0.036000
0.036000 12.000000 12.000000 12.000000 12.000000 12.000000 0.036000
0.036000 12.000000 12.000000 12.000000 12.000000 12.000000 0.036000
0.036000 12.000000 12.000000 12.000000 12.000000 12.000000 0.036000
0.036000 12.000000 12.000000 12.000000 12.000000 12.000000 0.036000
0.036000 12.000000 12.000000 12.000000 12.000000 12.000000 0.333301
0.141007 12.773791 15.999552 16.438607 15.524695 36.489528 1.584883
0.147006 12.000000 12.202020 23.567856 12.000000 37.101586 0.064803
0.050401 12.000000 12.000000 12.123967 12.000000 12.000000 0.036000
0.036000 12.000000 12.000000 12.000000 12.000000 12.000000 0.036000
0.036000 12.000000 12.000000 12.000000 12.000000 12.000000 0.036000
0.036000 12.000000 12.000000 12.000000 12.000000 12.000000 0.036000
0.036000 12.000000 12.000000 12.000000 12.000000 12.000000 0.036000
0.036000 12.000000 12.000000 12.000000 12.000000 12.000000 0.036000
0.036000 12.000000 12.000000 12.000000 12.000000 12.000000 0.036000
0.036000 12.000000 12.000000 12.000000 12.000000 12.000000 0.036000
0.036000 12.000000 12.000000 12.000000 12.000000 12.000000 0.036000
0.036000 12.000000 12.000000 12.000000 12.000000 12.000000 0.036000
0.036000 12.000000 12.000000 12.000000 12.000000 12.000000 0.036000
0.036000 12.000000 12.000000 12.000000 12.000000 12.000000 0.036000
0.036000 12.000000 12.000000 12.000000 12.000000 12.000000 0.036000
