0.000000000000000000e+00 0.000000000000000000e+00
1.000000000000000000e+00 0.000000000000000000e+00
2.000000000000000000e+00 0.000000000000000000e+00
3.000000000000000000e+00 0.000000000000000000e+00
4.000000000000000000e+00 0.000000000000000000e+00
5.000000000000000000e+00 0.000000000000000000e+00
6.000000000000000000e+00 0.000000000000000000e+00
7.000000000000000000e+00 0.000000000000000000e+00
8.000000000000000000e+00 0.000000000000000000e+00
9.000000000000000000e+00 0.000000000000000000e+00
1.000000000000000000e+01 0.000000000000000000e+00
1.100000000000000000e+01 0.000000000000000000e+00
1.200000000000000000e+01 0.000000000000000000e+00
1.300000000000000000e+01 0.000000000000000000e+00
1.400000000000000000e+01 2.000000029802322388e-01
1.500000000000000000e+01 2.000000029802322388e-01
1.600000000000000000e+01 6.000000089406967163e-01
1.700000000000000000e+01 6.000000089406967163e-01
1.800000000000000000e+01 8.000000119209289551e-01
1.900000000000000000e+01 1.600000023841857910e+00
2.000000000000000000e+01 2.800000071525573730e+00
2.100000000000000000e+01 3.000000074505805969e+00
2.200000000000000000e+01 3.400000080466270447e+00
2.300000000000000000e+01 3.800000086426734924e+00
2.400000000000000000e+01 4.000000089406967163e+00
2.500000000000000000e+01 4.000000089406967163e+00
2.600000000000000000e+01 4.200000092387199402e+00
2.700000000000000000e+01 4.400000095367431641e+00
2.800000000000000000e+01 4.600000098347663879e+00
2.900000000000000000e+01 4.600000098347663879e+00
3.000000000000000000e+01 5.200000122189521790e+00
3.100000000000000000e+01 5.800000146031379700e+00
3.200000000000000000e+01 6.800000146031379700e+00
3.300000000000000000e+01 7.400000169873237610e+00
3.400000000000000000e+01 7.800000175833702087e+00
3.500000000000000000e+01 8.200000181794166565e+00
3.600000000000000000e+01 8.200000181794166565e+00
3.700000000000000000e+01 8.400000184774398804e+00
3.800000000000000000e+01 8.400000184774398804e+00
3.900000000000000000e+01 8.800000190734863281e+00
4.000000000000000000e+01 8.800000190734863281e+00
4.100000000000000000e+01 9.200000196695327759e+00
4.200000000000000000e+01 9.800000220537185669e+00
4.300000000000000000e+01 1.040000024437904358e+01
4.400000000000000000e+01 1.140000024437904358e+01
4.500000000000000000e+01 1.180000025033950806e+01
4.600000000000000000e+01 1.220000025629997253e+01
4.700000000000000000e+01 1.240000025928020477e+01
4.800000000000000000e+01 1.240000025928020477e+01
4.900000000000000000e+01 1.260000026226043701e+01
5.000000000000000000e+01 1.280000026524066925e+01
5.100000000000000000e+01 1.300000026822090149e+01
5.200000000000000000e+01 1.320000027120113373e+01
5.300000000000000000e+01 1.340000027418136597e+01
5.400000000000000000e+01 1.360000027716159821e+01
5.500000000000000000e+01 1.420000030100345612e+01
5.600000000000000000e+01 1.520000030100345612e+01
5.700000000000000000e+01 1.600000031292438507e+01
5.800000000000000000e+01 1.640000031888484955e+01
5.900000000000000000e+01 1.660000032186508179e+01
6.000000000000000000e+01 1.660000032186508179e+01
6.100000000000000000e+01 1.660000032186508179e+01
6.200000000000000000e+01 1.700000032782554626e+01
6.300000000000000000e+01 1.720000033080577850e+01
6.400000000000000000e+01 1.720000033080577850e+01
6.500000000000000000e+01 1.780000035464763641e+01
6.600000000000000000e+01 1.820000036060810089e+01
6.700000000000000000e+01 1.900000037252902985e+01
6.800000000000000000e+01 2.000000037252902985e+01
6.900000000000000000e+01 2.060000039637088776e+01
7.000000000000000000e+01 2.060000039637088776e+01
7.100000000000000000e+01 2.080000039935112000e+01
7.200000000000000000e+01 2.080000039935112000e+01
7.300000000000000000e+01 2.080000039935112000e+01
7.400000000000000000e+01 2.080000039935112000e+01
7.500000000000000000e+01 2.120000040531158447e+01
7.600000000000000000e+01 2.120000040531158447e+01
7.700000000000000000e+01 2.160000041127204895e+01
7.800000000000000000e+01 2.160000041127204895e+01
7.900000000000000000e+01 2.220000043511390686e+01
8.000000000000000000e+01 2.300000044703483582e+01
8.100000000000000000e+01 2.400000044703483582e+01
8.200000000000000000e+01 2.440000045299530029e+01
8.300000000000000000e+01 2.460000045597553253e+01
8.400000000000000000e+01 2.460000045597553253e+01
8.500000000000000000e+01 2.460000045597553253e+01
8.600000000000000000e+01 2.520000047981739044e+01
8.700000000000000000e+01 2.520000047981739044e+01
8.800000000000000000e+01 2.540000048279762268e+01
8.900000000000000000e+01 2.560000048577785492e+01
9.000000000000000000e+01 2.580000048875808716e+01
9.100000000000000000e+01 2.620000049471855164e+01
9.200000000000000000e+01 2.680000051856040955e+01
9.300000000000000000e+01 2.840000054240226746e+01
9.400000000000000000e+01 2.900000056624412537e+01
9.500000000000000000e+01 2.920000056922435760e+01
9.600000000000000000e+01 2.920000056922435760e+01
9.700000000000000000e+01 2.920000056922435760e+01
9.800000000000000000e+01 2.940000057220458984e+01
9.900000000000000000e+01 2.940000057220458984e+01
1.000000000000000000e+02 2.980000057816505432e+01
1.010000000000000000e+02 3.000000058114528656e+01
1.020000000000000000e+02 3.040000058710575104e+01
1.030000000000000000e+02 3.120000059902667999e+01
1.040000000000000000e+02 3.180000062286853790e+01
1.050000000000000000e+02 3.260000063478946686e+01
1.060000000000000000e+02 3.280000063776969910e+01
1.070000000000000000e+02 3.300000064074993134e+01
1.080000000000000000e+02 3.300000064074993134e+01
1.090000000000000000e+02 3.300000064074993134e+01
1.100000000000000000e+02 3.300000064074993134e+01
1.110000000000000000e+02 3.320000064373016357e+01
1.120000000000000000e+02 3.340000064671039581e+01
1.130000000000000000e+02 3.380000065267086029e+01
1.140000000000000000e+02 3.400000065565109253e+01
1.150000000000000000e+02 3.460000067949295044e+01
1.160000000000000000e+02 3.560000067949295044e+01
1.170000000000000000e+02 3.660000067949295044e+01
1.180000000000000000e+02 3.660000067949295044e+01
1.190000000000000000e+02 3.680000068247318268e+01
1.200000000000000000e+02 3.700000068545341492e+01
1.210000000000000000e+02 3.700000068545341492e+01
1.220000000000000000e+02 3.700000068545341492e+01
1.230000000000000000e+02 3.700000068545341492e+01
1.240000000000000000e+02 3.700000068545341492e+01
1.250000000000000000e+02 3.720000068843364716e+01
1.260000000000000000e+02 3.760000069439411163e+01
1.270000000000000000e+02 3.800000070035457611e+01
1.280000000000000000e+02 3.920000074803829193e+01
1.290000000000000000e+02 3.960000075399875641e+01
1.300000000000000000e+02 4.020000077784061432e+01
1.310000000000000000e+02 4.080000080168247223e+01
1.320000000000000000e+02 4.080000080168247223e+01
1.330000000000000000e+02 4.080000080168247223e+01
1.340000000000000000e+02 4.080000080168247223e+01
1.350000000000000000e+02 4.080000080168247223e+01
1.360000000000000000e+02 4.140000082552433014e+01
1.370000000000000000e+02 4.180000083148479462e+01
1.380000000000000000e+02 4.220000083744525909e+01
1.390000000000000000e+02 4.260000084340572357e+01
1.400000000000000000e+02 4.400000081956386566e+01
1.410000000000000000e+02 4.460000084340572357e+01
1.420000000000000000e+02 4.500000084936618805e+01
1.430000000000000000e+02 4.520000085234642029e+01
1.440000000000000000e+02 4.520000085234642029e+01
1.450000000000000000e+02 4.520000085234642029e+01
1.460000000000000000e+02 4.520000085234642029e+01
1.470000000000000000e+02 4.540000085532665253e+01
1.480000000000000000e+02 4.540000085532665253e+01
1.490000000000000000e+02 4.600000087916851044e+01
1.500000000000000000e+02 4.640000088512897491e+01
1.510000000000000000e+02 4.680000089108943939e+01
1.520000000000000000e+02 4.740000091493129730e+01
1.530000000000000000e+02 4.900000093877315521e+01
1.540000000000000000e+02 4.900000093877315521e+01
1.550000000000000000e+02 4.900000093877315521e+01
1.560000000000000000e+02 4.900000093877315521e+01
1.570000000000000000e+02 4.940000094473361969e+01
1.580000000000000000e+02 4.960000094771385193e+01
1.590000000000000000e+02 4.960000094771385193e+01
1.600000000000000000e+02 4.980000095069408417e+01
1.610000000000000000e+02 5.040000097453594208e+01
1.620000000000000000e+02 5.080000098049640656e+01
1.630000000000000000e+02 5.140000100433826447e+01
1.640000000000000000e+02 5.200000102818012238e+01
1.650000000000000000e+02 5.300000102818012238e+01
1.660000000000000000e+02 5.300000102818012238e+01
1.670000000000000000e+02 5.320000103116035461e+01
1.680000000000000000e+02 5.340000103414058685e+01
1.690000000000000000e+02 5.360000103712081909e+01
1.700000000000000000e+02 5.380000104010105133e+01
1.710000000000000000e+02 5.380000104010105133e+01
1.720000000000000000e+02 5.400000104308128357e+01
1.730000000000000000e+02 5.440000104904174805e+01
1.740000000000000000e+02 5.460000105202198029e+01
1.750000000000000000e+02 5.500000105798244476e+01
1.760000000000000000e+02 5.600000105798244476e+01
1.770000000000000000e+02 5.660000108182430267e+01
1.780000000000000000e+02 5.740000109374523163e+01
1.790000000000000000e+02 5.760000109672546387e+01
1.800000000000000000e+02 5.780000109970569611e+01
1.810000000000000000e+02 5.780000109970569611e+01
1.820000000000000000e+02 5.780000109970569611e+01
1.830000000000000000e+02 5.780000109970569611e+01
1.840000000000000000e+02 5.820000110566616058e+01
1.850000000000000000e+02 5.840000110864639282e+01
1.860000000000000000e+02 5.860000111162662506e+01
1.870000000000000000e+02 5.980000115931034088e+01
1.880000000000000000e+02 6.000000116229057312e+01
1.890000000000000000e+02 6.020000116527080536e+01
1.900000000000000000e+02 6.040000116825103760e+01
1.910000000000000000e+02 6.060000117123126984e+01
1.920000000000000000e+02 6.080000117421150208e+01
1.930000000000000000e+02 6.120000118017196655e+01
1.940000000000000000e+02 6.120000118017196655e+01
1.950000000000000000e+02 6.140000118315219879e+01
1.960000000000000000e+02 6.140000118315219879e+01
1.970000000000000000e+02 6.220000119507312775e+01
1.980000000000000000e+02 6.240000119805335999e+01
1.990000000000000000e+02 6.280000120401382446e+01
2.000000000000000000e+02 6.340000122785568237e+01
2.010000000000000000e+02 6.340000122785568237e+01
2.020000000000000000e+02 6.340000122785568237e+01
2.030000000000000000e+02 6.380000123381614685e+01
2.040000000000000000e+02 6.380000123381614685e+01
2.050000000000000000e+02 6.400000123679637909e+01
2.060000000000000000e+02 6.400000123679637909e+01
2.070000000000000000e+02 6.420000123977661133e+01
2.080000000000000000e+02 6.440000124275684357e+01
2.090000000000000000e+02 6.460000124573707581e+01
2.100000000000000000e+02 6.560000124573707581e+01
2.110000000000000000e+02 6.620000126957893372e+01
2.120000000000000000e+02 6.640000127255916595e+01
2.130000000000000000e+02 6.660000127553939819e+01
2.140000000000000000e+02 6.660000127553939819e+01
2.150000000000000000e+02 6.680000127851963043e+01
2.160000000000000000e+02 6.680000127851963043e+01
2.170000000000000000e+02 6.680000127851963043e+01
2.180000000000000000e+02 6.700000128149986267e+01
2.190000000000000000e+02 6.700000128149986267e+01
2.200000000000000000e+02 6.700000128149986267e+01
2.210000000000000000e+02 6.760000130534172058e+01
2.220000000000000000e+02 6.840000131726264954e+01
2.230000000000000000e+02 6.880000132322311401e+01
2.240000000000000000e+02 6.900000132620334625e+01
2.250000000000000000e+02 6.920000132918357849e+01
2.260000000000000000e+02 6.960000133514404297e+01
2.270000000000000000e+02 6.960000133514404297e+01
2.280000000000000000e+02 6.980000133812427521e+01
2.290000000000000000e+02 6.980000133812427521e+01
2.300000000000000000e+02 7.020000134408473969e+01
2.310000000000000000e+02 7.020000134408473969e+01
2.320000000000000000e+02 7.040000134706497192e+01
2.330000000000000000e+02 7.060000135004520416e+01
2.340000000000000000e+02 7.140000136196613312e+01
2.350000000000000000e+02 7.200000138580799103e+01
2.360000000000000000e+02 7.240000139176845551e+01
2.370000000000000000e+02 7.260000139474868774e+01
2.380000000000000000e+02 7.280000139772891998e+01
2.390000000000000000e+02 7.280000139772891998e+01
2.400000000000000000e+02 7.280000139772891998e+01
2.410000000000000000e+02 7.280000139772891998e+01
2.420000000000000000e+02 7.280000139772891998e+01
2.430000000000000000e+02 7.280000139772891998e+01
2.440000000000000000e+02 7.320000140368938446e+01
2.450000000000000000e+02 7.360000140964984894e+01
2.460000000000000000e+02 7.420000143349170685e+01
2.470000000000000000e+02 7.460000143945217133e+01
2.480000000000000000e+02 7.500000144541263580e+01
2.490000000000000000e+02 7.540000145137310028e+01
2.500000000000000000e+02 7.560000145435333252e+01
2.510000000000000000e+02 7.560000145435333252e+01
2.520000000000000000e+02 7.580000145733356476e+01
2.530000000000000000e+02 7.580000145733356476e+01
2.540000000000000000e+02 7.580000145733356476e+01
2.550000000000000000e+02 7.600000146031379700e+01
2.560000000000000000e+02 7.620000146329402924e+01
2.570000000000000000e+02 7.680000148713588715e+01
2.580000000000000000e+02 7.740000151097774506e+01
2.590000000000000000e+02 7.780000151693820953e+01
2.600000000000000000e+02 7.800000151991844177e+01
2.610000000000000000e+02 7.840000152587890625e+01
2.620000000000000000e+02 7.860000152885913849e+01
2.630000000000000000e+02 7.880000153183937073e+01
2.640000000000000000e+02 7.880000153183937073e+01
2.650000000000000000e+02 7.880000153183937073e+01
2.660000000000000000e+02 7.900000153481960297e+01
2.670000000000000000e+02 7.920000153779983521e+01
2.680000000000000000e+02 7.960000154376029968e+01
2.690000000000000000e+02 7.980000154674053192e+01
2.700000000000000000e+02 8.040000157058238983e+01
2.710000000000000000e+02 8.040000157058238983e+01
2.720000000000000000e+02 8.080000157654285431e+01
2.730000000000000000e+02 8.080000157654285431e+01
2.740000000000000000e+02 8.100000157952308655e+01
2.750000000000000000e+02 8.100000157952308655e+01
2.760000000000000000e+02 8.100000157952308655e+01
2.770000000000000000e+02 8.120000158250331879e+01
2.780000000000000000e+02 8.140000158548355103e+01
2.790000000000000000e+02 8.140000158548355103e+01
2.800000000000000000e+02 8.180000159144401550e+01
2.810000000000000000e+02 8.200000159442424774e+01
2.820000000000000000e+02 8.260000161826610565e+01
2.830000000000000000e+02 8.340000163018703461e+01
2.840000000000000000e+02 8.380000163614749908e+01
2.850000000000000000e+02 8.400000163912773132e+01
2.860000000000000000e+02 8.420000164210796356e+01
2.870000000000000000e+02 8.420000164210796356e+01
2.880000000000000000e+02 8.420000164210796356e+01
2.890000000000000000e+02 8.420000164210796356e+01
2.900000000000000000e+02 8.420000164210796356e+01
2.910000000000000000e+02 8.440000164508819580e+01
2.920000000000000000e+02 8.460000164806842804e+01
2.930000000000000000e+02 8.520000167191028595e+01
2.940000000000000000e+02 8.560000167787075043e+01
2.950000000000000000e+02 8.620000170171260834e+01
2.960000000000000000e+02 8.640000170469284058e+01
2.970000000000000000e+02 8.660000170767307281e+01
2.980000000000000000e+02 8.680000171065330505e+01
2.990000000000000000e+02 8.680000171065330505e+01
3.000000000000000000e+02 8.680000171065330505e+01
3.010000000000000000e+02 8.680000171065330505e+01
3.020000000000000000e+02 8.680000171065330505e+01
3.030000000000000000e+02 8.680000171065330505e+01
3.040000000000000000e+02 8.720000171661376953e+01
3.050000000000000000e+02 8.740000171959400177e+01
3.060000000000000000e+02 8.840000171959400177e+01
3.070000000000000000e+02 8.880000172555446625e+01
3.080000000000000000e+02 8.900000172853469849e+01
3.090000000000000000e+02 8.900000172853469849e+01
3.100000000000000000e+02 8.920000173151493073e+01
3.110000000000000000e+02 8.920000173151493073e+01
3.120000000000000000e+02 8.940000173449516296e+01
3.130000000000000000e+02 8.940000173449516296e+01
3.140000000000000000e+02 8.960000173747539520e+01
3.150000000000000000e+02 8.960000173747539520e+01
3.160000000000000000e+02 8.980000174045562744e+01
3.170000000000000000e+02 9.040000176429748535e+01
3.180000000000000000e+02 9.100000178813934326e+01
3.190000000000000000e+02 9.140000179409980774e+01
3.200000000000000000e+02 9.180000180006027222e+01
3.210000000000000000e+02 9.180000180006027222e+01
3.220000000000000000e+02 9.180000180006027222e+01
3.230000000000000000e+02 9.180000180006027222e+01
3.240000000000000000e+02 9.200000180304050446e+01
3.250000000000000000e+02 9.200000180304050446e+01
3.260000000000000000e+02 9.200000180304050446e+01
3.270000000000000000e+02 9.220000180602073669e+01
3.280000000000000000e+02 9.240000180900096893e+01
3.290000000000000000e+02 9.260000181198120117e+01
3.300000000000000000e+02 9.320000183582305908e+01
3.310000000000000000e+02 9.380000185966491699e+01
3.320000000000000000e+02 9.420000186562538147e+01
3.330000000000000000e+02 9.440000186860561371e+01
3.340000000000000000e+02 9.500000189244747162e+01
3.350000000000000000e+02 9.500000189244747162e+01
3.360000000000000000e+02 9.500000189244747162e+01
3.370000000000000000e+02 9.500000189244747162e+01
3.380000000000000000e+02 9.520000189542770386e+01
3.390000000000000000e+02 9.560000190138816833e+01
3.400000000000000000e+02 9.560000190138816833e+01
3.410000000000000000e+02 9.600000190734863281e+01
3.420000000000000000e+02 9.640000191330909729e+01
3.430000000000000000e+02 9.680000191926956177e+01
3.440000000000000000e+02 9.720000192523002625e+01
3.450000000000000000e+02 9.740000192821025848e+01
3.460000000000000000e+02 9.740000192821025848e+01
3.470000000000000000e+02 9.760000193119049072e+01
3.480000000000000000e+02 9.760000193119049072e+01
3.490000000000000000e+02 9.760000193119049072e+01
3.500000000000000000e+02 9.760000193119049072e+01
3.510000000000000000e+02 9.780000193417072296e+01
3.520000000000000000e+02 9.800000193715095520e+01
3.530000000000000000e+02 9.840000194311141968e+01
3.540000000000000000e+02 9.880000194907188416e+01
3.550000000000000000e+02 9.940000197291374207e+01
3.560000000000000000e+02 9.980000197887420654e+01
3.570000000000000000e+02 1.000000019818544388e+02
3.580000000000000000e+02 1.000000019818544388e+02
3.590000000000000000e+02 1.000000019818544388e+02
3.600000000000000000e+02 1.000000019818544388e+02
3.610000000000000000e+02 1.000000019818544388e+02
3.620000000000000000e+02 1.000000019818544388e+02
3.630000000000000000e+02 1.000000019818544388e+02
3.640000000000000000e+02 1.000000019818544388e+02
3.650000000000000000e+02 1.004000019878149033e+02
3.660000000000000000e+02 1.010000020116567612e+02
3.670000000000000000e+02 1.012000020146369934e+02
3.680000000000000000e+02 1.014000020176172256e+02
3.690000000000000000e+02 1.018000020235776901e+02
3.700000000000000000e+02 1.018000020235776901e+02
3.710000000000000000e+02 1.020000020265579224e+02
3.720000000000000000e+02 1.020000020265579224e+02
3.730000000000000000e+02 1.020000020265579224e+02
3.740000000000000000e+02 1.024000020325183868e+02
3.750000000000000000e+02 1.024000020325183868e+02
3.760000000000000000e+02 1.024000020325183868e+02
3.770000000000000000e+02 1.024000020325183868e+02
3.780000000000000000e+02 1.026000020354986191e+02
3.790000000000000000e+02 1.026000020354986191e+02
3.800000000000000000e+02 1.036000020354986191e+02
3.810000000000000000e+02 1.038000020384788513e+02
3.820000000000000000e+02 1.040000020414590836e+02
3.830000000000000000e+02 1.040000020414590836e+02
3.840000000000000000e+02 1.042000020444393158e+02
3.850000000000000000e+02 1.042000020444393158e+02
3.860000000000000000e+02 1.042000020444393158e+02
3.870000000000000000e+02 1.044000020474195480e+02
3.880000000000000000e+02 1.046000020503997803e+02
3.890000000000000000e+02 1.048000020533800125e+02
3.900000000000000000e+02 1.050000020563602448e+02
3.910000000000000000e+02 1.052000020593404770e+02
3.920000000000000000e+02 1.058000020831823349e+02
3.930000000000000000e+02 1.058000020831823349e+02
3.940000000000000000e+02 1.058000020831823349e+02
3.950000000000000000e+02 1.062000020891427994e+02
3.960000000000000000e+02 1.062000020891427994e+02
3.970000000000000000e+02 1.062000020891427994e+02
3.980000000000000000e+02 1.062000020891427994e+02
3.990000000000000000e+02 1.062000020891427994e+02
4.000000000000000000e+02 1.062000020891427994e+02
4.010000000000000000e+02 1.062000020891427994e+02
4.020000000000000000e+02 1.062000020891427994e+02
4.030000000000000000e+02 1.066000020951032639e+02
4.040000000000000000e+02 1.072000021189451218e+02
4.050000000000000000e+02 1.074000021219253540e+02
4.060000000000000000e+02 1.074000021219253540e+02
4.070000000000000000e+02 1.076000021249055862e+02
4.080000000000000000e+02 1.076000021249055862e+02
4.090000000000000000e+02 1.076000021249055862e+02
4.100000000000000000e+02 1.076000021249055862e+02
4.110000000000000000e+02 1.078000021278858185e+02
4.120000000000000000e+02 1.078000021278858185e+02
4.130000000000000000e+02 1.078000021278858185e+02
4.140000000000000000e+02 1.080000021308660507e+02
4.150000000000000000e+02 1.082000021338462830e+02
4.160000000000000000e+02 1.088000021576881409e+02
4.170000000000000000e+02 1.090000021606683731e+02
4.180000000000000000e+02 1.092000021636486053e+02
4.190000000000000000e+02 1.092000021636486053e+02
4.200000000000000000e+02 1.092000021636486053e+02
4.210000000000000000e+02 1.092000021636486053e+02
4.220000000000000000e+02 1.092000021636486053e+02
4.230000000000000000e+02 1.092000021636486053e+02
4.240000000000000000e+02 1.092000021636486053e+02
4.250000000000000000e+02 1.092000021636486053e+02
4.260000000000000000e+02 1.092000021636486053e+02
4.270000000000000000e+02 1.094000021666288376e+02
4.280000000000000000e+02 1.100000021904706955e+02
4.290000000000000000e+02 1.106000022143125534e+02
4.300000000000000000e+02 1.110000022202730179e+02
4.310000000000000000e+02 1.110000022202730179e+02
4.320000000000000000e+02 1.112000022232532501e+02
4.330000000000000000e+02 1.112000022232532501e+02
4.340000000000000000e+02 1.112000022232532501e+02
4.350000000000000000e+02 1.112000022232532501e+02
4.360000000000000000e+02 1.114000022262334824e+02
4.370000000000000000e+02 1.116000022292137146e+02
4.380000000000000000e+02 1.118000022321939468e+02
4.390000000000000000e+02 1.120000022351741791e+02
4.400000000000000000e+02 1.128000022470951080e+02
4.410000000000000000e+02 1.130000022500753403e+02
4.420000000000000000e+02 1.132000022530555725e+02
4.430000000000000000e+02 1.136000022590160370e+02
4.440000000000000000e+02 1.136000022590160370e+02
4.450000000000000000e+02 1.136000022590160370e+02
4.460000000000000000e+02 1.138000022619962692e+02
4.470000000000000000e+02 1.138000022619962692e+02
4.480000000000000000e+02 1.138000022619962692e+02
4.490000000000000000e+02 1.140000022649765015e+02
4.500000000000000000e+02 1.140000022649765015e+02
4.510000000000000000e+02 1.144000022709369659e+02
4.520000000000000000e+02 1.150000022947788239e+02
4.530000000000000000e+02 1.150000022947788239e+02
4.540000000000000000e+02 1.152000022977590561e+02
4.550000000000000000e+02 1.154000023007392883e+02
4.560000000000000000e+02 1.154000023007392883e+02
4.570000000000000000e+02 1.154000023007392883e+02
4.580000000000000000e+02 1.154000023007392883e+02
4.590000000000000000e+02 1.154000023007392883e+02
4.600000000000000000e+02 1.156000023037195206e+02
4.610000000000000000e+02 1.158000023066997528e+02
4.620000000000000000e+02 1.160000023096799850e+02
4.630000000000000000e+02 1.162000023126602173e+02
4.640000000000000000e+02 1.164000023156404495e+02
4.650000000000000000e+02 1.166000023186206818e+02
4.660000000000000000e+02 1.166000023186206818e+02
4.670000000000000000e+02 1.168000023216009140e+02
4.680000000000000000e+02 1.168000023216009140e+02
4.690000000000000000e+02 1.168000023216009140e+02
4.700000000000000000e+02 1.168000023216009140e+02
4.710000000000000000e+02 1.168000023216009140e+02
4.720000000000000000e+02 1.170000023245811462e+02
4.730000000000000000e+02 1.170000023245811462e+02
4.740000000000000000e+02 1.170000023245811462e+02
4.750000000000000000e+02 1.176000023484230042e+02
4.760000000000000000e+02 1.182000023722648621e+02
4.770000000000000000e+02 1.182000023722648621e+02
4.780000000000000000e+02 1.182000023722648621e+02
4.790000000000000000e+02 1.184000023752450943e+02
4.800000000000000000e+02 1.184000023752450943e+02
4.810000000000000000e+02 1.184000023752450943e+02
4.820000000000000000e+02 1.184000023752450943e+02
4.830000000000000000e+02 1.184000023752450943e+02
4.840000000000000000e+02 1.184000023752450943e+02
4.850000000000000000e+02 1.184000023752450943e+02
4.860000000000000000e+02 1.184000023752450943e+02
4.870000000000000000e+02 1.190000023990869522e+02
4.880000000000000000e+02 1.194000024050474167e+02
4.890000000000000000e+02 1.194000024050474167e+02
4.900000000000000000e+02 1.198000024110078812e+02
4.910000000000000000e+02 1.198000024110078812e+02
4.920000000000000000e+02 1.198000024110078812e+02
4.930000000000000000e+02 1.200000024139881134e+02
4.940000000000000000e+02 1.200000024139881134e+02
4.950000000000000000e+02 1.200000024139881134e+02
4.960000000000000000e+02 1.202000024169683456e+02
4.970000000000000000e+02 1.202000024169683456e+02
4.980000000000000000e+02 1.206000024229288101e+02
4.990000000000000000e+02 1.206000024229288101e+02
5.000000000000000000e+02 1.212000024467706680e+02
5.010000000000000000e+02 1.216000024527311325e+02
5.020000000000000000e+02 1.216000024527311325e+02
5.030000000000000000e+02 1.216000024527311325e+02
5.040000000000000000e+02 1.216000024527311325e+02
5.050000000000000000e+02 1.216000024527311325e+02
5.060000000000000000e+02 1.216000024527311325e+02
5.070000000000000000e+02 1.216000024527311325e+02
5.080000000000000000e+02 1.216000024527311325e+02
5.090000000000000000e+02 1.218000024557113647e+02
5.100000000000000000e+02 1.222000024616718292e+02
5.110000000000000000e+02 1.226000024676322937e+02
5.120000000000000000e+02 1.234000024795532227e+02
5.130000000000000000e+02 1.234000024795532227e+02
5.140000000000000000e+02 1.238000024855136871e+02
5.150000000000000000e+02 1.238000024855136871e+02
5.160000000000000000e+02 1.238000024855136871e+02
5.170000000000000000e+02 1.238000024855136871e+02
5.180000000000000000e+02 1.238000024855136871e+02
5.190000000000000000e+02 1.238000024855136871e+02
5.200000000000000000e+02 1.242000024914741516e+02
5.210000000000000000e+02 1.242000024914741516e+02
5.220000000000000000e+02 1.246000024974346161e+02
5.230000000000000000e+02 1.252000025212764740e+02
5.240000000000000000e+02 1.252000025212764740e+02
5.250000000000000000e+02 1.252000025212764740e+02
5.260000000000000000e+02 1.256000025272369385e+02
5.270000000000000000e+02 1.256000025272369385e+02
5.280000000000000000e+02 1.256000025272369385e+02
5.290000000000000000e+02 1.256000025272369385e+02
5.300000000000000000e+02 1.256000025272369385e+02
5.310000000000000000e+02 1.256000025272369385e+02
5.320000000000000000e+02 1.258000025302171707e+02
5.330000000000000000e+02 1.260000025331974030e+02
5.340000000000000000e+02 1.260000025331974030e+02
5.350000000000000000e+02 1.262000025361776352e+02
5.360000000000000000e+02 1.272000025361776352e+02
5.370000000000000000e+02 1.272000025361776352e+02
5.380000000000000000e+02 1.272000025361776352e+02
5.390000000000000000e+02 1.272000025361776352e+02
5.400000000000000000e+02 1.272000025361776352e+02
5.410000000000000000e+02 1.272000025361776352e+02
5.420000000000000000e+02 1.272000025361776352e+02
5.430000000000000000e+02 1.274000025391578674e+02
5.440000000000000000e+02 1.274000025391578674e+02
5.450000000000000000e+02 1.276000025421380997e+02
5.460000000000000000e+02 1.276000025421380997e+02
5.470000000000000000e+02 1.282000025659799576e+02
5.480000000000000000e+02 1.288000025898218155e+02
5.490000000000000000e+02 1.288000025898218155e+02
5.500000000000000000e+02 1.288000025898218155e+02
5.510000000000000000e+02 1.290000025928020477e+02
5.520000000000000000e+02 1.290000025928020477e+02
5.530000000000000000e+02 1.290000025928020477e+02
5.540000000000000000e+02 1.290000025928020477e+02
5.550000000000000000e+02 1.290000025928020477e+02
5.560000000000000000e+02 1.290000025928020477e+02
5.570000000000000000e+02 1.290000025928020477e+02
5.580000000000000000e+02 1.292000025957822800e+02
5.590000000000000000e+02 1.292000025957822800e+02
5.600000000000000000e+02 1.296000026017427444e+02
5.610000000000000000e+02 1.298000026047229767e+02
5.620000000000000000e+02 1.300000026077032089e+02
5.630000000000000000e+02 1.300000026077032089e+02
5.640000000000000000e+02 1.300000026077032089e+02
5.650000000000000000e+02 1.300000026077032089e+02
5.660000000000000000e+02 1.300000026077032089e+02
5.670000000000000000e+02 1.300000026077032089e+02
5.680000000000000000e+02 1.300000026077032089e+02
5.690000000000000000e+02 1.302000026106834412e+02
5.700000000000000000e+02 1.304000026136636734e+02
5.710000000000000000e+02 1.306000026166439056e+02
5.720000000000000000e+02 1.308000026196241379e+02
5.730000000000000000e+02 1.308000026196241379e+02
5.740000000000000000e+02 1.308000026196241379e+02
5.750000000000000000e+02 1.308000026196241379e+02
5.760000000000000000e+02 1.308000026196241379e+02
5.770000000000000000e+02 1.308000026196241379e+02
5.780000000000000000e+02 1.308000026196241379e+02
5.790000000000000000e+02 1.308000026196241379e+02
5.800000000000000000e+02 1.312000026255846024e+02
5.810000000000000000e+02 1.312000026255846024e+02
5.820000000000000000e+02 1.314000026285648346e+02
5.830000000000000000e+02 1.314000026285648346e+02
5.840000000000000000e+02 1.314000026285648346e+02
5.850000000000000000e+02 1.314000026285648346e+02
5.860000000000000000e+02 1.314000026285648346e+02
5.870000000000000000e+02 1.314000026285648346e+02
5.880000000000000000e+02 1.314000026285648346e+02
5.890000000000000000e+02 1.314000026285648346e+02
5.900000000000000000e+02 1.314000026285648346e+02
5.910000000000000000e+02 1.314000026285648346e+02
5.920000000000000000e+02 1.318000026345252991e+02
5.930000000000000000e+02 1.318000026345252991e+02
5.940000000000000000e+02 1.322000026404857635e+02
5.950000000000000000e+02 1.324000026434659958e+02
5.960000000000000000e+02 1.324000026434659958e+02
5.970000000000000000e+02 1.324000026434659958e+02
5.980000000000000000e+02 1.324000026434659958e+02
5.990000000000000000e+02 1.324000026434659958e+02
6.000000000000000000e+02 1.324000026434659958e+02
6.010000000000000000e+02 1.324000026434659958e+02
6.020000000000000000e+02 1.326000026464462280e+02
6.030000000000000000e+02 1.326000026464462280e+02
6.040000000000000000e+02 1.326000026464462280e+02
6.050000000000000000e+02 1.328000026494264603e+02
6.060000000000000000e+02 1.330000026524066925e+02
6.070000000000000000e+02 1.334000026583671570e+02
6.080000000000000000e+02 1.334000026583671570e+02
6.090000000000000000e+02 1.334000026583671570e+02
6.100000000000000000e+02 1.334000026583671570e+02
6.110000000000000000e+02 1.334000026583671570e+02
6.120000000000000000e+02 1.334000026583671570e+02
6.130000000000000000e+02 1.334000026583671570e+02
6.140000000000000000e+02 1.334000026583671570e+02
6.150000000000000000e+02 1.334000026583671570e+02
6.160000000000000000e+02 1.338000026643276215e+02
6.170000000000000000e+02 1.338000026643276215e+02
6.180000000000000000e+02 1.340000026673078537e+02
6.190000000000000000e+02 1.340000026673078537e+02
6.200000000000000000e+02 1.342000026702880859e+02
6.210000000000000000e+02 1.342000026702880859e+02
6.220000000000000000e+02 1.342000026702880859e+02
6.230000000000000000e+02 1.342000026702880859e+02
6.240000000000000000e+02 1.342000026702880859e+02
6.250000000000000000e+02 1.342000026702880859e+02
6.260000000000000000e+02 1.342000026702880859e+02
6.270000000000000000e+02 1.344000026732683182e+02
6.280000000000000000e+02 1.344000026732683182e+02
6.290000000000000000e+02 1.346000026762485504e+02
6.300000000000000000e+02 1.350000026822090149e+02
6.310000000000000000e+02 1.350000026822090149e+02
6.320000000000000000e+02 1.350000026822090149e+02
6.330000000000000000e+02 1.350000026822090149e+02
6.340000000000000000e+02 1.350000026822090149e+02
6.350000000000000000e+02 1.350000026822090149e+02
6.360000000000000000e+02 1.350000026822090149e+02
6.370000000000000000e+02 1.350000026822090149e+02
6.380000000000000000e+02 1.350000026822090149e+02
6.390000000000000000e+02 1.350000026822090149e+02
6.400000000000000000e+02 1.352000026851892471e+02
6.410000000000000000e+02 1.354000026881694794e+02
6.420000000000000000e+02 1.356000026911497116e+02
6.430000000000000000e+02 1.358000026941299438e+02
6.440000000000000000e+02 1.358000026941299438e+02
6.450000000000000000e+02 1.358000026941299438e+02
6.460000000000000000e+02 1.358000026941299438e+02
6.470000000000000000e+02 1.358000026941299438e+02
6.480000000000000000e+02 1.358000026941299438e+02
6.490000000000000000e+02 1.358000026941299438e+02
6.500000000000000000e+02 1.358000026941299438e+02
6.510000000000000000e+02 1.358000026941299438e+02
6.520000000000000000e+02 1.360000026971101761e+02
6.530000000000000000e+02 1.362000027000904083e+02
6.540000000000000000e+02 1.364000027030706406e+02
6.550000000000000000e+02 1.364000027030706406e+02
6.560000000000000000e+02 1.366000027060508728e+02
6.570000000000000000e+02 1.366000027060508728e+02
6.580000000000000000e+02 1.366000027060508728e+02
6.590000000000000000e+02 1.366000027060508728e+02
6.600000000000000000e+02 1.366000027060508728e+02
6.610000000000000000e+02 1.366000027060508728e+02
6.620000000000000000e+02 1.366000027060508728e+02
6.630000000000000000e+02 1.366000027060508728e+02
6.640000000000000000e+02 1.366000027060508728e+02
6.650000000000000000e+02 1.368000027090311050e+02
6.660000000000000000e+02 1.370000027120113373e+02
6.670000000000000000e+02 1.370000027120113373e+02
6.680000000000000000e+02 1.370000027120113373e+02
6.690000000000000000e+02 1.370000027120113373e+02
6.700000000000000000e+02 1.372000027149915695e+02
6.710000000000000000e+02 1.372000027149915695e+02
6.720000000000000000e+02 1.372000027149915695e+02
6.730000000000000000e+02 1.372000027149915695e+02
6.740000000000000000e+02 1.372000027149915695e+02
6.750000000000000000e+02 1.372000027149915695e+02
6.760000000000000000e+02 1.374000027179718018e+02
6.770000000000000000e+02 1.376000027209520340e+02
6.780000000000000000e+02 1.378000027239322662e+02
6.790000000000000000e+02 1.380000027269124985e+02
6.800000000000000000e+02 1.380000027269124985e+02
6.810000000000000000e+02 1.380000027269124985e+02
6.820000000000000000e+02 1.380000027269124985e+02
6.830000000000000000e+02 1.380000027269124985e+02
6.840000000000000000e+02 1.382000027298927307e+02
6.850000000000000000e+02 1.384000027328729630e+02
6.860000000000000000e+02 1.384000027328729630e+02
6.870000000000000000e+02 1.384000027328729630e+02
6.880000000000000000e+02 1.386000027358531952e+02
6.890000000000000000e+02 1.386000027358531952e+02
6.900000000000000000e+02 1.386000027358531952e+02
6.910000000000000000e+02 1.386000027358531952e+02
6.920000000000000000e+02 1.388000027388334274e+02
6.930000000000000000e+02 1.388000027388334274e+02
6.940000000000000000e+02 1.388000027388334274e+02
6.950000000000000000e+02 1.388000027388334274e+02
6.960000000000000000e+02 1.390000027418136597e+02
6.970000000000000000e+02 1.390000027418136597e+02
6.980000000000000000e+02 1.390000027418136597e+02
6.990000000000000000e+02 1.392000027447938919e+02
7.000000000000000000e+02 1.392000027447938919e+02
7.010000000000000000e+02 1.392000027447938919e+02
7.020000000000000000e+02 1.394000027477741241e+02
7.030000000000000000e+02 1.394000027477741241e+02
7.040000000000000000e+02 1.394000027477741241e+02
7.050000000000000000e+02 1.396000027507543564e+02
7.060000000000000000e+02 1.396000027507543564e+02
7.070000000000000000e+02 1.398000027537345886e+02
7.080000000000000000e+02 1.398000027537345886e+02
7.090000000000000000e+02 1.398000027537345886e+02
7.100000000000000000e+02 1.398000027537345886e+02
7.110000000000000000e+02 1.398000027537345886e+02
7.120000000000000000e+02 1.400000027567148209e+02
7.130000000000000000e+02 1.404000027626752853e+02
7.140000000000000000e+02 1.406000027656555176e+02
7.150000000000000000e+02 1.408000027686357498e+02
7.160000000000000000e+02 1.408000027686357498e+02
7.170000000000000000e+02 1.408000027686357498e+02
7.180000000000000000e+02 1.408000027686357498e+02
7.190000000000000000e+02 1.408000027686357498e+02
7.200000000000000000e+02 1.408000027686357498e+02
7.210000000000000000e+02 1.408000027686357498e+02
7.220000000000000000e+02 1.408000027686357498e+02
7.230000000000000000e+02 1.408000027686357498e+02
7.240000000000000000e+02 1.412000027745962143e+02
7.250000000000000000e+02 1.412000027745962143e+02
7.260000000000000000e+02 1.412000027745962143e+02
7.270000000000000000e+02 1.412000027745962143e+02
7.280000000000000000e+02 1.414000027775764465e+02
7.290000000000000000e+02 1.416000027805566788e+02
7.300000000000000000e+02 1.416000027805566788e+02
7.310000000000000000e+02 1.416000027805566788e+02
7.320000000000000000e+02 1.416000027805566788e+02
7.330000000000000000e+02 1.416000027805566788e+02
7.340000000000000000e+02 1.418000027835369110e+02
7.350000000000000000e+02 1.420000027865171432e+02
7.360000000000000000e+02 1.424000027924776077e+02
7.370000000000000000e+02 1.426000027954578400e+02
7.380000000000000000e+02 1.426000027954578400e+02
7.390000000000000000e+02 1.428000027984380722e+02
7.400000000000000000e+02 1.438000027984380722e+02
7.410000000000000000e+02 1.440000028014183044e+02
7.420000000000000000e+02 1.442000028043985367e+02
7.430000000000000000e+02 1.442000028043985367e+02
7.440000000000000000e+02 1.444000028073787689e+02
7.450000000000000000e+02 1.444000028073787689e+02
7.460000000000000000e+02 1.444000028073787689e+02
7.470000000000000000e+02 1.444000028073787689e+02
7.480000000000000000e+02 1.448000028133392334e+02
7.490000000000000000e+02 1.450000028163194656e+02
7.500000000000000000e+02 1.452000028192996979e+02
7.510000000000000000e+02 1.458000028431415558e+02
7.520000000000000000e+02 1.464000028669834137e+02
7.530000000000000000e+02 1.466000028699636459e+02
7.540000000000000000e+02 1.468000028729438782e+02
7.550000000000000000e+02 1.470000028759241104e+02
7.560000000000000000e+02 1.470000028759241104e+02
7.570000000000000000e+02 1.470000028759241104e+02
7.580000000000000000e+02 1.472000028789043427e+02
7.590000000000000000e+02 1.472000028789043427e+02
7.600000000000000000e+02 1.472000028789043427e+02
7.610000000000000000e+02 1.476000028848648071e+02
7.620000000000000000e+02 1.476000028848648071e+02
7.630000000000000000e+02 1.480000028908252716e+02
7.640000000000000000e+02 1.488000029027462006e+02
7.650000000000000000e+02 1.492000029087066650e+02
7.660000000000000000e+02 1.492000029087066650e+02
7.670000000000000000e+02 1.494000029116868973e+02
7.680000000000000000e+02 1.496000029146671295e+02
7.690000000000000000e+02 1.496000029146671295e+02
7.700000000000000000e+02 1.496000029146671295e+02
7.710000000000000000e+02 1.496000029146671295e+02
7.720000000000000000e+02 1.500000029206275940e+02
7.730000000000000000e+02 1.500000029206275940e+02
7.740000000000000000e+02 1.502000029236078262e+02
7.750000000000000000e+02 1.508000029474496841e+02
7.760000000000000000e+02 1.518000029474496841e+02
7.770000000000000000e+02 1.518000029474496841e+02
7.780000000000000000e+02 1.518000029474496841e+02
7.790000000000000000e+02 1.520000029504299164e+02
7.800000000000000000e+02 1.522000029534101486e+02
7.810000000000000000e+02 1.522000029534101486e+02
7.820000000000000000e+02 1.524000029563903809e+02
7.830000000000000000e+02 1.524000029563903809e+02
7.840000000000000000e+02 1.524000029563903809e+02
7.850000000000000000e+02 1.532000029683113098e+02
7.860000000000000000e+02 1.532000029683113098e+02
7.870000000000000000e+02 1.532000029683113098e+02
7.880000000000000000e+02 1.542000029683113098e+02
7.890000000000000000e+02 1.548000029921531677e+02
7.900000000000000000e+02 1.548000029921531677e+02
7.910000000000000000e+02 1.548000029921531677e+02
7.920000000000000000e+02 1.548000029921531677e+02
7.930000000000000000e+02 1.550000029951334000e+02
7.940000000000000000e+02 1.550000029951334000e+02
7.950000000000000000e+02 1.552000029981136322e+02
7.960000000000000000e+02 1.552000029981136322e+02
7.970000000000000000e+02 1.556000030040740967e+02
7.980000000000000000e+02 1.558000030070543289e+02
7.990000000000000000e+02 1.560000030100345612e+02
8.000000000000000000e+02 1.566000030338764191e+02
8.010000000000000000e+02 1.570000030398368835e+02
8.020000000000000000e+02 1.574000030457973480e+02
8.030000000000000000e+02 1.574000030457973480e+02
8.040000000000000000e+02 1.574000030457973480e+02
8.050000000000000000e+02 1.574000030457973480e+02
8.060000000000000000e+02 1.574000030457973480e+02
8.070000000000000000e+02 1.574000030457973480e+02
8.080000000000000000e+02 1.576000030487775803e+02
8.090000000000000000e+02 1.582000030726194382e+02
8.100000000000000000e+02 1.582000030726194382e+02
8.110000000000000000e+02 1.582000030726194382e+02
8.120000000000000000e+02 1.588000030964612961e+02
8.130000000000000000e+02 1.596000031083822250e+02
8.140000000000000000e+02 1.598000031113624573e+02
8.150000000000000000e+02 1.600000031143426895e+02
8.160000000000000000e+02 1.600000031143426895e+02
8.170000000000000000e+02 1.600000031143426895e+02
8.180000000000000000e+02 1.600000031143426895e+02
8.190000000000000000e+02 1.604000031203031540e+02
8.200000000000000000e+02 1.606000031232833862e+02
8.210000000000000000e+02 1.608000031262636185e+02
8.220000000000000000e+02 1.610000031292438507e+02
8.230000000000000000e+02 1.610000031292438507e+02
8.240000000000000000e+02 1.616000031530857086e+02
8.250000000000000000e+02 1.622000031769275665e+02
8.260000000000000000e+02 1.624000031799077988e+02
8.270000000000000000e+02 1.628000031858682632e+02
8.280000000000000000e+02 1.628000031858682632e+02
8.290000000000000000e+02 1.628000031858682632e+02
8.300000000000000000e+02 1.630000031888484955e+02
8.310000000000000000e+02 1.632000031918287277e+02
8.320000000000000000e+02 1.632000031918287277e+02
8.330000000000000000e+02 1.632000031918287277e+02
8.340000000000000000e+02 1.636000031977891922e+02
8.350000000000000000e+02 1.638000032007694244e+02
8.360000000000000000e+02 1.648000032007694244e+02
8.370000000000000000e+02 1.648000032007694244e+02
8.380000000000000000e+02 1.652000032067298889e+02
8.390000000000000000e+02 1.652000032067298889e+02
8.400000000000000000e+02 1.654000032097101212e+02
8.410000000000000000e+02 1.654000032097101212e+02
8.420000000000000000e+02 1.654000032097101212e+02
8.430000000000000000e+02 1.654000032097101212e+02
8.440000000000000000e+02 1.656000032126903534e+02
8.450000000000000000e+02 1.658000032156705856e+02
8.460000000000000000e+02 1.658000032156705856e+02
8.470000000000000000e+02 1.666000032275915146e+02
8.480000000000000000e+02 1.674000032395124435e+02
8.490000000000000000e+02 1.678000032454729080e+02
8.500000000000000000e+02 1.680000032484531403e+02
8.510000000000000000e+02 1.682000032514333725e+02
8.520000000000000000e+02 1.684000032544136047e+02
8.530000000000000000e+02 1.684000032544136047e+02
8.540000000000000000e+02 1.684000032544136047e+02
8.550000000000000000e+02 1.686000032573938370e+02
8.560000000000000000e+02 1.688000032603740692e+02
8.570000000000000000e+02 1.692000032663345337e+02
8.580000000000000000e+02 1.692000032663345337e+02
8.590000000000000000e+02 1.696000032722949982e+02
8.600000000000000000e+02 1.698000032752752304e+02
8.610000000000000000e+02 1.706000032871961594e+02
8.620000000000000000e+02 1.706000032871961594e+02
8.630000000000000000e+02 1.706000032871961594e+02
8.640000000000000000e+02 1.706000032871961594e+02
8.650000000000000000e+02 1.706000032871961594e+02
8.660000000000000000e+02 1.706000032871961594e+02
8.670000000000000000e+02 1.706000032871961594e+02
8.680000000000000000e+02 1.708000032901763916e+02
8.690000000000000000e+02 1.710000032931566238e+02
8.700000000000000000e+02 1.710000032931566238e+02
8.710000000000000000e+02 1.714000032991170883e+02
8.720000000000000000e+02 1.722000033110380173e+02
8.730000000000000000e+02 1.726000033169984818e+02
8.740000000000000000e+02 1.728000033199787140e+02
8.750000000000000000e+02 1.728000033199787140e+02
8.760000000000000000e+02 1.728000033199787140e+02
8.770000000000000000e+02 1.728000033199787140e+02
8.780000000000000000e+02 1.730000033229589462e+02
8.790000000000000000e+02 1.732000033259391785e+02
8.800000000000000000e+02 1.732000033259391785e+02
8.810000000000000000e+02 1.732000033259391785e+02
8.820000000000000000e+02 1.732000033259391785e+02
8.830000000000000000e+02 1.742000033259391785e+02
8.840000000000000000e+02 1.744000033289194107e+02
8.850000000000000000e+02 1.746000033318996429e+02
8.860000000000000000e+02 1.748000033348798752e+02
8.870000000000000000e+02 1.750000033378601074e+02
8.880000000000000000e+02 1.752000033408403397e+02
8.890000000000000000e+02 1.752000033408403397e+02
8.900000000000000000e+02 1.754000033438205719e+02
8.910000000000000000e+02 1.756000033468008041e+02
8.920000000000000000e+02 1.756000033468008041e+02
8.930000000000000000e+02 1.756000033468008041e+02
8.940000000000000000e+02 1.758000033497810364e+02
8.950000000000000000e+02 1.760000033527612686e+02
8.960000000000000000e+02 1.768000033646821976e+02
8.970000000000000000e+02 1.770000033676624298e+02
8.980000000000000000e+02 1.772000033706426620e+02
8.990000000000000000e+02 1.774000033736228943e+02
9.000000000000000000e+02 1.774000033736228943e+02
