0.000000000000000000e+00 0.000000000000000000e+00
1.000000000000000000e+00 0.000000000000000000e+00
2.000000000000000000e+00 0.000000000000000000e+00
3.000000000000000000e+00 0.000000000000000000e+00
4.000000000000000000e+00 0.000000000000000000e+00
5.000000000000000000e+00 0.000000000000000000e+00
6.000000000000000000e+00 0.000000000000000000e+00
7.000000000000000000e+00 0.000000000000000000e+00
8.000000000000000000e+00 0.000000000000000000e+00
9.000000000000000000e+00 0.000000000000000000e+00
1.000000000000000000e+01 0.000000000000000000e+00
1.100000000000000000e+01 0.000000000000000000e+00
1.200000000000000000e+01 0.000000000000000000e+00
1.300000000000000000e+01 0.000000000000000000e+00
1.400000000000000000e+01 0.000000000000000000e+00
1.500000000000000000e+01 2.000000029802322388e-01
1.600000000000000000e+01 2.000000029802322388e-01
1.700000000000000000e+01 4.000000059604644775e-01
1.800000000000000000e+01 4.000000059604644775e-01
1.900000000000000000e+01 4.000000059604644775e-01
2.000000000000000000e+01 4.000000059604644775e-01
2.100000000000000000e+01 4.000000059604644775e-01
2.200000000000000000e+01 4.000000059604644775e-01
2.300000000000000000e+01 4.000000059604644775e-01
2.400000000000000000e+01 4.000000059604644775e-01
2.500000000000000000e+01 4.000000059604644775e-01
2.600000000000000000e+01 6.000000089406967163e-01
2.700000000000000000e+01 8.000000119209289551e-01
2.800000000000000000e+01 8.000000119209289551e-01
2.900000000000000000e+01 8.000000119209289551e-01
3.000000000000000000e+01 1.000000014901161194e+00
3.100000000000000000e+01 1.000000014901161194e+00
3.200000000000000000e+01 1.200000017881393433e+00
3.300000000000000000e+01 1.200000017881393433e+00
3.400000000000000000e+01 1.200000017881393433e+00
3.500000000000000000e+01 1.200000017881393433e+00
3.600000000000000000e+01 1.200000017881393433e+00
3.700000000000000000e+01 1.400000020861625671e+00
3.800000000000000000e+01 1.800000026822090149e+00
3.900000000000000000e+01 2.000000029802322388e+00
4.000000000000000000e+01 2.000000029802322388e+00
4.100000000000000000e+01 2.200000032782554626e+00
4.200000000000000000e+01 2.600000038743019104e+00
4.300000000000000000e+01 2.800000041723251343e+00
4.400000000000000000e+01 2.800000041723251343e+00
4.500000000000000000e+01 3.000000044703483582e+00
4.600000000000000000e+01 3.000000044703483582e+00
4.700000000000000000e+01 3.000000044703483582e+00
4.800000000000000000e+01 3.200000047683715820e+00
4.900000000000000000e+01 3.200000047683715820e+00
5.000000000000000000e+01 3.400000050663948059e+00
5.100000000000000000e+01 3.600000053644180298e+00
5.200000000000000000e+01 3.600000053644180298e+00
5.300000000000000000e+01 3.600000053644180298e+00
5.400000000000000000e+01 3.600000053644180298e+00
5.500000000000000000e+01 3.600000053644180298e+00
5.600000000000000000e+01 3.800000056624412537e+00
5.700000000000000000e+01 4.000000059604644775e+00
5.800000000000000000e+01 4.200000062584877014e+00
5.900000000000000000e+01 4.200000062584877014e+00
6.000000000000000000e+01 4.200000062584877014e+00
6.100000000000000000e+01 4.200000062584877014e+00
6.200000000000000000e+01 4.200000062584877014e+00
6.300000000000000000e+01 4.200000062584877014e+00
6.400000000000000000e+01 4.400000065565109253e+00
6.500000000000000000e+01 4.600000068545341492e+00
6.600000000000000000e+01 4.600000068545341492e+00
6.700000000000000000e+01 4.800000071525573730e+00
6.800000000000000000e+01 5.000000074505805969e+00
6.900000000000000000e+01 5.200000077486038208e+00
7.000000000000000000e+01 5.200000077486038208e+00
7.100000000000000000e+01 5.400000080466270447e+00
7.200000000000000000e+01 5.600000083446502686e+00
7.300000000000000000e+01 5.600000083446502686e+00
7.400000000000000000e+01 5.800000086426734924e+00
7.500000000000000000e+01 5.800000086426734924e+00
7.600000000000000000e+01 6.000000089406967163e+00
7.700000000000000000e+01 6.200000092387199402e+00
7.800000000000000000e+01 6.400000095367431641e+00
7.900000000000000000e+01 6.400000095367431641e+00
8.000000000000000000e+01 6.400000095367431641e+00
8.100000000000000000e+01 6.600000098347663879e+00
8.200000000000000000e+01 6.600000098347663879e+00
8.300000000000000000e+01 6.800000101327896118e+00
8.400000000000000000e+01 7.000000104308128357e+00
8.500000000000000000e+01 7.000000104308128357e+00
8.600000000000000000e+01 7.000000104308128357e+00
8.700000000000000000e+01 7.200000107288360596e+00
8.800000000000000000e+01 7.400000110268592834e+00
8.900000000000000000e+01 7.800000116229057312e+00
9.000000000000000000e+01 7.800000116229057312e+00
9.100000000000000000e+01 8.000000119209289551e+00
9.200000000000000000e+01 8.000000119209289551e+00
9.300000000000000000e+01 8.200000122189521790e+00
9.400000000000000000e+01 8.200000122189521790e+00
9.500000000000000000e+01 8.200000122189521790e+00
9.600000000000000000e+01 8.200000122189521790e+00
9.700000000000000000e+01 8.200000122189521790e+00
9.800000000000000000e+01 8.200000122189521790e+00
9.900000000000000000e+01 8.400000125169754028e+00
1.000000000000000000e+02 8.600000128149986267e+00
1.010000000000000000e+02 8.600000128149986267e+00
1.020000000000000000e+02 9.000000134110450745e+00
1.030000000000000000e+02 9.000000134110450745e+00
1.040000000000000000e+02 9.000000134110450745e+00
1.050000000000000000e+02 9.000000134110450745e+00
1.060000000000000000e+02 9.000000134110450745e+00
1.070000000000000000e+02 9.200000137090682983e+00
1.080000000000000000e+02 9.200000137090682983e+00
1.090000000000000000e+02 9.200000137090682983e+00
1.100000000000000000e+02 9.600000143051147461e+00
1.110000000000000000e+02 9.600000143051147461e+00
1.120000000000000000e+02 1.020000016689300537e+01
1.130000000000000000e+02 1.040000016987323761e+01
1.140000000000000000e+02 1.060000017285346985e+01
1.150000000000000000e+02 1.080000017583370209e+01
1.160000000000000000e+02 1.100000017881393433e+01
1.170000000000000000e+02 1.100000017881393433e+01
1.180000000000000000e+02 1.100000017881393433e+01
1.190000000000000000e+02 1.120000018179416656e+01
1.200000000000000000e+02 1.140000018477439880e+01
1.210000000000000000e+02 1.140000018477439880e+01
1.220000000000000000e+02 1.140000018477439880e+01
1.230000000000000000e+02 1.160000018775463104e+01
1.240000000000000000e+02 1.160000018775463104e+01
1.250000000000000000e+02 1.180000019073486328e+01
1.260000000000000000e+02 1.180000019073486328e+01
1.270000000000000000e+02 1.180000019073486328e+01
1.280000000000000000e+02 1.180000019073486328e+01
1.290000000000000000e+02 1.180000019073486328e+01
1.300000000000000000e+02 1.200000019371509552e+01
1.310000000000000000e+02 1.200000019371509552e+01
1.320000000000000000e+02 1.200000019371509552e+01
1.330000000000000000e+02 1.220000019669532776e+01
1.340000000000000000e+02 1.240000019967556000e+01
1.350000000000000000e+02 1.260000020265579224e+01
1.360000000000000000e+02 1.280000020563602448e+01
1.370000000000000000e+02 1.300000020861625671e+01
1.380000000000000000e+02 1.320000021159648895e+01
1.390000000000000000e+02 1.340000021457672119e+01
1.400000000000000000e+02 1.360000021755695343e+01
1.410000000000000000e+02 1.380000022053718567e+01
1.420000000000000000e+02 1.380000022053718567e+01
1.430000000000000000e+02 1.380000022053718567e+01
1.440000000000000000e+02 1.420000022649765015e+01
1.450000000000000000e+02 1.420000022649765015e+01
1.460000000000000000e+02 1.440000022947788239e+01
1.470000000000000000e+02 1.440000022947788239e+01
1.480000000000000000e+02 1.440000022947788239e+01
1.490000000000000000e+02 1.480000023543834686e+01
1.500000000000000000e+02 1.480000023543834686e+01
1.510000000000000000e+02 1.480000023543834686e+01
1.520000000000000000e+02 1.480000023543834686e+01
1.530000000000000000e+02 1.480000023543834686e+01
1.540000000000000000e+02 1.480000023543834686e+01
1.550000000000000000e+02 1.500000023841857910e+01
1.560000000000000000e+02 1.500000023841857910e+01
1.570000000000000000e+02 1.500000023841857910e+01
1.580000000000000000e+02 1.500000023841857910e+01
1.590000000000000000e+02 1.520000024139881134e+01
1.600000000000000000e+02 1.540000024437904358e+01
1.610000000000000000e+02 1.540000024437904358e+01
1.620000000000000000e+02 1.540000024437904358e+01
1.630000000000000000e+02 1.540000024437904358e+01
1.640000000000000000e+02 1.540000024437904358e+01
1.650000000000000000e+02 1.580000025033950806e+01
1.660000000000000000e+02 1.580000025033950806e+01
1.670000000000000000e+02 1.580000025033950806e+01
1.680000000000000000e+02 1.600000025331974030e+01
1.690000000000000000e+02 1.620000025629997253e+01
1.700000000000000000e+02 1.620000025629997253e+01
1.710000000000000000e+02 1.660000026226043701e+01
1.720000000000000000e+02 1.700000026822090149e+01
1.730000000000000000e+02 1.700000026822090149e+01
1.740000000000000000e+02 1.700000026822090149e+01
1.750000000000000000e+02 1.700000026822090149e+01
1.760000000000000000e+02 1.700000026822090149e+01
1.770000000000000000e+02 1.700000026822090149e+01
1.780000000000000000e+02 1.700000026822090149e+01
1.790000000000000000e+02 1.700000026822090149e+01
1.800000000000000000e+02 1.720000027120113373e+01
1.810000000000000000e+02 1.720000027120113373e+01
1.820000000000000000e+02 1.740000027418136597e+01
1.830000000000000000e+02 1.740000027418136597e+01
1.840000000000000000e+02 1.780000028014183044e+01
1.850000000000000000e+02 1.800000028312206268e+01
1.860000000000000000e+02 1.800000028312206268e+01
1.870000000000000000e+02 1.820000028610229492e+01
1.880000000000000000e+02 1.840000028908252716e+01
1.890000000000000000e+02 1.840000028908252716e+01
1.900000000000000000e+02 1.840000028908252716e+01
1.910000000000000000e+02 1.840000028908252716e+01
1.920000000000000000e+02 1.860000029206275940e+01
1.930000000000000000e+02 1.860000029206275940e+01
1.940000000000000000e+02 1.860000029206275940e+01
1.950000000000000000e+02 1.880000029504299164e+01
1.960000000000000000e+02 1.900000029802322388e+01
1.970000000000000000e+02 1.920000030100345612e+01
1.980000000000000000e+02 1.980000032484531403e+01
1.990000000000000000e+02 2.000000032782554626e+01
2.000000000000000000e+02 2.040000033378601074e+01
2.010000000000000000e+02 2.040000033378601074e+01
2.020000000000000000e+02 2.060000033676624298e+01
2.030000000000000000e+02 2.080000033974647522e+01
2.040000000000000000e+02 2.080000033974647522e+01
2.050000000000000000e+02 2.100000034272670746e+01
2.060000000000000000e+02 2.100000034272670746e+01
2.070000000000000000e+02 2.100000034272670746e+01
2.080000000000000000e+02 2.120000034570693970e+01
2.090000000000000000e+02 2.120000034570693970e+01
2.100000000000000000e+02 2.120000034570693970e+01
2.110000000000000000e+02 2.140000034868717194e+01
2.120000000000000000e+02 2.160000035166740417e+01
2.130000000000000000e+02 2.180000035464763641e+01
2.140000000000000000e+02 2.180000035464763641e+01
2.150000000000000000e+02 2.220000036060810089e+01
2.160000000000000000e+02 2.220000036060810089e+01
2.170000000000000000e+02 2.220000036060810089e+01
2.180000000000000000e+02 2.220000036060810089e+01
2.190000000000000000e+02 2.220000036060810089e+01
2.200000000000000000e+02 2.240000036358833313e+01
2.210000000000000000e+02 2.240000036358833313e+01
2.220000000000000000e+02 2.240000036358833313e+01
2.230000000000000000e+02 2.300000038743019104e+01
2.240000000000000000e+02 2.300000038743019104e+01
2.250000000000000000e+02 2.320000039041042328e+01
2.260000000000000000e+02 2.340000039339065552e+01
2.270000000000000000e+02 2.340000039339065552e+01
2.280000000000000000e+02 2.340000039339065552e+01
2.290000000000000000e+02 2.340000039339065552e+01
2.300000000000000000e+02 2.340000039339065552e+01
2.310000000000000000e+02 2.360000039637088776e+01
2.320000000000000000e+02 2.360000039637088776e+01
2.330000000000000000e+02 2.380000039935112000e+01
2.340000000000000000e+02 2.380000039935112000e+01
2.350000000000000000e+02 2.400000040233135223e+01
2.360000000000000000e+02 2.440000040829181671e+01
2.370000000000000000e+02 2.440000040829181671e+01
2.380000000000000000e+02 2.440000040829181671e+01
2.390000000000000000e+02 2.440000040829181671e+01
2.400000000000000000e+02 2.440000040829181671e+01
2.410000000000000000e+02 2.460000041127204895e+01
2.420000000000000000e+02 2.460000041127204895e+01
2.430000000000000000e+02 2.460000041127204895e+01
2.440000000000000000e+02 2.480000041425228119e+01
2.450000000000000000e+02 2.520000042021274567e+01
2.460000000000000000e+02 2.520000042021274567e+01
2.470000000000000000e+02 2.520000042021274567e+01
2.480000000000000000e+02 2.540000042319297791e+01
2.490000000000000000e+02 2.540000042319297791e+01
2.500000000000000000e+02 2.560000042617321014e+01
2.510000000000000000e+02 2.560000042617321014e+01
2.520000000000000000e+02 2.560000042617321014e+01
2.530000000000000000e+02 2.560000042617321014e+01
2.540000000000000000e+02 2.560000042617321014e+01
2.550000000000000000e+02 2.560000042617321014e+01
2.560000000000000000e+02 2.580000042915344238e+01
2.570000000000000000e+02 2.580000042915344238e+01
2.580000000000000000e+02 2.600000043213367462e+01
2.590000000000000000e+02 2.620000043511390686e+01
2.600000000000000000e+02 2.620000043511390686e+01
2.610000000000000000e+02 2.620000043511390686e+01
2.620000000000000000e+02 2.640000043809413910e+01
2.630000000000000000e+02 2.640000043809413910e+01
2.640000000000000000e+02 2.640000043809413910e+01
2.650000000000000000e+02 2.640000043809413910e+01
2.660000000000000000e+02 2.660000044107437134e+01
2.670000000000000000e+02 2.680000044405460358e+01
2.680000000000000000e+02 2.700000044703483582e+01
2.690000000000000000e+02 2.700000044703483582e+01
2.700000000000000000e+02 2.720000045001506805e+01
2.710000000000000000e+02 2.720000045001506805e+01
2.720000000000000000e+02 2.780000047385692596e+01
2.730000000000000000e+02 2.800000047683715820e+01
2.740000000000000000e+02 2.820000047981739044e+01
2.750000000000000000e+02 2.820000047981739044e+01
2.760000000000000000e+02 2.820000047981739044e+01
2.770000000000000000e+02 2.820000047981739044e+01
2.780000000000000000e+02 2.820000047981739044e+01
2.790000000000000000e+02 2.840000048279762268e+01
2.800000000000000000e+02 2.840000048279762268e+01
2.810000000000000000e+02 2.880000048875808716e+01
2.820000000000000000e+02 2.920000049471855164e+01
2.830000000000000000e+02 2.960000050067901611e+01
2.840000000000000000e+02 2.960000050067901611e+01
2.850000000000000000e+02 2.960000050067901611e+01
2.860000000000000000e+02 3.000000050663948059e+01
2.870000000000000000e+02 3.000000050663948059e+01
2.880000000000000000e+02 3.000000050663948059e+01
2.890000000000000000e+02 3.020000050961971283e+01
2.900000000000000000e+02 3.040000051259994507e+01
2.910000000000000000e+02 3.060000051558017731e+01
2.920000000000000000e+02 3.060000051558017731e+01
2.930000000000000000e+02 3.080000051856040955e+01
2.940000000000000000e+02 3.080000051856040955e+01
2.950000000000000000e+02 3.100000052154064178e+01
2.960000000000000000e+02 3.100000052154064178e+01
2.970000000000000000e+02 3.120000052452087402e+01
2.980000000000000000e+02 3.120000052452087402e+01
2.990000000000000000e+02 3.120000052452087402e+01
3.000000000000000000e+02 3.120000052452087402e+01
3.010000000000000000e+02 3.120000052452087402e+01
3.020000000000000000e+02 3.120000052452087402e+01
3.030000000000000000e+02 3.120000052452087402e+01
3.040000000000000000e+02 3.160000053048133850e+01
3.050000000000000000e+02 3.160000053048133850e+01
3.060000000000000000e+02 3.200000053644180298e+01
3.070000000000000000e+02 3.200000053644180298e+01
3.080000000000000000e+02 3.220000053942203522e+01
3.090000000000000000e+02 3.220000053942203522e+01
3.100000000000000000e+02 3.220000053942203522e+01
3.110000000000000000e+02 3.240000054240226746e+01
3.120000000000000000e+02 3.240000054240226746e+01
3.130000000000000000e+02 3.240000054240226746e+01
3.140000000000000000e+02 3.240000054240226746e+01
3.150000000000000000e+02 3.240000054240226746e+01
3.160000000000000000e+02 3.260000054538249969e+01
3.170000000000000000e+02 3.300000055134296417e+01
3.180000000000000000e+02 3.300000055134296417e+01
3.190000000000000000e+02 3.300000055134296417e+01
3.200000000000000000e+02 3.320000055432319641e+01
3.210000000000000000e+02 3.320000055432319641e+01
3.220000000000000000e+02 3.320000055432319641e+01
3.230000000000000000e+02 3.340000055730342865e+01
3.240000000000000000e+02 3.380000056326389313e+01
3.250000000000000000e+02 3.380000056326389313e+01
3.260000000000000000e+02 3.380000056326389313e+01
3.270000000000000000e+02 3.400000056624412537e+01
3.280000000000000000e+02 3.440000057220458984e+01
3.290000000000000000e+02 3.440000057220458984e+01
3.300000000000000000e+02 3.440000057220458984e+01
3.310000000000000000e+02 3.440000057220458984e+01
3.320000000000000000e+02 3.480000057816505432e+01
3.330000000000000000e+02 3.500000058114528656e+01
3.340000000000000000e+02 3.500000058114528656e+01
3.350000000000000000e+02 3.520000058412551880e+01
3.360000000000000000e+02 3.520000058412551880e+01
3.370000000000000000e+02 3.520000058412551880e+01
3.380000000000000000e+02 3.560000059008598328e+01
3.390000000000000000e+02 3.560000059008598328e+01
3.400000000000000000e+02 3.620000061392784119e+01
3.410000000000000000e+02 3.660000061988830566e+01
3.420000000000000000e+02 3.680000062286853790e+01
3.430000000000000000e+02 3.680000062286853790e+01
3.440000000000000000e+02 3.720000062882900238e+01
3.450000000000000000e+02 3.720000062882900238e+01
3.460000000000000000e+02 3.720000062882900238e+01
3.470000000000000000e+02 3.720000062882900238e+01
3.480000000000000000e+02 3.720000062882900238e+01
3.490000000000000000e+02 3.720000062882900238e+01
3.500000000000000000e+02 3.720000062882900238e+01
3.510000000000000000e+02 3.740000063180923462e+01
3.520000000000000000e+02 3.760000063478946686e+01
3.530000000000000000e+02 3.800000064074993134e+01
3.540000000000000000e+02 3.820000064373016357e+01
3.550000000000000000e+02 3.820000064373016357e+01
3.560000000000000000e+02 3.820000064373016357e+01
3.570000000000000000e+02 3.840000064671039581e+01
3.580000000000000000e+02 3.860000064969062805e+01
3.590000000000000000e+02 3.860000064969062805e+01
3.600000000000000000e+02 3.860000064969062805e+01
3.610000000000000000e+02 3.860000064969062805e+01
3.620000000000000000e+02 3.860000064969062805e+01
3.630000000000000000e+02 3.860000064969062805e+01
3.640000000000000000e+02 3.920000067353248596e+01
3.650000000000000000e+02 3.920000067353248596e+01
3.660000000000000000e+02 3.920000067353248596e+01
3.670000000000000000e+02 3.920000067353248596e+01
3.680000000000000000e+02 3.940000067651271820e+01
3.690000000000000000e+02 3.940000067651271820e+01
3.700000000000000000e+02 3.940000067651271820e+01
3.710000000000000000e+02 3.960000067949295044e+01
3.720000000000000000e+02 3.960000067949295044e+01
3.730000000000000000e+02 3.960000067949295044e+01
3.740000000000000000e+02 3.960000067949295044e+01
3.750000000000000000e+02 3.980000068247318268e+01
3.760000000000000000e+02 4.020000068843364716e+01
3.770000000000000000e+02 4.060000069439411163e+01
3.780000000000000000e+02 4.120000071823596954e+01
3.790000000000000000e+02 4.160000072419643402e+01
3.800000000000000000e+02 4.160000072419643402e+01
3.810000000000000000e+02 4.200000073015689850e+01
3.820000000000000000e+02 4.200000073015689850e+01
3.830000000000000000e+02 4.220000073313713074e+01
3.840000000000000000e+02 4.240000073611736298e+01
3.850000000000000000e+02 4.260000073909759521e+01
3.860000000000000000e+02 4.260000073909759521e+01
3.870000000000000000e+02 4.260000073909759521e+01
3.880000000000000000e+02 4.280000074207782745e+01
3.890000000000000000e+02 4.340000076591968536e+01
3.900000000000000000e+02 4.360000076889991760e+01
3.910000000000000000e+02 4.360000076889991760e+01
3.920000000000000000e+02 4.380000077188014984e+01
3.930000000000000000e+02 4.420000077784061432e+01
3.940000000000000000e+02 4.420000077784061432e+01
3.950000000000000000e+02 4.420000077784061432e+01
3.960000000000000000e+02 4.420000077784061432e+01
3.970000000000000000e+02 4.420000077784061432e+01
3.980000000000000000e+02 4.420000077784061432e+01
3.990000000000000000e+02 4.420000077784061432e+01
4.000000000000000000e+02 4.460000078380107880e+01
4.010000000000000000e+02 4.500000078976154327e+01
4.020000000000000000e+02 4.500000078976154327e+01
4.030000000000000000e+02 4.540000079572200775e+01
4.040000000000000000e+02 4.540000079572200775e+01
4.050000000000000000e+02 4.560000079870223999e+01
4.060000000000000000e+02 4.560000079870223999e+01
4.070000000000000000e+02 4.600000080466270447e+01
4.080000000000000000e+02 4.600000080466270447e+01
4.090000000000000000e+02 4.600000080466270447e+01
4.100000000000000000e+02 4.620000080764293671e+01
4.110000000000000000e+02 4.620000080764293671e+01
4.120000000000000000e+02 4.640000081062316895e+01
4.130000000000000000e+02 4.680000081658363342e+01
4.140000000000000000e+02 4.720000082254409790e+01
4.150000000000000000e+02 4.740000082552433014e+01
4.160000000000000000e+02 4.760000082850456238e+01
4.170000000000000000e+02 4.760000082850456238e+01
4.180000000000000000e+02 4.760000082850456238e+01
4.190000000000000000e+02 4.760000082850456238e+01
4.200000000000000000e+02 4.760000082850456238e+01
4.210000000000000000e+02 4.780000083148479462e+01
4.220000000000000000e+02 4.800000083446502686e+01
4.230000000000000000e+02 4.800000083446502686e+01
4.240000000000000000e+02 4.800000083446502686e+01
4.250000000000000000e+02 4.820000083744525909e+01
4.260000000000000000e+02 4.840000084042549133e+01
4.270000000000000000e+02 4.860000084340572357e+01
4.280000000000000000e+02 4.860000084340572357e+01
4.290000000000000000e+02 4.880000084638595581e+01
4.300000000000000000e+02 4.880000084638595581e+01
4.310000000000000000e+02 4.880000084638595581e+01
4.320000000000000000e+02 4.900000084936618805e+01
4.330000000000000000e+02 4.920000085234642029e+01
4.340000000000000000e+02 4.920000085234642029e+01
4.350000000000000000e+02 4.920000085234642029e+01
4.360000000000000000e+02 4.920000085234642029e+01
4.370000000000000000e+02 4.980000087618827820e+01
4.380000000000000000e+02 4.980000087618827820e+01
4.390000000000000000e+02 4.980000087618827820e+01
4.400000000000000000e+02 4.980000087618827820e+01
4.410000000000000000e+02 4.980000087618827820e+01
4.420000000000000000e+02 4.980000087618827820e+01
4.430000000000000000e+02 4.980000087618827820e+01
4.440000000000000000e+02 4.980000087618827820e+01
4.450000000000000000e+02 4.980000087618827820e+01
4.460000000000000000e+02 4.980000087618827820e+01
4.470000000000000000e+02 5.000000087916851044e+01
4.480000000000000000e+02 5.040000088512897491e+01
4.490000000000000000e+02 5.040000088512897491e+01
4.500000000000000000e+02 5.040000088512897491e+01
4.510000000000000000e+02 5.060000088810920715e+01
4.520000000000000000e+02 5.080000089108943939e+01
4.530000000000000000e+02 5.100000089406967163e+01
4.540000000000000000e+02 5.120000089704990387e+01
4.550000000000000000e+02 5.120000089704990387e+01
4.560000000000000000e+02 5.120000089704990387e+01
4.570000000000000000e+02 5.120000089704990387e+01
4.580000000000000000e+02 5.160000090301036835e+01
4.590000000000000000e+02 5.160000090301036835e+01
4.600000000000000000e+02 5.160000090301036835e+01
4.610000000000000000e+02 5.200000090897083282e+01
4.620000000000000000e+02 5.240000091493129730e+01
4.630000000000000000e+02 5.240000091493129730e+01
4.640000000000000000e+02 5.260000091791152954e+01
4.650000000000000000e+02 5.300000092387199402e+01
4.660000000000000000e+02 5.320000092685222626e+01
4.670000000000000000e+02 5.320000092685222626e+01
4.680000000000000000e+02 5.340000092983245850e+01
4.690000000000000000e+02 5.340000092983245850e+01
4.700000000000000000e+02 5.340000092983245850e+01
4.710000000000000000e+02 5.340000092983245850e+01
4.720000000000000000e+02 5.340000092983245850e+01
4.730000000000000000e+02 5.380000093579292297e+01
4.740000000000000000e+02 5.400000093877315521e+01
4.750000000000000000e+02 5.400000093877315521e+01
4.760000000000000000e+02 5.420000094175338745e+01
4.770000000000000000e+02 5.460000094771385193e+01
4.780000000000000000e+02 5.480000095069408417e+01
4.790000000000000000e+02 5.520000095665454865e+01
4.800000000000000000e+02 5.520000095665454865e+01
4.810000000000000000e+02 5.520000095665454865e+01
4.820000000000000000e+02 5.520000095665454865e+01
4.830000000000000000e+02 5.540000095963478088e+01
4.840000000000000000e+02 5.560000096261501312e+01
4.850000000000000000e+02 5.600000096857547760e+01
4.860000000000000000e+02 5.620000097155570984e+01
4.870000000000000000e+02 5.640000097453594208e+01
4.880000000000000000e+02 5.660000097751617432e+01
4.890000000000000000e+02 5.660000097751617432e+01
4.900000000000000000e+02 5.680000098049640656e+01
4.910000000000000000e+02 5.680000098049640656e+01
4.920000000000000000e+02 5.680000098049640656e+01
4.930000000000000000e+02 5.680000098049640656e+01
4.940000000000000000e+02 5.700000098347663879e+01
4.950000000000000000e+02 5.720000098645687103e+01
4.960000000000000000e+02 5.720000098645687103e+01
4.970000000000000000e+02 5.760000099241733551e+01
4.980000000000000000e+02 5.780000099539756775e+01
4.990000000000000000e+02 5.800000099837779999e+01
5.000000000000000000e+02 5.820000100135803223e+01
5.010000000000000000e+02 5.840000100433826447e+01
5.020000000000000000e+02 5.840000100433826447e+01
5.030000000000000000e+02 5.880000101029872894e+01
5.040000000000000000e+02 5.880000101029872894e+01
5.050000000000000000e+02 5.880000101029872894e+01
5.060000000000000000e+02 5.880000101029872894e+01
5.070000000000000000e+02 5.880000101029872894e+01
5.080000000000000000e+02 5.900000101327896118e+01
5.090000000000000000e+02 5.960000103712081909e+01
5.100000000000000000e+02 5.960000103712081909e+01
5.110000000000000000e+02 5.980000104010105133e+01
5.120000000000000000e+02 5.980000104010105133e+01
5.130000000000000000e+02 5.980000104010105133e+01
5.140000000000000000e+02 5.980000104010105133e+01
5.150000000000000000e+02 6.000000104308128357e+01
5.160000000000000000e+02 6.000000104308128357e+01
5.170000000000000000e+02 6.000000104308128357e+01
5.180000000000000000e+02 6.000000104308128357e+01
5.190000000000000000e+02 6.000000104308128357e+01
5.200000000000000000e+02 6.040000104904174805e+01
5.210000000000000000e+02 6.060000105202198029e+01
5.220000000000000000e+02 6.100000105798244476e+01
5.230000000000000000e+02 6.120000106096267700e+01
5.240000000000000000e+02 6.140000106394290924e+01
5.250000000000000000e+02 6.160000106692314148e+01
5.260000000000000000e+02 6.160000106692314148e+01
5.270000000000000000e+02 6.160000106692314148e+01
5.280000000000000000e+02 6.160000106692314148e+01
5.290000000000000000e+02 6.160000106692314148e+01
5.300000000000000000e+02 6.160000106692314148e+01
5.310000000000000000e+02 6.160000106692314148e+01
5.320000000000000000e+02 6.180000106990337372e+01
5.330000000000000000e+02 6.240000109374523163e+01
5.340000000000000000e+02 6.260000109672546387e+01
5.350000000000000000e+02 6.280000109970569611e+01
5.360000000000000000e+02 6.300000110268592834e+01
5.370000000000000000e+02 6.340000110864639282e+01
5.380000000000000000e+02 6.340000110864639282e+01
5.390000000000000000e+02 6.340000110864639282e+01
5.400000000000000000e+02 6.340000110864639282e+01
5.410000000000000000e+02 6.340000110864639282e+01
5.420000000000000000e+02 6.340000110864639282e+01
5.430000000000000000e+02 6.340000110864639282e+01
5.440000000000000000e+02 6.380000111460685730e+01
5.450000000000000000e+02 6.400000111758708954e+01
5.460000000000000000e+02 6.460000114142894745e+01
5.470000000000000000e+02 6.480000114440917969e+01
5.480000000000000000e+02 6.480000114440917969e+01
5.490000000000000000e+02 6.480000114440917969e+01
5.500000000000000000e+02 6.480000114440917969e+01
5.510000000000000000e+02 6.480000114440917969e+01
5.520000000000000000e+02 6.480000114440917969e+01
5.530000000000000000e+02 6.500000114738941193e+01
5.540000000000000000e+02 6.500000114738941193e+01
5.550000000000000000e+02 6.500000114738941193e+01
5.560000000000000000e+02 6.500000114738941193e+01
5.570000000000000000e+02 6.520000115036964417e+01
5.580000000000000000e+02 6.520000115036964417e+01
5.590000000000000000e+02 6.520000115036964417e+01
5.600000000000000000e+02 6.520000115036964417e+01
5.610000000000000000e+02 6.520000115036964417e+01
5.620000000000000000e+02 6.520000115036964417e+01
5.630000000000000000e+02 6.520000115036964417e+01
5.640000000000000000e+02 6.520000115036964417e+01
5.650000000000000000e+02 6.520000115036964417e+01
5.660000000000000000e+02 6.520000115036964417e+01
5.670000000000000000e+02 6.520000115036964417e+01
5.680000000000000000e+02 6.540000115334987640e+01
5.690000000000000000e+02 6.560000115633010864e+01
5.700000000000000000e+02 6.560000115633010864e+01
5.710000000000000000e+02 6.580000115931034088e+01
5.720000000000000000e+02 6.600000116229057312e+01
5.730000000000000000e+02 6.600000116229057312e+01
5.740000000000000000e+02 6.600000116229057312e+01
5.750000000000000000e+02 6.600000116229057312e+01
5.760000000000000000e+02 6.600000116229057312e+01
5.770000000000000000e+02 6.600000116229057312e+01
5.780000000000000000e+02 6.600000116229057312e+01
5.790000000000000000e+02 6.620000116527080536e+01
5.800000000000000000e+02 6.640000116825103760e+01
5.810000000000000000e+02 6.640000116825103760e+01
5.820000000000000000e+02 6.640000116825103760e+01
5.830000000000000000e+02 6.640000116825103760e+01
5.840000000000000000e+02 6.640000116825103760e+01
5.850000000000000000e+02 6.660000117123126984e+01
5.860000000000000000e+02 6.680000117421150208e+01
5.870000000000000000e+02 6.680000117421150208e+01
5.880000000000000000e+02 6.680000117421150208e+01
5.890000000000000000e+02 6.680000117421150208e+01
5.900000000000000000e+02 6.700000117719173431e+01
5.910000000000000000e+02 6.720000118017196655e+01
5.920000000000000000e+02 6.720000118017196655e+01
5.930000000000000000e+02 6.720000118017196655e+01
5.940000000000000000e+02 6.720000118017196655e+01
5.950000000000000000e+02 6.720000118017196655e+01
5.960000000000000000e+02 6.720000118017196655e+01
5.970000000000000000e+02 6.720000118017196655e+01
5.980000000000000000e+02 6.720000118017196655e+01
5.990000000000000000e+02 6.720000118017196655e+01
6.000000000000000000e+02 6.720000118017196655e+01
6.010000000000000000e+02 6.720000118017196655e+01
6.020000000000000000e+02 6.720000118017196655e+01
6.030000000000000000e+02 6.720000118017196655e+01
6.040000000000000000e+02 6.720000118017196655e+01
6.050000000000000000e+02 6.720000118017196655e+01
6.060000000000000000e+02 6.740000118315219879e+01
6.070000000000000000e+02 6.740000118315219879e+01
6.080000000000000000e+02 6.740000118315219879e+01
6.090000000000000000e+02 6.740000118315219879e+01
6.100000000000000000e+02 6.740000118315219879e+01
6.110000000000000000e+02 6.740000118315219879e+01
6.120000000000000000e+02 6.740000118315219879e+01
6.130000000000000000e+02 6.740000118315219879e+01
6.140000000000000000e+02 6.740000118315219879e+01
6.150000000000000000e+02 6.760000118613243103e+01
6.160000000000000000e+02 6.760000118613243103e+01
6.170000000000000000e+02 6.780000118911266327e+01
6.180000000000000000e+02 6.780000118911266327e+01
6.190000000000000000e+02 6.800000119209289551e+01
6.200000000000000000e+02 6.800000119209289551e+01
6.210000000000000000e+02 6.800000119209289551e+01
6.220000000000000000e+02 6.800000119209289551e+01
6.230000000000000000e+02 6.800000119209289551e+01
6.240000000000000000e+02 6.800000119209289551e+01
6.250000000000000000e+02 6.800000119209289551e+01
6.260000000000000000e+02 6.820000119507312775e+01
6.270000000000000000e+02 6.820000119507312775e+01
6.280000000000000000e+02 6.820000119507312775e+01
6.290000000000000000e+02 6.820000119507312775e+01
6.300000000000000000e+02 6.840000119805335999e+01
6.310000000000000000e+02 6.840000119805335999e+01
6.320000000000000000e+02 6.840000119805335999e+01
6.330000000000000000e+02 6.840000119805335999e+01
6.340000000000000000e+02 6.840000119805335999e+01
6.350000000000000000e+02 6.860000120103359222e+01
6.360000000000000000e+02 6.880000120401382446e+01
6.370000000000000000e+02 6.880000120401382446e+01
6.380000000000000000e+02 6.880000120401382446e+01
6.390000000000000000e+02 6.880000120401382446e+01
6.400000000000000000e+02 6.880000120401382446e+01
6.410000000000000000e+02 6.920000120997428894e+01
6.420000000000000000e+02 6.920000120997428894e+01
6.430000000000000000e+02 6.920000120997428894e+01
6.440000000000000000e+02 6.920000120997428894e+01
6.450000000000000000e+02 6.920000120997428894e+01
6.460000000000000000e+02 6.940000121295452118e+01
6.470000000000000000e+02 6.940000121295452118e+01
6.480000000000000000e+02 6.940000121295452118e+01
6.490000000000000000e+02 6.940000121295452118e+01
6.500000000000000000e+02 6.960000121593475342e+01
6.510000000000000000e+02 6.960000121593475342e+01
6.520000000000000000e+02 6.960000121593475342e+01
6.530000000000000000e+02 6.960000121593475342e+01
6.540000000000000000e+02 6.960000121593475342e+01
6.550000000000000000e+02 6.960000121593475342e+01
6.560000000000000000e+02 7.000000122189521790e+01
6.570000000000000000e+02 7.000000122189521790e+01
6.580000000000000000e+02 7.000000122189521790e+01
6.590000000000000000e+02 7.000000122189521790e+01
6.600000000000000000e+02 7.000000122189521790e+01
6.610000000000000000e+02 7.000000122189521790e+01
6.620000000000000000e+02 7.000000122189521790e+01
6.630000000000000000e+02 7.020000122487545013e+01
6.640000000000000000e+02 7.020000122487545013e+01
6.650000000000000000e+02 7.020000122487545013e+01
6.660000000000000000e+02 7.020000122487545013e+01
6.670000000000000000e+02 7.020000122487545013e+01
6.680000000000000000e+02 7.020000122487545013e+01
6.690000000000000000e+02 7.020000122487545013e+01
6.700000000000000000e+02 7.040000122785568237e+01
6.710000000000000000e+02 7.040000122785568237e+01
6.720000000000000000e+02 7.040000122785568237e+01
6.730000000000000000e+02 7.040000122785568237e+01
6.740000000000000000e+02 7.040000122785568237e+01
6.750000000000000000e+02 7.040000122785568237e+01
6.760000000000000000e+02 7.060000123083591461e+01
6.770000000000000000e+02 7.060000123083591461e+01
6.780000000000000000e+02 7.080000123381614685e+01
6.790000000000000000e+02 7.100000123679637909e+01
6.800000000000000000e+02 7.100000123679637909e+01
6.810000000000000000e+02 7.100000123679637909e+01
6.820000000000000000e+02 7.100000123679637909e+01
6.830000000000000000e+02 7.100000123679637909e+01
6.840000000000000000e+02 7.120000123977661133e+01
6.850000000000000000e+02 7.120000123977661133e+01
6.860000000000000000e+02 7.120000123977661133e+01
6.870000000000000000e+02 7.120000123977661133e+01
6.880000000000000000e+02 7.120000123977661133e+01
6.890000000000000000e+02 7.140000124275684357e+01
6.900000000000000000e+02 7.160000124573707581e+01
6.910000000000000000e+02 7.160000124573707581e+01
6.920000000000000000e+02 7.160000124573707581e+01
6.930000000000000000e+02 7.160000124573707581e+01
6.940000000000000000e+02 7.160000124573707581e+01
6.950000000000000000e+02 7.160000124573707581e+01
6.960000000000000000e+02 7.160000124573707581e+01
6.970000000000000000e+02 7.180000124871730804e+01
6.980000000000000000e+02 7.180000124871730804e+01
6.990000000000000000e+02 7.200000125169754028e+01
7.000000000000000000e+02 7.200000125169754028e+01
7.010000000000000000e+02 7.200000125169754028e+01
7.020000000000000000e+02 7.220000125467777252e+01
7.030000000000000000e+02 7.220000125467777252e+01
7.040000000000000000e+02 7.220000125467777252e+01
7.050000000000000000e+02 7.220000125467777252e+01
7.060000000000000000e+02 7.220000125467777252e+01
7.070000000000000000e+02 7.220000125467777252e+01
7.080000000000000000e+02 7.240000125765800476e+01
7.090000000000000000e+02 7.240000125765800476e+01
7.100000000000000000e+02 7.260000126063823700e+01
7.110000000000000000e+02 7.260000126063823700e+01
7.120000000000000000e+02 7.260000126063823700e+01
7.130000000000000000e+02 7.280000126361846924e+01
7.140000000000000000e+02 7.280000126361846924e+01
7.150000000000000000e+02 7.280000126361846924e+01
7.160000000000000000e+02 7.280000126361846924e+01
7.170000000000000000e+02 7.280000126361846924e+01
7.180000000000000000e+02 7.280000126361846924e+01
7.190000000000000000e+02 7.280000126361846924e+01
7.200000000000000000e+02 7.280000126361846924e+01
7.210000000000000000e+02 7.280000126361846924e+01
7.220000000000000000e+02 7.280000126361846924e+01
7.230000000000000000e+02 7.280000126361846924e+01
7.240000000000000000e+02 7.300000126659870148e+01
7.250000000000000000e+02 7.300000126659870148e+01
7.260000000000000000e+02 7.300000126659870148e+01
7.270000000000000000e+02 7.300000126659870148e+01
7.280000000000000000e+02 7.300000126659870148e+01
7.290000000000000000e+02 7.300000126659870148e+01
7.300000000000000000e+02 7.300000126659870148e+01
7.310000000000000000e+02 7.300000126659870148e+01
7.320000000000000000e+02 7.300000126659870148e+01
7.330000000000000000e+02 7.300000126659870148e+01
7.340000000000000000e+02 7.300000126659870148e+01
7.350000000000000000e+02 7.320000126957893372e+01
7.360000000000000000e+02 7.320000126957893372e+01
7.370000000000000000e+02 7.340000127255916595e+01
7.380000000000000000e+02 7.340000127255916595e+01
7.390000000000000000e+02 7.380000127851963043e+01
7.400000000000000000e+02 7.380000127851963043e+01
7.410000000000000000e+02 7.380000127851963043e+01
7.420000000000000000e+02 7.380000127851963043e+01
7.430000000000000000e+02 7.380000127851963043e+01
7.440000000000000000e+02 7.400000128149986267e+01
7.450000000000000000e+02 7.400000128149986267e+01
7.460000000000000000e+02 7.420000128448009491e+01
7.470000000000000000e+02 7.420000128448009491e+01
7.480000000000000000e+02 7.420000128448009491e+01
7.490000000000000000e+02 7.420000128448009491e+01
7.500000000000000000e+02 7.440000128746032715e+01
7.510000000000000000e+02 7.440000128746032715e+01
7.520000000000000000e+02 7.480000129342079163e+01
7.530000000000000000e+02 7.480000129342079163e+01
7.540000000000000000e+02 7.480000129342079163e+01
7.550000000000000000e+02 7.480000129342079163e+01
7.560000000000000000e+02 7.480000129342079163e+01
7.570000000000000000e+02 7.480000129342079163e+01
7.580000000000000000e+02 7.480000129342079163e+01
7.590000000000000000e+02 7.480000129342079163e+01
7.600000000000000000e+02 7.520000129938125610e+01
7.610000000000000000e+02 7.540000130236148834e+01
7.620000000000000000e+02 7.560000130534172058e+01
7.630000000000000000e+02 7.560000130534172058e+01
7.640000000000000000e+02 7.560000130534172058e+01
7.650000000000000000e+02 7.560000130534172058e+01
7.660000000000000000e+02 7.560000130534172058e+01
7.670000000000000000e+02 7.560000130534172058e+01
7.680000000000000000e+02 7.600000131130218506e+01
7.690000000000000000e+02 7.600000131130218506e+01
7.700000000000000000e+02 7.600000131130218506e+01
7.710000000000000000e+02 7.620000131428241730e+01
7.720000000000000000e+02 7.620000131428241730e+01
7.730000000000000000e+02 7.620000131428241730e+01
7.740000000000000000e+02 7.620000131428241730e+01
7.750000000000000000e+02 7.640000131726264954e+01
7.760000000000000000e+02 7.660000132024288177e+01
7.770000000000000000e+02 7.700000132620334625e+01
7.780000000000000000e+02 7.700000132620334625e+01
7.790000000000000000e+02 7.700000132620334625e+01
7.800000000000000000e+02 7.700000132620334625e+01
7.810000000000000000e+02 7.700000132620334625e+01
7.820000000000000000e+02 7.700000132620334625e+01
7.830000000000000000e+02 7.700000132620334625e+01
7.840000000000000000e+02 7.720000132918357849e+01
7.850000000000000000e+02 7.720000132918357849e+01
7.860000000000000000e+02 7.720000132918357849e+01
7.870000000000000000e+02 7.720000132918357849e+01
7.880000000000000000e+02 7.780000135302543640e+01
7.890000000000000000e+02 7.780000135302543640e+01
7.900000000000000000e+02 7.780000135302543640e+01
7.910000000000000000e+02 7.780000135302543640e+01
7.920000000000000000e+02 7.780000135302543640e+01
7.930000000000000000e+02 7.780000135302543640e+01
7.940000000000000000e+02 7.780000135302543640e+01
7.950000000000000000e+02 7.780000135302543640e+01
7.960000000000000000e+02 7.780000135302543640e+01
7.970000000000000000e+02 7.820000135898590088e+01
7.980000000000000000e+02 7.820000135898590088e+01
7.990000000000000000e+02 7.820000135898590088e+01
8.000000000000000000e+02 7.820000135898590088e+01
8.010000000000000000e+02 7.840000136196613312e+01
8.020000000000000000e+02 7.840000136196613312e+01
8.030000000000000000e+02 7.860000136494636536e+01
8.040000000000000000e+02 7.860000136494636536e+01
8.050000000000000000e+02 7.860000136494636536e+01
8.060000000000000000e+02 7.880000136792659760e+01
8.070000000000000000e+02 7.900000137090682983e+01
8.080000000000000000e+02 7.920000137388706207e+01
8.090000000000000000e+02 7.920000137388706207e+01
8.100000000000000000e+02 7.940000137686729431e+01
8.110000000000000000e+02 7.940000137686729431e+01
8.120000000000000000e+02 7.960000137984752655e+01
8.130000000000000000e+02 8.000000138580799103e+01
8.140000000000000000e+02 8.020000138878822327e+01
8.150000000000000000e+02 8.020000138878822327e+01
8.160000000000000000e+02 8.020000138878822327e+01
8.170000000000000000e+02 8.020000138878822327e+01
8.180000000000000000e+02 8.040000139176845551e+01
8.190000000000000000e+02 8.040000139176845551e+01
8.200000000000000000e+02 8.040000139176845551e+01
8.210000000000000000e+02 8.040000139176845551e+01
8.220000000000000000e+02 8.060000139474868774e+01
8.230000000000000000e+02 8.060000139474868774e+01
8.240000000000000000e+02 8.060000139474868774e+01
8.250000000000000000e+02 8.060000139474868774e+01
8.260000000000000000e+02 8.060000139474868774e+01
8.270000000000000000e+02 8.080000139772891998e+01
8.280000000000000000e+02 8.100000140070915222e+01
8.290000000000000000e+02 8.100000140070915222e+01
8.300000000000000000e+02 8.100000140070915222e+01
8.310000000000000000e+02 8.100000140070915222e+01
8.320000000000000000e+02 8.100000140070915222e+01
8.330000000000000000e+02 8.120000140368938446e+01
8.340000000000000000e+02 8.120000140368938446e+01
8.350000000000000000e+02 8.140000140666961670e+01
8.360000000000000000e+02 8.160000140964984894e+01
8.370000000000000000e+02 8.180000141263008118e+01
8.380000000000000000e+02 8.180000141263008118e+01
8.390000000000000000e+02 8.200000141561031342e+01
8.400000000000000000e+02 8.220000141859054565e+01
8.410000000000000000e+02 8.220000141859054565e+01
8.420000000000000000e+02 8.220000141859054565e+01
8.430000000000000000e+02 8.220000141859054565e+01
8.440000000000000000e+02 8.240000142157077789e+01
8.450000000000000000e+02 8.240000142157077789e+01
8.460000000000000000e+02 8.240000142157077789e+01
8.470000000000000000e+02 8.260000142455101013e+01
8.480000000000000000e+02 8.280000142753124237e+01
8.490000000000000000e+02 8.280000142753124237e+01
8.500000000000000000e+02 8.280000142753124237e+01
8.510000000000000000e+02 8.280000142753124237e+01
8.520000000000000000e+02 8.300000143051147461e+01
8.530000000000000000e+02 8.300000143051147461e+01
8.540000000000000000e+02 8.300000143051147461e+01
8.550000000000000000e+02 8.300000143051147461e+01
8.560000000000000000e+02 8.320000143349170685e+01
8.570000000000000000e+02 8.340000143647193909e+01
8.580000000000000000e+02 8.360000143945217133e+01
8.590000000000000000e+02 8.360000143945217133e+01
8.600000000000000000e+02 8.360000143945217133e+01
8.610000000000000000e+02 8.380000144243240356e+01
8.620000000000000000e+02 8.380000144243240356e+01
8.630000000000000000e+02 8.400000144541263580e+01
8.640000000000000000e+02 8.420000144839286804e+01
8.650000000000000000e+02 8.420000144839286804e+01
8.660000000000000000e+02 8.420000144839286804e+01
8.670000000000000000e+02 8.420000144839286804e+01
8.680000000000000000e+02 8.440000145137310028e+01
8.690000000000000000e+02 8.460000145435333252e+01
8.700000000000000000e+02 8.460000145435333252e+01
8.710000000000000000e+02 8.480000145733356476e+01
8.720000000000000000e+02 8.520000146329402924e+01
8.730000000000000000e+02 8.520000146329402924e+01
8.740000000000000000e+02 8.560000146925449371e+01
8.750000000000000000e+02 8.560000146925449371e+01
8.760000000000000000e+02 8.560000146925449371e+01
8.770000000000000000e+02 8.560000146925449371e+01
8.780000000000000000e+02 8.560000146925449371e+01
8.790000000000000000e+02 8.600000147521495819e+01
8.800000000000000000e+02 8.600000147521495819e+01
8.810000000000000000e+02 8.620000147819519043e+01
8.820000000000000000e+02 8.660000148415565491e+01
8.830000000000000000e+02 8.660000148415565491e+01
8.840000000000000000e+02 8.660000148415565491e+01
8.850000000000000000e+02 8.680000148713588715e+01
8.860000000000000000e+02 8.680000148713588715e+01
8.870000000000000000e+02 8.680000148713588715e+01
8.880000000000000000e+02 8.680000148713588715e+01
8.890000000000000000e+02 8.680000148713588715e+01
8.900000000000000000e+02 8.680000148713588715e+01
8.910000000000000000e+02 8.700000149011611938e+01
8.920000000000000000e+02 8.740000149607658386e+01
8.930000000000000000e+02 8.760000149905681610e+01
8.940000000000000000e+02 8.760000149905681610e+01
8.950000000000000000e+02 8.780000150203704834e+01
8.960000000000000000e+02 8.780000150203704834e+01
8.970000000000000000e+02 8.780000150203704834e+01
8.980000000000000000e+02 8.780000150203704834e+01
8.990000000000000000e+02 8.800000150501728058e+01
9.000000000000000000e+02 8.800000150501728058e+01
