0.000000000000000000e+00 0.000000000000000000e+00
1.000000000000000000e+00 0.000000000000000000e+00
2.000000000000000000e+00 8.000000119209289551e-01
3.000000000000000000e+00 1.800000011920928955e+00
4.000000000000000000e+00 2.800000011920928955e+00
5.000000000000000000e+00 3.400000035762786865e+00
6.000000000000000000e+00 4.600000083446502686e+00
7.000000000000000000e+00 5.000000089406967163e+00
8.000000000000000000e+00 5.000000089406967163e+00
9.000000000000000000e+00 5.000000089406967163e+00
1.000000000000000000e+01 5.000000089406967163e+00
1.100000000000000000e+01 5.000000089406967163e+00
1.200000000000000000e+01 5.000000089406967163e+00
1.300000000000000000e+01 5.000000089406967163e+00
1.400000000000000000e+01 5.600000113248825073e+00
1.500000000000000000e+01 6.600000113248825073e+00
1.600000000000000000e+01 7.800000160932540894e+00
1.700000000000000000e+01 8.600000172853469849e+00
1.800000000000000000e+01 9.800000220537185669e+00
1.900000000000000000e+01 1.000000022351741791e+01
2.000000000000000000e+01 1.000000022351741791e+01
2.100000000000000000e+01 1.000000022351741791e+01
2.200000000000000000e+01 1.000000022351741791e+01
2.300000000000000000e+01 1.000000022351741791e+01
2.400000000000000000e+01 1.000000022351741791e+01
2.500000000000000000e+01 1.000000022351741791e+01
2.600000000000000000e+01 1.120000027120113373e+01
2.700000000000000000e+01 1.220000027120113373e+01
2.800000000000000000e+01 1.300000028312206268e+01
2.900000000000000000e+01 1.380000029504299164e+01
3.000000000000000000e+01 1.460000030696392059e+01
3.100000000000000000e+01 1.480000030994415283e+01
3.200000000000000000e+01 1.480000030994415283e+01
3.300000000000000000e+01 1.480000030994415283e+01
3.400000000000000000e+01 1.480000030994415283e+01
3.500000000000000000e+01 1.480000030994415283e+01
3.600000000000000000e+01 1.480000030994415283e+01
3.700000000000000000e+01 1.480000030994415283e+01
3.800000000000000000e+01 1.540000033378601074e+01
3.900000000000000000e+01 1.680000030994415283e+01
4.000000000000000000e+01 1.780000030994415283e+01
4.100000000000000000e+01 1.860000032186508179e+01
4.200000000000000000e+01 1.940000033378601074e+01
4.300000000000000000e+01 1.960000033676624298e+01
4.400000000000000000e+01 1.960000033676624298e+01
4.500000000000000000e+01 1.960000033676624298e+01
4.600000000000000000e+01 1.960000033676624298e+01
4.700000000000000000e+01 1.960000033676624298e+01
4.800000000000000000e+01 1.960000033676624298e+01
4.900000000000000000e+01 1.960000033676624298e+01
5.000000000000000000e+01 2.080000038444995880e+01
5.100000000000000000e+01 2.200000043213367462e+01
5.200000000000000000e+01 2.260000045597553253e+01
5.300000000000000000e+01 2.360000045597553253e+01
5.400000000000000000e+01 2.420000047981739044e+01
5.500000000000000000e+01 2.440000048279762268e+01
5.600000000000000000e+01 2.440000048279762268e+01
5.700000000000000000e+01 2.440000048279762268e+01
5.800000000000000000e+01 2.440000048279762268e+01
5.900000000000000000e+01 2.440000048279762268e+01
6.000000000000000000e+01 2.440000048279762268e+01
6.100000000000000000e+01 2.440000048279762268e+01
6.200000000000000000e+01 2.520000049471855164e+01
6.300000000000000000e+01 2.600000050663948059e+01
6.400000000000000000e+01 2.620000050961971283e+01
6.500000000000000000e+01 2.720000050961971283e+01
6.600000000000000000e+01 2.860000048577785492e+01
6.700000000000000000e+01 2.900000049173831940e+01
6.800000000000000000e+01 2.900000049173831940e+01
6.900000000000000000e+01 2.900000049173831940e+01
7.000000000000000000e+01 2.900000049173831940e+01
7.100000000000000000e+01 2.900000049173831940e+01
7.200000000000000000e+01 2.900000049173831940e+01
7.300000000000000000e+01 2.900000049173831940e+01
7.400000000000000000e+01 2.960000051558017731e+01
7.500000000000000000e+01 3.100000049173831940e+01
7.600000000000000000e+01 3.180000050365924835e+01
7.700000000000000000e+01 3.240000052750110626e+01
7.800000000000000000e+01 3.320000053942203522e+01
7.900000000000000000e+01 3.380000056326389313e+01
8.000000000000000000e+01 3.380000056326389313e+01
8.100000000000000000e+01 3.380000056326389313e+01
8.200000000000000000e+01 3.380000056326389313e+01
8.300000000000000000e+01 3.380000056326389313e+01
8.400000000000000000e+01 3.380000056326389313e+01
8.500000000000000000e+01 3.380000056326389313e+01
8.600000000000000000e+01 3.480000056326389313e+01
8.700000000000000000e+01 3.520000056922435760e+01
8.800000000000000000e+01 3.660000054538249969e+01
8.900000000000000000e+01 3.800000052154064178e+01
9.000000000000000000e+01 3.820000052452087402e+01
9.100000000000000000e+01 3.840000052750110626e+01
9.200000000000000000e+01 3.840000052750110626e+01
9.300000000000000000e+01 3.840000052750110626e+01
9.400000000000000000e+01 3.840000052750110626e+01
9.500000000000000000e+01 3.840000052750110626e+01
9.600000000000000000e+01 3.840000052750110626e+01
9.700000000000000000e+01 3.840000052750110626e+01
9.800000000000000000e+01 3.880000053346157074e+01
9.900000000000000000e+01 4.000000058114528656e+01
1.000000000000000000e+02 4.080000059306621552e+01
1.010000000000000000e+02 4.200000064074993134e+01
1.020000000000000000e+02 4.260000066459178925e+01
1.030000000000000000e+02 4.280000066757202148e+01
1.040000000000000000e+02 4.280000066757202148e+01
1.050000000000000000e+02 4.280000066757202148e+01
1.060000000000000000e+02 4.280000066757202148e+01
1.070000000000000000e+02 4.280000066757202148e+01
1.080000000000000000e+02 4.280000066757202148e+01
1.090000000000000000e+02 4.280000066757202148e+01
1.100000000000000000e+02 4.300000067055225372e+01
1.110000000000000000e+02 4.400000067055225372e+01
1.120000000000000000e+02 4.480000068247318268e+01
1.130000000000000000e+02 4.540000070631504059e+01
1.140000000000000000e+02 4.720000065863132477e+01
1.150000000000000000e+02 4.760000066459178925e+01
1.160000000000000000e+02 4.760000066459178925e+01
1.170000000000000000e+02 4.760000066459178925e+01
1.180000000000000000e+02 4.760000066459178925e+01
1.190000000000000000e+02 4.760000066459178925e+01
1.200000000000000000e+02 4.760000066459178925e+01
1.210000000000000000e+02 4.760000066459178925e+01
1.220000000000000000e+02 4.880000071227550507e+01
1.230000000000000000e+02 4.940000073611736298e+01
1.240000000000000000e+02 5.020000074803829193e+01
1.250000000000000000e+02 5.140000079572200775e+01
1.260000000000000000e+02 5.200000081956386566e+01
1.270000000000000000e+02 5.220000082254409790e+01
1.280000000000000000e+02 5.220000082254409790e+01
1.290000000000000000e+02 5.220000082254409790e+01
1.300000000000000000e+02 5.220000082254409790e+01
1.310000000000000000e+02 5.220000082254409790e+01
1.320000000000000000e+02 5.220000082254409790e+01
1.330000000000000000e+02 5.220000082254409790e+01
1.340000000000000000e+02 5.280000084638595581e+01
1.350000000000000000e+02 5.400000089406967163e+01
1.360000000000000000e+02 5.500000089406967163e+01
1.370000000000000000e+02 5.600000089406967163e+01
1.380000000000000000e+02 5.700000089406967163e+01
1.390000000000000000e+02 5.720000089704990387e+01
1.400000000000000000e+02 5.720000089704990387e+01
1.410000000000000000e+02 5.720000089704990387e+01
1.420000000000000000e+02 5.720000089704990387e+01
1.430000000000000000e+02 5.720000089704990387e+01
1.440000000000000000e+02 5.720000089704990387e+01
1.450000000000000000e+02 5.720000089704990387e+01
1.460000000000000000e+02 5.760000090301036835e+01
1.470000000000000000e+02 5.920000092685222626e+01
1.480000000000000000e+02 6.080000095069408417e+01
1.490000000000000000e+02 6.120000095665454865e+01
1.500000000000000000e+02 6.200000096857547760e+01
1.510000000000000000e+02 6.200000096857547760e+01
1.520000000000000000e+02 6.200000096857547760e+01
1.530000000000000000e+02 6.200000096857547760e+01
1.540000000000000000e+02 6.200000096857547760e+01
1.550000000000000000e+02 6.200000096857547760e+01
1.560000000000000000e+02 6.200000096857547760e+01
1.570000000000000000e+02 6.200000096857547760e+01
1.580000000000000000e+02 6.320000101625919342e+01
1.590000000000000000e+02 6.440000106394290924e+01
1.600000000000000000e+02 6.500000108778476715e+01
1.610000000000000000e+02 6.580000109970569611e+01
1.620000000000000000e+02 6.640000112354755402e+01
1.630000000000000000e+02 6.720000113546848297e+01
1.640000000000000000e+02 6.720000113546848297e+01
1.650000000000000000e+02 6.720000113546848297e+01
1.660000000000000000e+02 6.720000113546848297e+01
1.670000000000000000e+02 6.720000113546848297e+01
1.680000000000000000e+02 6.720000113546848297e+01
1.690000000000000000e+02 6.720000113546848297e+01
1.700000000000000000e+02 6.800000114738941193e+01
1.710000000000000000e+02 6.880000115931034088e+01
1.720000000000000000e+02 6.960000117123126984e+01
1.730000000000000000e+02 7.040000118315219879e+01
1.740000000000000000e+02 7.140000118315219879e+01
1.750000000000000000e+02 7.180000118911266327e+01
1.760000000000000000e+02 7.180000118911266327e+01
1.770000000000000000e+02 7.180000118911266327e+01
1.780000000000000000e+02 7.180000118911266327e+01
1.790000000000000000e+02 7.180000118911266327e+01
1.800000000000000000e+02 7.180000118911266327e+01
1.810000000000000000e+02 7.180000118911266327e+01
1.820000000000000000e+02 7.220000119507312775e+01
1.830000000000000000e+02 7.320000119507312775e+01
1.840000000000000000e+02 7.400000120699405670e+01
1.850000000000000000e+02 7.500000120699405670e+01
1.860000000000000000e+02 7.520000120997428894e+01
1.870000000000000000e+02 7.520000120997428894e+01
1.880000000000000000e+02 7.520000120997428894e+01
1.890000000000000000e+02 7.520000120997428894e+01
1.900000000000000000e+02 7.520000120997428894e+01
1.910000000000000000e+02 7.520000120997428894e+01
1.920000000000000000e+02 7.520000120997428894e+01
1.930000000000000000e+02 7.520000120997428894e+01
1.940000000000000000e+02 7.580000123381614685e+01
1.950000000000000000e+02 7.660000124573707581e+01
1.960000000000000000e+02 7.800000122189521790e+01
1.970000000000000000e+02 7.860000124573707581e+01
1.980000000000000000e+02 7.860000124573707581e+01
1.990000000000000000e+02 7.860000124573707581e+01
2.000000000000000000e+02 7.860000124573707581e+01
2.010000000000000000e+02 7.860000124573707581e+01
2.020000000000000000e+02 7.860000124573707581e+01
2.030000000000000000e+02 7.860000124573707581e+01
2.040000000000000000e+02 7.860000124573707581e+01
2.050000000000000000e+02 7.860000124573707581e+01
2.060000000000000000e+02 7.940000125765800476e+01
2.070000000000000000e+02 8.040000125765800476e+01
2.080000000000000000e+02 8.140000125765800476e+01
2.090000000000000000e+02 8.220000126957893372e+01
2.100000000000000000e+02 8.220000126957893372e+01
2.110000000000000000e+02 8.220000126957893372e+01
2.120000000000000000e+02 8.220000126957893372e+01
2.130000000000000000e+02 8.220000126957893372e+01
2.140000000000000000e+02 8.220000126957893372e+01
2.150000000000000000e+02 8.220000126957893372e+01
2.160000000000000000e+02 8.220000126957893372e+01
2.170000000000000000e+02 8.220000126957893372e+01
2.180000000000000000e+02 8.300000128149986267e+01
2.190000000000000000e+02 8.440000125765800476e+01
2.200000000000000000e+02 8.520000126957893372e+01
2.210000000000000000e+02 8.580000129342079163e+01
2.220000000000000000e+02 8.580000129342079163e+01
2.230000000000000000e+02 8.580000129342079163e+01
2.240000000000000000e+02 8.580000129342079163e+01
2.250000000000000000e+02 8.580000129342079163e+01
2.260000000000000000e+02 8.580000129342079163e+01
2.270000000000000000e+02 8.580000129342079163e+01
2.280000000000000000e+02 8.580000129342079163e+01
2.290000000000000000e+02 8.580000129342079163e+01
2.300000000000000000e+02 8.640000131726264954e+01
2.310000000000000000e+02 8.700000134110450745e+01
2.320000000000000000e+02 8.780000135302543640e+01
2.330000000000000000e+02 8.880000135302543640e+01
2.340000000000000000e+02 8.940000137686729431e+01
2.350000000000000000e+02 8.940000137686729431e+01
2.360000000000000000e+02 8.940000137686729431e+01
2.370000000000000000e+02 8.940000137686729431e+01
2.380000000000000000e+02 8.940000137686729431e+01
2.390000000000000000e+02 8.940000137686729431e+01
2.400000000000000000e+02 8.940000137686729431e+01
2.410000000000000000e+02 8.940000137686729431e+01
2.420000000000000000e+02 9.000000140070915222e+01
2.430000000000000000e+02 9.100000140070915222e+01
2.440000000000000000e+02 9.180000141263008118e+01
2.450000000000000000e+02 9.300000146031379700e+01
2.460000000000000000e+02 9.320000146329402924e+01
2.470000000000000000e+02 9.320000146329402924e+01
2.480000000000000000e+02 9.320000146329402924e+01
2.490000000000000000e+02 9.320000146329402924e+01
2.500000000000000000e+02 9.320000146329402924e+01
2.510000000000000000e+02 9.320000146329402924e+01
2.520000000000000000e+02 9.320000146329402924e+01
2.530000000000000000e+02 9.320000146329402924e+01
2.540000000000000000e+02 9.400000147521495819e+01
2.550000000000000000e+02 9.540000145137310028e+01
2.560000000000000000e+02 9.600000147521495819e+01
2.570000000000000000e+02 9.660000149905681610e+01
2.580000000000000000e+02 9.660000149905681610e+01
2.590000000000000000e+02 9.660000149905681610e+01
2.600000000000000000e+02 9.660000149905681610e+01
2.610000000000000000e+02 9.660000149905681610e+01
2.620000000000000000e+02 9.660000149905681610e+01
2.630000000000000000e+02 9.660000149905681610e+01
2.640000000000000000e+02 9.660000149905681610e+01
2.650000000000000000e+02 9.660000149905681610e+01
2.660000000000000000e+02 9.740000151097774506e+01
2.670000000000000000e+02 9.880000148713588715e+01
2.680000000000000000e+02 9.940000151097774506e+01
2.690000000000000000e+02 1.000000015348196030e+02
2.700000000000000000e+02 1.000000015348196030e+02
2.710000000000000000e+02 1.000000015348196030e+02
2.720000000000000000e+02 1.000000015348196030e+02
2.730000000000000000e+02 1.000000015348196030e+02
2.740000000000000000e+02 1.000000015348196030e+02
2.750000000000000000e+02 1.000000015348196030e+02
2.760000000000000000e+02 1.000000015348196030e+02
2.770000000000000000e+02 1.000000015348196030e+02
2.780000000000000000e+02 1.012000015825033188e+02
2.790000000000000000e+02 1.020000015944242477e+02
2.800000000000000000e+02 1.028000016063451767e+02
2.810000000000000000e+02 1.032000016123056412e+02
2.820000000000000000e+02 1.032000016123056412e+02
2.830000000000000000e+02 1.032000016123056412e+02
2.840000000000000000e+02 1.032000016123056412e+02
2.850000000000000000e+02 1.032000016123056412e+02
2.860000000000000000e+02 1.032000016123056412e+02
2.870000000000000000e+02 1.032000016123056412e+02
2.880000000000000000e+02 1.032000016123056412e+02
2.890000000000000000e+02 1.032000016123056412e+02
2.900000000000000000e+02 1.042000016123056412e+02
2.910000000000000000e+02 1.048000016361474991e+02
2.920000000000000000e+02 1.054000016599893570e+02
2.930000000000000000e+02 1.062000016719102859e+02
2.940000000000000000e+02 1.066000016778707504e+02
2.950000000000000000e+02 1.066000016778707504e+02
2.960000000000000000e+02 1.066000016778707504e+02
2.970000000000000000e+02 1.068000016808509827e+02
2.980000000000000000e+02 1.068000016808509827e+02
2.990000000000000000e+02 1.068000016808509827e+02
3.000000000000000000e+02 1.068000016808509827e+02
3.010000000000000000e+02 1.068000016808509827e+02
3.020000000000000000e+02 1.080000017285346985e+02
3.030000000000000000e+02 1.088000017404556274e+02
3.040000000000000000e+02 1.096000017523765564e+02
3.050000000000000000e+02 1.104000017642974854e+02
3.060000000000000000e+02 1.104000017642974854e+02
3.070000000000000000e+02 1.104000017642974854e+02
3.080000000000000000e+02 1.104000017642974854e+02
3.090000000000000000e+02 1.104000017642974854e+02
3.100000000000000000e+02 1.104000017642974854e+02
3.110000000000000000e+02 1.104000017642974854e+02
3.120000000000000000e+02 1.104000017642974854e+02
3.130000000000000000e+02 1.104000017642974854e+02
3.140000000000000000e+02 1.116000018119812012e+02
3.150000000000000000e+02 1.126000018119812012e+02
3.160000000000000000e+02 1.132000018358230591e+02
3.170000000000000000e+02 1.138000018596649170e+02
3.180000000000000000e+02 1.142000018656253815e+02
3.190000000000000000e+02 1.142000018656253815e+02
3.200000000000000000e+02 1.142000018656253815e+02
3.210000000000000000e+02 1.142000018656253815e+02
3.220000000000000000e+02 1.142000018656253815e+02
3.230000000000000000e+02 1.142000018656253815e+02
3.240000000000000000e+02 1.142000018656253815e+02
3.250000000000000000e+02 1.142000018656253815e+02
3.260000000000000000e+02 1.152000018656253815e+02
3.270000000000000000e+02 1.164000019133090973e+02
3.280000000000000000e+02 1.172000019252300262e+02
3.290000000000000000e+02 1.174000019282102585e+02
3.300000000000000000e+02 1.174000019282102585e+02
3.310000000000000000e+02 1.174000019282102585e+02
3.320000000000000000e+02 1.174000019282102585e+02
3.330000000000000000e+02 1.174000019282102585e+02
3.340000000000000000e+02 1.174000019282102585e+02
3.350000000000000000e+02 1.174000019282102585e+02
3.360000000000000000e+02 1.174000019282102585e+02
3.370000000000000000e+02 1.174000019282102585e+02
3.380000000000000000e+02 1.184000019282102585e+02
3.390000000000000000e+02 1.190000019520521164e+02
3.400000000000000000e+02 1.200000019520521164e+02
3.410000000000000000e+02 1.208000019639730453e+02
3.420000000000000000e+02 1.208000019639730453e+02
3.430000000000000000e+02 1.208000019639730453e+02
3.440000000000000000e+02 1.208000019639730453e+02
3.450000000000000000e+02 1.208000019639730453e+02
3.460000000000000000e+02 1.208000019639730453e+02
3.470000000000000000e+02 1.208000019639730453e+02
3.480000000000000000e+02 1.208000019639730453e+02
3.490000000000000000e+02 1.208000019639730453e+02
3.500000000000000000e+02 1.212000019699335098e+02
3.510000000000000000e+02 1.224000020176172256e+02
3.520000000000000000e+02 1.232000020295381546e+02
3.530000000000000000e+02 1.242000020295381546e+02
3.540000000000000000e+02 1.242000020295381546e+02
3.550000000000000000e+02 1.242000020295381546e+02
3.560000000000000000e+02 1.244000020325183868e+02
3.570000000000000000e+02 1.244000020325183868e+02
3.580000000000000000e+02 1.244000020325183868e+02
3.590000000000000000e+02 1.244000020325183868e+02
3.600000000000000000e+02 1.244000020325183868e+02
3.610000000000000000e+02 1.244000020325183868e+02
3.620000000000000000e+02 1.246000020354986191e+02
3.630000000000000000e+02 1.252000020593404770e+02
3.640000000000000000e+02 1.256000020653009415e+02
3.650000000000000000e+02 1.258000020682811737e+02
3.660000000000000000e+02 1.266000020802021027e+02
3.670000000000000000e+02 1.266000020802021027e+02
3.680000000000000000e+02 1.266000020802021027e+02
3.690000000000000000e+02 1.266000020802021027e+02
3.700000000000000000e+02 1.266000020802021027e+02
3.710000000000000000e+02 1.266000020802021027e+02
3.720000000000000000e+02 1.266000020802021027e+02
3.730000000000000000e+02 1.266000020802021027e+02
3.740000000000000000e+02 1.272000021040439606e+02
3.750000000000000000e+02 1.276000021100044250e+02
3.760000000000000000e+02 1.280000021159648895e+02
3.770000000000000000e+02 1.282000021189451218e+02
3.780000000000000000e+02 1.286000021249055862e+02
3.790000000000000000e+02 1.286000021249055862e+02
3.800000000000000000e+02 1.286000021249055862e+02
3.810000000000000000e+02 1.286000021249055862e+02
3.820000000000000000e+02 1.286000021249055862e+02
3.830000000000000000e+02 1.286000021249055862e+02
3.840000000000000000e+02 1.286000021249055862e+02
3.850000000000000000e+02 1.286000021249055862e+02
3.860000000000000000e+02 1.288000021278858185e+02
3.870000000000000000e+02 1.294000021517276764e+02
3.880000000000000000e+02 1.298000021576881409e+02
3.890000000000000000e+02 1.300000021606683731e+02
3.900000000000000000e+02 1.302000021636486053e+02
3.910000000000000000e+02 1.302000021636486053e+02
3.920000000000000000e+02 1.302000021636486053e+02
3.930000000000000000e+02 1.302000021636486053e+02
3.940000000000000000e+02 1.302000021636486053e+02
3.950000000000000000e+02 1.302000021636486053e+02
3.960000000000000000e+02 1.302000021636486053e+02
3.970000000000000000e+02 1.302000021636486053e+02
3.980000000000000000e+02 1.306000021696090698e+02
3.990000000000000000e+02 1.314000021815299988e+02
4.000000000000000000e+02 1.316000021845102310e+02
4.010000000000000000e+02 1.316000021845102310e+02
4.020000000000000000e+02 1.320000021904706955e+02
4.030000000000000000e+02 1.320000021904706955e+02
4.040000000000000000e+02 1.320000021904706955e+02
4.050000000000000000e+02 1.320000021904706955e+02
4.060000000000000000e+02 1.320000021904706955e+02
4.070000000000000000e+02 1.320000021904706955e+02
4.080000000000000000e+02 1.320000021904706955e+02
4.090000000000000000e+02 1.320000021904706955e+02
4.100000000000000000e+02 1.320000021904706955e+02
4.110000000000000000e+02 1.322000021934509277e+02
4.120000000000000000e+02 1.324000021964311600e+02
4.130000000000000000e+02 1.328000022023916245e+02
4.140000000000000000e+02 1.334000022262334824e+02
4.150000000000000000e+02 1.340000022500753403e+02
4.160000000000000000e+02 1.342000022530555725e+02
4.170000000000000000e+02 1.342000022530555725e+02
4.180000000000000000e+02 1.342000022530555725e+02
4.190000000000000000e+02 1.342000022530555725e+02
4.200000000000000000e+02 1.342000022530555725e+02
4.210000000000000000e+02 1.342000022530555725e+02
4.220000000000000000e+02 1.350000022649765015e+02
4.230000000000000000e+02 1.354000022709369659e+02
4.240000000000000000e+02 1.356000022739171982e+02
4.250000000000000000e+02 1.360000022798776627e+02
4.260000000000000000e+02 1.368000022917985916e+02
4.270000000000000000e+02 1.368000022917985916e+02
4.280000000000000000e+02 1.368000022917985916e+02
4.290000000000000000e+02 1.368000022917985916e+02
4.300000000000000000e+02 1.368000022917985916e+02
4.310000000000000000e+02 1.368000022917985916e+02
4.320000000000000000e+02 1.368000022917985916e+02
4.330000000000000000e+02 1.368000022917985916e+02
4.340000000000000000e+02 1.372000022977590561e+02
4.350000000000000000e+02 1.376000023037195206e+02
4.360000000000000000e+02 1.384000023156404495e+02
4.370000000000000000e+02 1.386000023186206818e+02
4.380000000000000000e+02 1.388000023216009140e+02
4.390000000000000000e+02 1.388000023216009140e+02
4.400000000000000000e+02 1.388000023216009140e+02
4.410000000000000000e+02 1.388000023216009140e+02
4.420000000000000000e+02 1.388000023216009140e+02
4.430000000000000000e+02 1.388000023216009140e+02
4.440000000000000000e+02 1.388000023216009140e+02
4.450000000000000000e+02 1.388000023216009140e+02
4.460000000000000000e+02 1.390000023245811462e+02
4.470000000000000000e+02 1.396000023484230042e+02
4.480000000000000000e+02 1.400000023543834686e+02
4.490000000000000000e+02 1.400000023543834686e+02
4.500000000000000000e+02 1.404000023603439331e+02
4.510000000000000000e+02 1.404000023603439331e+02
4.520000000000000000e+02 1.404000023603439331e+02
4.530000000000000000e+02 1.404000023603439331e+02
4.540000000000000000e+02 1.404000023603439331e+02
4.550000000000000000e+02 1.404000023603439331e+02
4.560000000000000000e+02 1.404000023603439331e+02
4.570000000000000000e+02 1.404000023603439331e+02
4.580000000000000000e+02 1.408000023663043976e+02
4.590000000000000000e+02 1.414000023901462555e+02
4.600000000000000000e+02 1.416000023931264877e+02
4.610000000000000000e+02 1.422000024169683456e+02
4.620000000000000000e+02 1.422000024169683456e+02
4.630000000000000000e+02 1.422000024169683456e+02
4.640000000000000000e+02 1.422000024169683456e+02
4.650000000000000000e+02 1.422000024169683456e+02
4.660000000000000000e+02 1.422000024169683456e+02
4.670000000000000000e+02 1.422000024169683456e+02
4.680000000000000000e+02 1.422000024169683456e+02
4.690000000000000000e+02 1.422000024169683456e+02
4.700000000000000000e+02 1.426000024229288101e+02
4.710000000000000000e+02 1.426000024229288101e+02
4.720000000000000000e+02 1.430000024288892746e+02
4.730000000000000000e+02 1.432000024318695068e+02
4.740000000000000000e+02 1.440000024437904358e+02
4.750000000000000000e+02 1.440000024437904358e+02
4.760000000000000000e+02 1.440000024437904358e+02
4.770000000000000000e+02 1.440000024437904358e+02
4.780000000000000000e+02 1.440000024437904358e+02
4.790000000000000000e+02 1.440000024437904358e+02
4.800000000000000000e+02 1.440000024437904358e+02
4.810000000000000000e+02 1.440000024437904358e+02
4.820000000000000000e+02 1.446000024676322937e+02
4.830000000000000000e+02 1.450000024735927582e+02
4.840000000000000000e+02 1.454000024795532227e+02
4.850000000000000000e+02 1.458000024855136871e+02
4.860000000000000000e+02 1.458000024855136871e+02
4.870000000000000000e+02 1.458000024855136871e+02
4.880000000000000000e+02 1.458000024855136871e+02
4.890000000000000000e+02 1.458000024855136871e+02
4.900000000000000000e+02 1.458000024855136871e+02
4.910000000000000000e+02 1.458000024855136871e+02
4.920000000000000000e+02 1.458000024855136871e+02
4.930000000000000000e+02 1.458000024855136871e+02
4.940000000000000000e+02 1.466000024974346161e+02
4.950000000000000000e+02 1.472000025212764740e+02
4.960000000000000000e+02 1.474000025242567062e+02
4.970000000000000000e+02 1.480000025480985641e+02
4.980000000000000000e+02 1.482000025510787964e+02
4.990000000000000000e+02 1.482000025510787964e+02
5.000000000000000000e+02 1.482000025510787964e+02
5.010000000000000000e+02 1.482000025510787964e+02
5.020000000000000000e+02 1.482000025510787964e+02
5.030000000000000000e+02 1.482000025510787964e+02
5.040000000000000000e+02 1.482000025510787964e+02
5.050000000000000000e+02 1.482000025510787964e+02
5.060000000000000000e+02 1.486000025570392609e+02
5.070000000000000000e+02 1.494000025689601898e+02
5.080000000000000000e+02 1.500000025928020477e+02
5.090000000000000000e+02 1.502000025957822800e+02
5.100000000000000000e+02 1.502000025957822800e+02
5.110000000000000000e+02 1.502000025957822800e+02
5.120000000000000000e+02 1.502000025957822800e+02
5.130000000000000000e+02 1.502000025957822800e+02
5.140000000000000000e+02 1.502000025957822800e+02
5.150000000000000000e+02 1.502000025957822800e+02
5.160000000000000000e+02 1.502000025957822800e+02
5.170000000000000000e+02 1.502000025957822800e+02
5.180000000000000000e+02 1.506000026017427444e+02
5.190000000000000000e+02 1.512000026255846024e+02
5.200000000000000000e+02 1.516000026315450668e+02
5.210000000000000000e+02 1.518000026345252991e+02
5.220000000000000000e+02 1.520000026375055313e+02
5.230000000000000000e+02 1.520000026375055313e+02
5.240000000000000000e+02 1.520000026375055313e+02
5.250000000000000000e+02 1.520000026375055313e+02
5.260000000000000000e+02 1.520000026375055313e+02
5.270000000000000000e+02 1.520000026375055313e+02
5.280000000000000000e+02 1.520000026375055313e+02
5.290000000000000000e+02 1.520000026375055313e+02
5.300000000000000000e+02 1.524000026434659958e+02
5.310000000000000000e+02 1.528000026494264603e+02
5.320000000000000000e+02 1.530000026524066925e+02
5.330000000000000000e+02 1.538000026643276215e+02
5.340000000000000000e+02 1.538000026643276215e+02
5.350000000000000000e+02 1.538000026643276215e+02
5.360000000000000000e+02 1.538000026643276215e+02
5.370000000000000000e+02 1.540000026673078537e+02
5.380000000000000000e+02 1.540000026673078537e+02
5.390000000000000000e+02 1.540000026673078537e+02
5.400000000000000000e+02 1.540000026673078537e+02
5.410000000000000000e+02 1.540000026673078537e+02
5.420000000000000000e+02 1.544000026732683182e+02
5.430000000000000000e+02 1.550000026971101761e+02
5.440000000000000000e+02 1.552000027000904083e+02
5.450000000000000000e+02 1.552000027000904083e+02
5.460000000000000000e+02 1.552000027000904083e+02
5.470000000000000000e+02 1.552000027000904083e+02
5.480000000000000000e+02 1.552000027000904083e+02
5.490000000000000000e+02 1.552000027000904083e+02
5.500000000000000000e+02 1.552000027000904083e+02
5.510000000000000000e+02 1.552000027000904083e+02
5.520000000000000000e+02 1.552000027000904083e+02
5.530000000000000000e+02 1.552000027000904083e+02
5.540000000000000000e+02 1.558000027239322662e+02
5.550000000000000000e+02 1.562000027298927307e+02
5.560000000000000000e+02 1.562000027298927307e+02
5.570000000000000000e+02 1.562000027298927307e+02
5.580000000000000000e+02 1.562000027298927307e+02
5.590000000000000000e+02 1.562000027298927307e+02
5.600000000000000000e+02 1.562000027298927307e+02
5.610000000000000000e+02 1.562000027298927307e+02
5.620000000000000000e+02 1.562000027298927307e+02
5.630000000000000000e+02 1.562000027298927307e+02
5.640000000000000000e+02 1.562000027298927307e+02
5.650000000000000000e+02 1.562000027298927307e+02
5.660000000000000000e+02 1.568000027537345886e+02
5.670000000000000000e+02 1.570000027567148209e+02
5.680000000000000000e+02 1.570000027567148209e+02
5.690000000000000000e+02 1.570000027567148209e+02
5.700000000000000000e+02 1.570000027567148209e+02
5.710000000000000000e+02 1.570000027567148209e+02
5.720000000000000000e+02 1.570000027567148209e+02
5.730000000000000000e+02 1.570000027567148209e+02
5.740000000000000000e+02 1.570000027567148209e+02
5.750000000000000000e+02 1.570000027567148209e+02
5.760000000000000000e+02 1.570000027567148209e+02
5.770000000000000000e+02 1.570000027567148209e+02
5.780000000000000000e+02 1.576000027805566788e+02
5.790000000000000000e+02 1.580000027865171432e+02
5.800000000000000000e+02 1.582000027894973755e+02
5.810000000000000000e+02 1.582000027894973755e+02
5.820000000000000000e+02 1.582000027894973755e+02
5.830000000000000000e+02 1.582000027894973755e+02
5.840000000000000000e+02 1.582000027894973755e+02
5.850000000000000000e+02 1.582000027894973755e+02
5.860000000000000000e+02 1.582000027894973755e+02
5.870000000000000000e+02 1.582000027894973755e+02
5.880000000000000000e+02 1.582000027894973755e+02
5.890000000000000000e+02 1.582000027894973755e+02
5.900000000000000000e+02 1.586000027954578400e+02
5.910000000000000000e+02 1.590000028014183044e+02
5.920000000000000000e+02 1.592000028043985367e+02
5.930000000000000000e+02 1.592000028043985367e+02
5.940000000000000000e+02 1.592000028043985367e+02
5.950000000000000000e+02 1.592000028043985367e+02
5.960000000000000000e+02 1.594000028073787689e+02
5.970000000000000000e+02 1.594000028073787689e+02
5.980000000000000000e+02 1.594000028073787689e+02
5.990000000000000000e+02 1.594000028073787689e+02
6.000000000000000000e+02 1.594000028073787689e+02
6.010000000000000000e+02 1.594000028073787689e+02
6.020000000000000000e+02 1.598000028133392334e+02
6.030000000000000000e+02 1.604000028371810913e+02
6.040000000000000000e+02 1.604000028371810913e+02
6.050000000000000000e+02 1.604000028371810913e+02
6.060000000000000000e+02 1.604000028371810913e+02
6.070000000000000000e+02 1.604000028371810913e+02
6.080000000000000000e+02 1.604000028371810913e+02
6.090000000000000000e+02 1.604000028371810913e+02
6.100000000000000000e+02 1.604000028371810913e+02
6.110000000000000000e+02 1.604000028371810913e+02
6.120000000000000000e+02 1.604000028371810913e+02
6.130000000000000000e+02 1.604000028371810913e+02
6.140000000000000000e+02 1.608000028431415558e+02
6.150000000000000000e+02 1.614000028669834137e+02
6.160000000000000000e+02 1.614000028669834137e+02
6.170000000000000000e+02 1.614000028669834137e+02
6.180000000000000000e+02 1.614000028669834137e+02
6.190000000000000000e+02 1.614000028669834137e+02
6.200000000000000000e+02 1.614000028669834137e+02
6.210000000000000000e+02 1.614000028669834137e+02
6.220000000000000000e+02 1.614000028669834137e+02
6.230000000000000000e+02 1.614000028669834137e+02
6.240000000000000000e+02 1.614000028669834137e+02
6.250000000000000000e+02 1.614000028669834137e+02
6.260000000000000000e+02 1.618000028729438782e+02
6.270000000000000000e+02 1.624000028967857361e+02
6.280000000000000000e+02 1.624000028967857361e+02
6.290000000000000000e+02 1.624000028967857361e+02
6.300000000000000000e+02 1.624000028967857361e+02
6.310000000000000000e+02 1.624000028967857361e+02
6.320000000000000000e+02 1.624000028967857361e+02
6.330000000000000000e+02 1.624000028967857361e+02
6.340000000000000000e+02 1.624000028967857361e+02
6.350000000000000000e+02 1.624000028967857361e+02
6.360000000000000000e+02 1.624000028967857361e+02
6.370000000000000000e+02 1.624000028967857361e+02
6.380000000000000000e+02 1.630000029206275940e+02
6.390000000000000000e+02 1.634000029265880585e+02
6.400000000000000000e+02 1.634000029265880585e+02
6.410000000000000000e+02 1.634000029265880585e+02
6.420000000000000000e+02 1.634000029265880585e+02
6.430000000000000000e+02 1.634000029265880585e+02
6.440000000000000000e+02 1.634000029265880585e+02
6.450000000000000000e+02 1.634000029265880585e+02
6.460000000000000000e+02 1.634000029265880585e+02
6.470000000000000000e+02 1.634000029265880585e+02
6.480000000000000000e+02 1.634000029265880585e+02
6.490000000000000000e+02 1.634000029265880585e+02
6.500000000000000000e+02 1.634000029265880585e+02
6.510000000000000000e+02 1.638000029325485229e+02
6.520000000000000000e+02 1.638000029325485229e+02
6.530000000000000000e+02 1.640000029355287552e+02
6.540000000000000000e+02 1.642000029385089874e+02
6.550000000000000000e+02 1.642000029385089874e+02
6.560000000000000000e+02 1.642000029385089874e+02
6.570000000000000000e+02 1.642000029385089874e+02
6.580000000000000000e+02 1.642000029385089874e+02
6.590000000000000000e+02 1.642000029385089874e+02
6.600000000000000000e+02 1.642000029385089874e+02
6.610000000000000000e+02 1.642000029385089874e+02
6.620000000000000000e+02 1.644000029414892197e+02
6.630000000000000000e+02 1.654000029414892197e+02
6.640000000000000000e+02 1.654000029414892197e+02
6.650000000000000000e+02 1.654000029414892197e+02
6.660000000000000000e+02 1.654000029414892197e+02
6.670000000000000000e+02 1.654000029414892197e+02
6.680000000000000000e+02 1.654000029414892197e+02
6.690000000000000000e+02 1.654000029414892197e+02
6.700000000000000000e+02 1.654000029414892197e+02
6.710000000000000000e+02 1.654000029414892197e+02
6.720000000000000000e+02 1.654000029414892197e+02
6.730000000000000000e+02 1.654000029414892197e+02
6.740000000000000000e+02 1.658000029474496841e+02
6.750000000000000000e+02 1.664000029712915421e+02
6.760000000000000000e+02 1.664000029712915421e+02
6.770000000000000000e+02 1.664000029712915421e+02
6.780000000000000000e+02 1.664000029712915421e+02
6.790000000000000000e+02 1.664000029712915421e+02
6.800000000000000000e+02 1.664000029712915421e+02
6.810000000000000000e+02 1.664000029712915421e+02
6.820000000000000000e+02 1.664000029712915421e+02
6.830000000000000000e+02 1.664000029712915421e+02
6.840000000000000000e+02 1.664000029712915421e+02
6.850000000000000000e+02 1.664000029712915421e+02
6.860000000000000000e+02 1.668000029772520065e+02
6.870000000000000000e+02 1.674000030010938644e+02
6.880000000000000000e+02 1.674000030010938644e+02
6.890000000000000000e+02 1.674000030010938644e+02
6.900000000000000000e+02 1.674000030010938644e+02
6.910000000000000000e+02 1.674000030010938644e+02
6.920000000000000000e+02 1.674000030010938644e+02
6.930000000000000000e+02 1.674000030010938644e+02
6.940000000000000000e+02 1.674000030010938644e+02
6.950000000000000000e+02 1.674000030010938644e+02
6.960000000000000000e+02 1.674000030010938644e+02
6.970000000000000000e+02 1.674000030010938644e+02
6.980000000000000000e+02 1.678000030070543289e+02
6.990000000000000000e+02 1.686000030189752579e+02
7.000000000000000000e+02 1.686000030189752579e+02
7.010000000000000000e+02 1.686000030189752579e+02
7.020000000000000000e+02 1.686000030189752579e+02
7.030000000000000000e+02 1.686000030189752579e+02
7.040000000000000000e+02 1.686000030189752579e+02
7.050000000000000000e+02 1.686000030189752579e+02
7.060000000000000000e+02 1.686000030189752579e+02
7.070000000000000000e+02 1.686000030189752579e+02
7.080000000000000000e+02 1.686000030189752579e+02
7.090000000000000000e+02 1.686000030189752579e+02
7.100000000000000000e+02 1.690000030249357224e+02
7.110000000000000000e+02 1.694000030308961868e+02
7.120000000000000000e+02 1.694000030308961868e+02
7.130000000000000000e+02 1.694000030308961868e+02
7.140000000000000000e+02 1.696000030338764191e+02
7.150000000000000000e+02 1.698000030368566513e+02
7.160000000000000000e+02 1.698000030368566513e+02
7.170000000000000000e+02 1.698000030368566513e+02
7.180000000000000000e+02 1.698000030368566513e+02
7.190000000000000000e+02 1.698000030368566513e+02
7.200000000000000000e+02 1.698000030368566513e+02
7.210000000000000000e+02 1.698000030368566513e+02
7.220000000000000000e+02 1.708000030368566513e+02
7.230000000000000000e+02 1.716000030487775803e+02
7.240000000000000000e+02 1.722000030726194382e+02
7.250000000000000000e+02 1.728000030964612961e+02
7.260000000000000000e+02 1.728000030964612961e+02
7.270000000000000000e+02 1.728000030964612961e+02
7.280000000000000000e+02 1.728000030964612961e+02
7.290000000000000000e+02 1.728000030964612961e+02
7.300000000000000000e+02 1.728000030964612961e+02
7.310000000000000000e+02 1.728000030964612961e+02
7.320000000000000000e+02 1.728000030964612961e+02
7.330000000000000000e+02 1.728000030964612961e+02
7.340000000000000000e+02 1.734000031203031540e+02
7.350000000000000000e+02 1.744000031203031540e+02
7.360000000000000000e+02 1.756000031679868698e+02
7.370000000000000000e+02 1.758000031709671021e+02
7.380000000000000000e+02 1.760000031739473343e+02
7.390000000000000000e+02 1.762000031769275665e+02
7.400000000000000000e+02 1.762000031769275665e+02
7.410000000000000000e+02 1.762000031769275665e+02
7.420000000000000000e+02 1.762000031769275665e+02
7.430000000000000000e+02 1.762000031769275665e+02
7.440000000000000000e+02 1.762000031769275665e+02
7.450000000000000000e+02 1.762000031769275665e+02
7.460000000000000000e+02 1.768000032007694244e+02
7.470000000000000000e+02 1.780000032484531403e+02
7.480000000000000000e+02 1.780000032484531403e+02
7.490000000000000000e+02 1.786000032722949982e+02
7.500000000000000000e+02 1.792000032961368561e+02
7.510000000000000000e+02 1.792000032961368561e+02
7.520000000000000000e+02 1.792000032961368561e+02
7.530000000000000000e+02 1.792000032961368561e+02
7.540000000000000000e+02 1.792000032961368561e+02
7.550000000000000000e+02 1.792000032961368561e+02
7.560000000000000000e+02 1.792000032961368561e+02
7.570000000000000000e+02 1.792000032961368561e+02
7.580000000000000000e+02 1.802000032961368561e+02
7.590000000000000000e+02 1.812000032961368561e+02
7.600000000000000000e+02 1.814000032991170883e+02
7.610000000000000000e+02 1.816000033020973206e+02
7.620000000000000000e+02 1.824000033140182495e+02
7.630000000000000000e+02 1.824000033140182495e+02
7.640000000000000000e+02 1.824000033140182495e+02
7.650000000000000000e+02 1.824000033140182495e+02
7.660000000000000000e+02 1.824000033140182495e+02
7.670000000000000000e+02 1.824000033140182495e+02
7.680000000000000000e+02 1.824000033140182495e+02
7.690000000000000000e+02 1.824000033140182495e+02
7.700000000000000000e+02 1.830000033378601074e+02
7.710000000000000000e+02 1.838000033497810364e+02
7.720000000000000000e+02 1.840000033527612686e+02
7.730000000000000000e+02 1.848000033646821976e+02
7.740000000000000000e+02 1.856000033766031265e+02
7.750000000000000000e+02 1.856000033766031265e+02
7.760000000000000000e+02 1.856000033766031265e+02
7.770000000000000000e+02 1.856000033766031265e+02
7.780000000000000000e+02 1.856000033766031265e+02
7.790000000000000000e+02 1.856000033766031265e+02
7.800000000000000000e+02 1.856000033766031265e+02
7.810000000000000000e+02 1.856000033766031265e+02
7.820000000000000000e+02 1.864000033885240555e+02
7.830000000000000000e+02 1.874000033885240555e+02
7.840000000000000000e+02 1.878000033944845200e+02
7.850000000000000000e+02 1.888000033944845200e+02
7.860000000000000000e+02 1.890000033974647522e+02
7.870000000000000000e+02 1.890000033974647522e+02
7.880000000000000000e+02 1.890000033974647522e+02
7.890000000000000000e+02 1.890000033974647522e+02
7.900000000000000000e+02 1.890000033974647522e+02
7.910000000000000000e+02 1.890000033974647522e+02
7.920000000000000000e+02 1.890000033974647522e+02
7.930000000000000000e+02 1.890000033974647522e+02
7.940000000000000000e+02 1.896000034213066101e+02
7.950000000000000000e+02 1.904000034332275391e+02
7.960000000000000000e+02 1.910000034570693970e+02
7.970000000000000000e+02 1.914000034630298615e+02
7.980000000000000000e+02 1.920000034868717194e+02
7.990000000000000000e+02 1.920000034868717194e+02
8.000000000000000000e+02 1.920000034868717194e+02
8.010000000000000000e+02 1.920000034868717194e+02
8.020000000000000000e+02 1.920000034868717194e+02
8.030000000000000000e+02 1.920000034868717194e+02
8.040000000000000000e+02 1.920000034868717194e+02
8.050000000000000000e+02 1.920000034868717194e+02
8.060000000000000000e+02 1.932000035345554352e+02
8.070000000000000000e+02 1.936000035405158997e+02
8.080000000000000000e+02 1.946000035405158997e+02
8.090000000000000000e+02 1.950000035464763641e+02
8.100000000000000000e+02 1.954000035524368286e+02
8.110000000000000000e+02 1.956000035554170609e+02
8.120000000000000000e+02 1.956000035554170609e+02
8.130000000000000000e+02 1.956000035554170609e+02
8.140000000000000000e+02 1.956000035554170609e+02
8.150000000000000000e+02 1.956000035554170609e+02
8.160000000000000000e+02 1.956000035554170609e+02
8.170000000000000000e+02 1.956000035554170609e+02
8.180000000000000000e+02 1.964000035673379898e+02
8.190000000000000000e+02 1.970000035911798477e+02
8.200000000000000000e+02 1.972000035941600800e+02
8.210000000000000000e+02 1.974000035971403122e+02
8.220000000000000000e+02 1.986000036448240280e+02
8.230000000000000000e+02 1.986000036448240280e+02
8.240000000000000000e+02 1.986000036448240280e+02
8.250000000000000000e+02 1.986000036448240280e+02
8.260000000000000000e+02 1.986000036448240280e+02
8.270000000000000000e+02 1.986000036448240280e+02
8.280000000000000000e+02 1.986000036448240280e+02
8.290000000000000000e+02 1.986000036448240280e+02
8.300000000000000000e+02 1.988000036478042603e+02
8.310000000000000000e+02 1.994000036716461182e+02
8.320000000000000000e+02 1.998000036776065826e+02
8.330000000000000000e+02 2.004000037014484406e+02
8.340000000000000000e+02 2.016000037491321564e+02
8.350000000000000000e+02 2.016000037491321564e+02
8.360000000000000000e+02 2.016000037491321564e+02
8.370000000000000000e+02 2.016000037491321564e+02
8.380000000000000000e+02 2.016000037491321564e+02
8.390000000000000000e+02 2.016000037491321564e+02
8.400000000000000000e+02 2.016000037491321564e+02
8.410000000000000000e+02 2.016000037491321564e+02
8.420000000000000000e+02 2.022000037729740143e+02
8.430000000000000000e+02 2.032000037729740143e+02
8.440000000000000000e+02 2.040000037848949432e+02
8.450000000000000000e+02 2.042000037878751755e+02
8.460000000000000000e+02 2.044000037908554077e+02
8.470000000000000000e+02 2.044000037908554077e+02
8.480000000000000000e+02 2.044000037908554077e+02
8.490000000000000000e+02 2.044000037908554077e+02
8.500000000000000000e+02 2.044000037908554077e+02
8.510000000000000000e+02 2.044000037908554077e+02
8.520000000000000000e+02 2.044000037908554077e+02
8.530000000000000000e+02 2.044000037908554077e+02
8.540000000000000000e+02 2.048000037968158722e+02
8.550000000000000000e+02 2.056000038087368011e+02
8.560000000000000000e+02 2.062000038325786591e+02
8.570000000000000000e+02 2.064000038355588913e+02
8.580000000000000000e+02 2.072000038474798203e+02
8.590000000000000000e+02 2.072000038474798203e+02
8.600000000000000000e+02 2.072000038474798203e+02
8.610000000000000000e+02 2.072000038474798203e+02
8.620000000000000000e+02 2.072000038474798203e+02
8.630000000000000000e+02 2.072000038474798203e+02
8.640000000000000000e+02 2.072000038474798203e+02
8.650000000000000000e+02 2.072000038474798203e+02
8.660000000000000000e+02 2.076000038534402847e+02
8.670000000000000000e+02 2.082000038772821426e+02
8.680000000000000000e+02 2.086000038832426071e+02
8.690000000000000000e+02 2.094000038951635361e+02
8.700000000000000000e+02 2.100000039190053940e+02
8.710000000000000000e+02 2.100000039190053940e+02
8.720000000000000000e+02 2.100000039190053940e+02
8.730000000000000000e+02 2.100000039190053940e+02
8.740000000000000000e+02 2.100000039190053940e+02
8.750000000000000000e+02 2.100000039190053940e+02
8.760000000000000000e+02 2.100000039190053940e+02
8.770000000000000000e+02 2.100000039190053940e+02
8.780000000000000000e+02 2.106000039428472519e+02
8.790000000000000000e+02 2.112000039666891098e+02
8.800000000000000000e+02 2.114000039696693420e+02
8.810000000000000000e+02 2.122000039815902710e+02
8.820000000000000000e+02 2.126000039875507355e+02
8.830000000000000000e+02 2.126000039875507355e+02
8.840000000000000000e+02 2.126000039875507355e+02
8.850000000000000000e+02 2.126000039875507355e+02
8.860000000000000000e+02 2.126000039875507355e+02
8.870000000000000000e+02 2.126000039875507355e+02
8.880000000000000000e+02 2.126000039875507355e+02
8.890000000000000000e+02 2.126000039875507355e+02
8.900000000000000000e+02 2.132000040113925934e+02
8.910000000000000000e+02 2.136000040173530579e+02
8.920000000000000000e+02 2.142000040411949158e+02
8.930000000000000000e+02 2.150000040531158447e+02
8.940000000000000000e+02 2.154000040590763092e+02
8.950000000000000000e+02 2.154000040590763092e+02
8.960000000000000000e+02 2.154000040590763092e+02
8.970000000000000000e+02 2.154000040590763092e+02
8.980000000000000000e+02 2.154000040590763092e+02
8.990000000000000000e+02 2.154000040590763092e+02
9.000000000000000000e+02 2.154000040590763092e+02
