0.000000000000000000e+00 0.000000000000000000e+00
1.000000000000000000e+00 0.000000000000000000e+00
2.000000000000000000e+00 0.000000000000000000e+00
3.000000000000000000e+00 0.000000000000000000e+00
4.000000000000000000e+00 0.000000000000000000e+00
5.000000000000000000e+00 0.000000000000000000e+00
6.000000000000000000e+00 0.000000000000000000e+00
7.000000000000000000e+00 0.000000000000000000e+00
8.000000000000000000e+00 0.000000000000000000e+00
9.000000000000000000e+00 0.000000000000000000e+00
1.000000000000000000e+01 0.000000000000000000e+00
1.100000000000000000e+01 0.000000000000000000e+00
1.200000000000000000e+01 0.000000000000000000e+00
1.300000000000000000e+01 0.000000000000000000e+00
1.400000000000000000e+01 0.000000000000000000e+00
1.500000000000000000e+01 0.000000000000000000e+00
1.600000000000000000e+01 0.000000000000000000e+00
1.700000000000000000e+01 0.000000000000000000e+00
1.800000000000000000e+01 0.000000000000000000e+00
1.900000000000000000e+01 0.000000000000000000e+00
2.000000000000000000e+01 0.000000000000000000e+00
2.100000000000000000e+01 0.000000000000000000e+00
2.200000000000000000e+01 0.000000000000000000e+00
2.300000000000000000e+01 0.000000000000000000e+00
2.400000000000000000e+01 0.000000000000000000e+00
2.500000000000000000e+01 0.000000000000000000e+00
2.600000000000000000e+01 0.000000000000000000e+00
2.700000000000000000e+01 2.000000029802322388e-01
2.800000000000000000e+01 4.000000059604644775e-01
2.900000000000000000e+01 4.000000059604644775e-01
3.000000000000000000e+01 4.000000059604644775e-01
3.100000000000000000e+01 4.000000059604644775e-01
3.200000000000000000e+01 8.000000119209289551e-01
3.300000000000000000e+01 1.400000035762786865e+00
3.400000000000000000e+01 1.800000041723251343e+00
3.500000000000000000e+01 2.400000065565109253e+00
3.600000000000000000e+01 2.800000071525573730e+00
3.700000000000000000e+01 3.000000074505805969e+00
3.800000000000000000e+01 3.400000080466270447e+00
3.900000000000000000e+01 4.000000104308128357e+00
4.000000000000000000e+01 4.200000107288360596e+00
4.100000000000000000e+01 4.400000110268592834e+00
4.200000000000000000e+01 4.600000113248825073e+00
4.300000000000000000e+01 4.800000116229057312e+00
4.400000000000000000e+01 5.200000122189521790e+00
4.500000000000000000e+01 5.600000128149986267e+00
4.600000000000000000e+01 6.200000151991844177e+00
4.700000000000000000e+01 6.600000157952308655e+00
4.800000000000000000e+01 7.000000163912773132e+00
4.900000000000000000e+01 7.400000169873237610e+00
5.000000000000000000e+01 7.600000172853469849e+00
5.100000000000000000e+01 8.000000178813934326e+00
5.200000000000000000e+01 8.400000184774398804e+00
5.300000000000000000e+01 8.800000190734863281e+00
5.400000000000000000e+01 8.800000190734863281e+00
5.500000000000000000e+01 9.000000193715095520e+00
5.600000000000000000e+01 9.600000217556953430e+00
5.700000000000000000e+01 1.020000024139881134e+01
5.800000000000000000e+01 1.060000024735927582e+01
5.900000000000000000e+01 1.100000025331974030e+01
6.000000000000000000e+01 1.140000025928020477e+01
6.100000000000000000e+01 1.180000026524066925e+01
6.200000000000000000e+01 1.200000026822090149e+01
6.300000000000000000e+01 1.220000027120113373e+01
6.400000000000000000e+01 1.240000027418136597e+01
6.500000000000000000e+01 1.240000027418136597e+01
6.600000000000000000e+01 1.280000028014183044e+01
6.700000000000000000e+01 1.300000028312206268e+01
6.800000000000000000e+01 1.340000028908252716e+01
6.900000000000000000e+01 1.400000031292438507e+01
7.000000000000000000e+01 1.460000033676624298e+01
7.100000000000000000e+01 1.520000036060810089e+01
7.200000000000000000e+01 1.580000038444995880e+01
7.300000000000000000e+01 1.600000038743019104e+01
7.400000000000000000e+01 1.620000039041042328e+01
7.500000000000000000e+01 1.640000039339065552e+01
7.600000000000000000e+01 1.660000039637088776e+01
7.700000000000000000e+01 1.700000040233135223e+01
7.800000000000000000e+01 1.720000040531158447e+01
7.900000000000000000e+01 1.740000040829181671e+01
8.000000000000000000e+01 1.800000043213367462e+01
8.100000000000000000e+01 1.860000045597553253e+01
8.200000000000000000e+01 1.900000046193599701e+01
8.300000000000000000e+01 1.940000046789646149e+01
8.400000000000000000e+01 1.960000047087669373e+01
8.500000000000000000e+01 2.020000049471855164e+01
8.600000000000000000e+01 2.020000049471855164e+01
8.700000000000000000e+01 2.020000049471855164e+01
8.800000000000000000e+01 2.060000050067901611e+01
8.900000000000000000e+01 2.080000050365924835e+01
9.000000000000000000e+01 2.100000050663948059e+01
9.100000000000000000e+01 2.140000051259994507e+01
9.200000000000000000e+01 2.160000051558017731e+01
9.300000000000000000e+01 2.220000053942203522e+01
9.400000000000000000e+01 2.280000056326389313e+01
9.500000000000000000e+01 2.320000056922435760e+01
9.600000000000000000e+01 2.360000057518482208e+01
9.700000000000000000e+01 2.360000057518482208e+01
9.800000000000000000e+01 2.400000058114528656e+01
9.900000000000000000e+01 2.420000058412551880e+01
1.000000000000000000e+02 2.460000059008598328e+01
1.010000000000000000e+02 2.500000059604644775e+01
1.020000000000000000e+02 2.540000060200691223e+01
1.030000000000000000e+02 2.560000060498714447e+01
1.040000000000000000e+02 2.580000060796737671e+01
1.050000000000000000e+02 2.640000063180923462e+01
1.060000000000000000e+02 2.700000065565109253e+01
1.070000000000000000e+02 2.760000067949295044e+01
1.080000000000000000e+02 2.800000068545341492e+01
1.090000000000000000e+02 2.840000069141387939e+01
1.100000000000000000e+02 2.880000069737434387e+01
1.110000000000000000e+02 2.900000070035457611e+01
1.120000000000000000e+02 2.900000070035457611e+01
1.130000000000000000e+02 2.920000070333480835e+01
1.140000000000000000e+02 2.940000070631504059e+01
1.150000000000000000e+02 2.980000071227550507e+01
1.160000000000000000e+02 3.040000073611736298e+01
1.170000000000000000e+02 3.100000075995922089e+01
1.180000000000000000e+02 3.160000078380107880e+01
1.190000000000000000e+02 3.220000080764293671e+01
1.200000000000000000e+02 3.260000081360340118e+01
1.210000000000000000e+02 3.260000081360340118e+01
1.220000000000000000e+02 3.280000081658363342e+01
1.230000000000000000e+02 3.320000082254409790e+01
1.240000000000000000e+02 3.320000082254409790e+01
1.250000000000000000e+02 3.340000082552433014e+01
1.260000000000000000e+02 3.340000082552433014e+01
1.270000000000000000e+02 3.360000082850456238e+01
1.280000000000000000e+02 3.400000083446502686e+01
1.290000000000000000e+02 3.440000084042549133e+01
1.300000000000000000e+02 3.500000086426734924e+01
1.310000000000000000e+02 3.540000087022781372e+01
1.320000000000000000e+02 3.580000087618827820e+01
1.330000000000000000e+02 3.620000088214874268e+01
1.340000000000000000e+02 3.640000088512897491e+01
1.350000000000000000e+02 3.660000088810920715e+01
1.360000000000000000e+02 3.680000089108943939e+01
1.370000000000000000e+02 3.680000089108943939e+01
1.380000000000000000e+02 3.720000089704990387e+01
1.390000000000000000e+02 3.720000089704990387e+01
1.400000000000000000e+02 3.740000090003013611e+01
1.410000000000000000e+02 3.800000092387199402e+01
1.420000000000000000e+02 3.840000092983245850e+01
1.430000000000000000e+02 3.880000093579292297e+01
1.440000000000000000e+02 3.940000095963478088e+01
1.450000000000000000e+02 4.000000098347663879e+01
1.460000000000000000e+02 4.040000098943710327e+01
1.470000000000000000e+02 4.040000098943710327e+01
1.480000000000000000e+02 4.080000099539756775e+01
1.490000000000000000e+02 4.080000099539756775e+01
1.500000000000000000e+02 4.100000099837779999e+01
1.510000000000000000e+02 4.140000100433826447e+01
1.520000000000000000e+02 4.200000102818012238e+01
1.530000000000000000e+02 4.260000105202198029e+01
1.540000000000000000e+02 4.320000107586383820e+01
1.550000000000000000e+02 4.380000109970569611e+01
1.560000000000000000e+02 4.400000110268592834e+01
1.570000000000000000e+02 4.440000110864639282e+01
1.580000000000000000e+02 4.460000111162662506e+01
1.590000000000000000e+02 4.480000111460685730e+01
1.600000000000000000e+02 4.480000111460685730e+01
1.610000000000000000e+02 4.500000111758708954e+01
1.620000000000000000e+02 4.540000112354755402e+01
1.630000000000000000e+02 4.540000112354755402e+01
1.640000000000000000e+02 4.580000112950801849e+01
1.650000000000000000e+02 4.640000115334987640e+01
1.660000000000000000e+02 4.700000117719173431e+01
1.670000000000000000e+02 4.740000118315219879e+01
1.680000000000000000e+02 4.780000118911266327e+01
1.690000000000000000e+02 4.840000121295452118e+01
1.700000000000000000e+02 4.860000121593475342e+01
1.710000000000000000e+02 4.900000122189521790e+01
1.720000000000000000e+02 4.940000122785568237e+01
1.730000000000000000e+02 4.960000123083591461e+01
1.740000000000000000e+02 4.980000123381614685e+01
1.750000000000000000e+02 5.040000125765800476e+01
1.760000000000000000e+02 5.080000126361846924e+01
1.770000000000000000e+02 5.120000126957893372e+01
1.780000000000000000e+02 5.160000127553939819e+01
1.790000000000000000e+02 5.220000129938125610e+01
1.800000000000000000e+02 5.260000130534172058e+01
1.810000000000000000e+02 5.300000131130218506e+01
1.820000000000000000e+02 5.320000131428241730e+01
1.830000000000000000e+02 5.360000132024288177e+01
1.840000000000000000e+02 5.380000132322311401e+01
1.850000000000000000e+02 5.400000132620334625e+01
1.860000000000000000e+02 5.420000132918357849e+01
1.870000000000000000e+02 5.440000133216381073e+01
1.880000000000000000e+02 5.480000133812427521e+01
1.890000000000000000e+02 5.520000134408473969e+01
1.900000000000000000e+02 5.560000135004520416e+01
1.910000000000000000e+02 5.620000137388706207e+01
1.920000000000000000e+02 5.660000137984752655e+01
1.930000000000000000e+02 5.720000140368938446e+01
1.940000000000000000e+02 5.740000140666961670e+01
1.950000000000000000e+02 5.780000141263008118e+01
1.960000000000000000e+02 5.780000141263008118e+01
1.970000000000000000e+02 5.780000141263008118e+01
1.980000000000000000e+02 5.800000141561031342e+01
1.990000000000000000e+02 5.820000141859054565e+01
2.000000000000000000e+02 5.880000144243240356e+01
2.010000000000000000e+02 5.920000144839286804e+01
2.020000000000000000e+02 5.960000145435333252e+01
2.030000000000000000e+02 6.000000146031379700e+01
2.040000000000000000e+02 6.020000146329402924e+01
2.050000000000000000e+02 6.020000146329402924e+01
2.060000000000000000e+02 6.040000146627426147e+01
2.070000000000000000e+02 6.080000147223472595e+01
2.080000000000000000e+02 6.100000147521495819e+01
2.090000000000000000e+02 6.120000147819519043e+01
2.100000000000000000e+02 6.160000148415565491e+01
2.110000000000000000e+02 6.200000149011611938e+01
2.120000000000000000e+02 6.260000151395797729e+01
2.130000000000000000e+02 6.280000151693820953e+01
2.140000000000000000e+02 6.300000151991844177e+01
2.150000000000000000e+02 6.340000152587890625e+01
2.160000000000000000e+02 6.360000152885913849e+01
2.170000000000000000e+02 6.380000153183937073e+01
2.180000000000000000e+02 6.400000153481960297e+01
2.190000000000000000e+02 6.400000153481960297e+01
2.200000000000000000e+02 6.400000153481960297e+01
2.210000000000000000e+02 6.420000153779983521e+01
2.220000000000000000e+02 6.460000154376029968e+01
2.230000000000000000e+02 6.500000154972076416e+01
2.240000000000000000e+02 6.520000155270099640e+01
2.250000000000000000e+02 6.560000155866146088e+01
2.260000000000000000e+02 6.580000156164169312e+01
2.270000000000000000e+02 6.600000156462192535e+01
2.280000000000000000e+02 6.600000156462192535e+01
2.290000000000000000e+02 6.620000156760215759e+01
2.300000000000000000e+02 6.620000156760215759e+01
2.310000000000000000e+02 6.640000157058238983e+01
2.320000000000000000e+02 6.680000157654285431e+01
2.330000000000000000e+02 6.700000157952308655e+01
2.340000000000000000e+02 6.720000158250331879e+01
2.350000000000000000e+02 6.780000160634517670e+01
2.360000000000000000e+02 6.800000160932540894e+01
2.370000000000000000e+02 6.840000161528587341e+01
2.380000000000000000e+02 6.860000161826610565e+01
2.390000000000000000e+02 6.860000161826610565e+01
2.400000000000000000e+02 6.900000162422657013e+01
2.410000000000000000e+02 6.960000164806842804e+01
2.420000000000000000e+02 6.960000164806842804e+01
2.430000000000000000e+02 6.980000165104866028e+01
2.440000000000000000e+02 7.000000165402889252e+01
2.450000000000000000e+02 7.040000165998935699e+01
2.460000000000000000e+02 7.080000166594982147e+01
2.470000000000000000e+02 7.100000166893005371e+01
2.480000000000000000e+02 7.120000167191028595e+01
2.490000000000000000e+02 7.140000167489051819e+01
2.500000000000000000e+02 7.180000168085098267e+01
2.510000000000000000e+02 7.200000168383121490e+01
2.520000000000000000e+02 7.240000168979167938e+01
2.530000000000000000e+02 7.260000169277191162e+01
2.540000000000000000e+02 7.280000169575214386e+01
2.550000000000000000e+02 7.280000169575214386e+01
2.560000000000000000e+02 7.280000169575214386e+01
2.570000000000000000e+02 7.280000169575214386e+01
2.580000000000000000e+02 7.300000169873237610e+01
2.590000000000000000e+02 7.300000169873237610e+01
2.600000000000000000e+02 7.340000170469284058e+01
2.610000000000000000e+02 7.380000171065330505e+01
2.620000000000000000e+02 7.420000171661376953e+01
2.630000000000000000e+02 7.460000172257423401e+01
2.640000000000000000e+02 7.500000172853469849e+01
2.650000000000000000e+02 7.520000173151493073e+01
2.660000000000000000e+02 7.540000173449516296e+01
2.670000000000000000e+02 7.560000173747539520e+01
2.680000000000000000e+02 7.580000174045562744e+01
2.690000000000000000e+02 7.620000174641609192e+01
2.700000000000000000e+02 7.640000174939632416e+01
2.710000000000000000e+02 7.660000175237655640e+01
2.720000000000000000e+02 7.700000175833702087e+01
2.730000000000000000e+02 7.740000176429748535e+01
2.740000000000000000e+02 7.780000177025794983e+01
2.750000000000000000e+02 7.820000177621841431e+01
2.760000000000000000e+02 7.820000177621841431e+01
2.770000000000000000e+02 7.840000177919864655e+01
2.780000000000000000e+02 7.880000178515911102e+01
2.790000000000000000e+02 7.900000178813934326e+01
2.800000000000000000e+02 7.900000178813934326e+01
2.810000000000000000e+02 7.900000178813934326e+01
2.820000000000000000e+02 7.940000179409980774e+01
2.830000000000000000e+02 7.960000179708003998e+01
2.840000000000000000e+02 7.980000180006027222e+01
2.850000000000000000e+02 8.020000180602073669e+01
2.860000000000000000e+02 8.040000180900096893e+01
2.870000000000000000e+02 8.080000181496143341e+01
2.880000000000000000e+02 8.080000181496143341e+01
2.890000000000000000e+02 8.100000181794166565e+01
2.900000000000000000e+02 8.120000182092189789e+01
2.910000000000000000e+02 8.120000182092189789e+01
2.920000000000000000e+02 8.120000182092189789e+01
2.930000000000000000e+02 8.140000182390213013e+01
2.940000000000000000e+02 8.140000182390213013e+01
2.950000000000000000e+02 8.180000182986259460e+01
2.960000000000000000e+02 8.240000185370445251e+01
2.970000000000000000e+02 8.300000187754631042e+01
2.980000000000000000e+02 8.320000188052654266e+01
2.990000000000000000e+02 8.360000188648700714e+01
3.000000000000000000e+02 8.400000189244747162e+01
3.010000000000000000e+02 8.400000189244747162e+01
3.020000000000000000e+02 8.420000189542770386e+01
3.030000000000000000e+02 8.420000189542770386e+01
3.040000000000000000e+02 8.420000189542770386e+01
3.050000000000000000e+02 8.420000189542770386e+01
3.060000000000000000e+02 8.480000191926956177e+01
3.070000000000000000e+02 8.500000192224979401e+01
3.080000000000000000e+02 8.520000192523002625e+01
3.090000000000000000e+02 8.540000192821025848e+01
3.100000000000000000e+02 8.580000193417072296e+01
3.110000000000000000e+02 8.600000193715095520e+01
3.120000000000000000e+02 8.640000194311141968e+01
3.130000000000000000e+02 8.660000194609165192e+01
3.140000000000000000e+02 8.680000194907188416e+01
3.150000000000000000e+02 8.680000194907188416e+01
3.160000000000000000e+02 8.680000194907188416e+01
3.170000000000000000e+02 8.700000195205211639e+01
3.180000000000000000e+02 8.740000195801258087e+01
3.190000000000000000e+02 8.760000196099281311e+01
3.200000000000000000e+02 8.800000196695327759e+01
3.210000000000000000e+02 8.820000196993350983e+01
3.220000000000000000e+02 8.860000197589397430e+01
3.230000000000000000e+02 8.860000197589397430e+01
3.240000000000000000e+02 8.880000197887420654e+01
3.250000000000000000e+02 8.880000197887420654e+01
3.260000000000000000e+02 8.900000198185443878e+01
3.270000000000000000e+02 8.920000198483467102e+01
3.280000000000000000e+02 8.920000198483467102e+01
3.290000000000000000e+02 8.940000198781490326e+01
3.300000000000000000e+02 8.980000199377536774e+01
3.310000000000000000e+02 9.020000199973583221e+01
3.320000000000000000e+02 9.040000200271606445e+01
3.330000000000000000e+02 9.080000200867652893e+01
3.340000000000000000e+02 9.120000201463699341e+01
3.350000000000000000e+02 9.180000203847885132e+01
3.360000000000000000e+02 9.180000203847885132e+01
3.370000000000000000e+02 9.180000203847885132e+01
3.380000000000000000e+02 9.180000203847885132e+01
3.390000000000000000e+02 9.180000203847885132e+01
3.400000000000000000e+02 9.180000203847885132e+01
3.410000000000000000e+02 9.200000204145908356e+01
3.420000000000000000e+02 9.240000204741954803e+01
3.430000000000000000e+02 9.280000205338001251e+01
3.440000000000000000e+02 9.300000205636024475e+01
3.450000000000000000e+02 9.340000206232070923e+01
3.460000000000000000e+02 9.380000206828117371e+01
3.470000000000000000e+02 9.420000207424163818e+01
3.480000000000000000e+02 9.460000208020210266e+01
3.490000000000000000e+02 9.460000208020210266e+01
3.500000000000000000e+02 9.480000208318233490e+01
3.510000000000000000e+02 9.500000208616256714e+01
3.520000000000000000e+02 9.520000208914279938e+01
3.530000000000000000e+02 9.520000208914279938e+01
3.540000000000000000e+02 9.560000209510326385e+01
3.550000000000000000e+02 9.580000209808349609e+01
3.560000000000000000e+02 9.600000210106372833e+01
3.570000000000000000e+02 9.620000210404396057e+01
3.580000000000000000e+02 9.660000211000442505e+01
3.590000000000000000e+02 9.720000213384628296e+01
3.600000000000000000e+02 9.740000213682651520e+01
3.610000000000000000e+02 9.740000213682651520e+01
3.620000000000000000e+02 9.740000213682651520e+01
3.630000000000000000e+02 9.740000213682651520e+01
3.640000000000000000e+02 9.760000213980674744e+01
3.650000000000000000e+02 9.760000213980674744e+01
3.660000000000000000e+02 9.780000214278697968e+01
3.670000000000000000e+02 9.820000214874744415e+01
3.680000000000000000e+02 9.840000215172767639e+01
3.690000000000000000e+02 9.900000217556953430e+01
3.700000000000000000e+02 9.920000217854976654e+01
3.710000000000000000e+02 9.960000218451023102e+01
3.720000000000000000e+02 9.960000218451023102e+01
3.730000000000000000e+02 9.960000218451023102e+01
3.740000000000000000e+02 9.980000218749046326e+01
3.750000000000000000e+02 9.980000218749046326e+01
3.760000000000000000e+02 9.980000218749046326e+01
3.770000000000000000e+02 1.000000021904706955e+02
3.780000000000000000e+02 1.004000021964311600e+02
3.790000000000000000e+02 1.006000021994113922e+02
3.800000000000000000e+02 1.010000022053718567e+02
3.810000000000000000e+02 1.012000022083520889e+02
3.820000000000000000e+02 1.012000022083520889e+02
3.830000000000000000e+02 1.012000022083520889e+02
3.840000000000000000e+02 1.014000022113323212e+02
3.850000000000000000e+02 1.016000022143125534e+02
3.860000000000000000e+02 1.018000022172927856e+02
3.870000000000000000e+02 1.020000022202730179e+02
3.880000000000000000e+02 1.022000022232532501e+02
3.890000000000000000e+02 1.024000022262334824e+02
3.900000000000000000e+02 1.024000022262334824e+02
3.910000000000000000e+02 1.026000022292137146e+02
3.920000000000000000e+02 1.028000022321939468e+02
3.930000000000000000e+02 1.028000022321939468e+02
3.940000000000000000e+02 1.030000022351741791e+02
3.950000000000000000e+02 1.034000022411346436e+02
3.960000000000000000e+02 1.038000022470951080e+02
3.970000000000000000e+02 1.040000022500753403e+02
3.980000000000000000e+02 1.040000022500753403e+02
3.990000000000000000e+02 1.040000022500753403e+02
4.000000000000000000e+02 1.042000022530555725e+02
4.010000000000000000e+02 1.046000022590160370e+02
4.020000000000000000e+02 1.048000022619962692e+02
4.030000000000000000e+02 1.050000022649765015e+02
4.040000000000000000e+02 1.050000022649765015e+02
4.050000000000000000e+02 1.052000022679567337e+02
4.060000000000000000e+02 1.056000022739171982e+02
4.070000000000000000e+02 1.056000022739171982e+02
4.080000000000000000e+02 1.058000022768974304e+02
4.090000000000000000e+02 1.058000022768974304e+02
4.100000000000000000e+02 1.060000022798776627e+02
4.110000000000000000e+02 1.062000022828578949e+02
4.120000000000000000e+02 1.062000022828578949e+02
4.130000000000000000e+02 1.062000022828578949e+02
4.140000000000000000e+02 1.062000022828578949e+02
4.150000000000000000e+02 1.062000022828578949e+02
4.160000000000000000e+02 1.066000022888183594e+02
4.170000000000000000e+02 1.068000022917985916e+02
4.180000000000000000e+02 1.070000022947788239e+02
4.190000000000000000e+02 1.074000023007392883e+02
4.200000000000000000e+02 1.076000023037195206e+02
4.210000000000000000e+02 1.076000023037195206e+02
4.220000000000000000e+02 1.076000023037195206e+02
4.230000000000000000e+02 1.076000023037195206e+02
4.240000000000000000e+02 1.078000023066997528e+02
4.250000000000000000e+02 1.078000023066997528e+02
4.260000000000000000e+02 1.078000023066997528e+02
4.270000000000000000e+02 1.078000023066997528e+02
4.280000000000000000e+02 1.080000023096799850e+02
4.290000000000000000e+02 1.082000023126602173e+02
4.300000000000000000e+02 1.086000023186206818e+02
4.310000000000000000e+02 1.086000023186206818e+02
4.320000000000000000e+02 1.088000023216009140e+02
4.330000000000000000e+02 1.090000023245811462e+02
4.340000000000000000e+02 1.092000023275613785e+02
4.350000000000000000e+02 1.092000023275613785e+02
4.360000000000000000e+02 1.092000023275613785e+02
4.370000000000000000e+02 1.092000023275613785e+02
4.380000000000000000e+02 1.092000023275613785e+02
4.390000000000000000e+02 1.092000023275613785e+02
4.400000000000000000e+02 1.092000023275613785e+02
4.410000000000000000e+02 1.096000023335218430e+02
4.420000000000000000e+02 1.100000023394823074e+02
4.430000000000000000e+02 1.100000023394823074e+02
4.440000000000000000e+02 1.102000023424625397e+02
4.450000000000000000e+02 1.104000023454427719e+02
4.460000000000000000e+02 1.108000023514032364e+02
4.470000000000000000e+02 1.110000023543834686e+02
4.480000000000000000e+02 1.110000023543834686e+02
4.490000000000000000e+02 1.112000023573637009e+02
4.500000000000000000e+02 1.114000023603439331e+02
4.510000000000000000e+02 1.114000023603439331e+02
4.520000000000000000e+02 1.114000023603439331e+02
4.530000000000000000e+02 1.118000023663043976e+02
4.540000000000000000e+02 1.122000023722648621e+02
4.550000000000000000e+02 1.124000023752450943e+02
4.560000000000000000e+02 1.128000023812055588e+02
4.570000000000000000e+02 1.132000023871660233e+02
4.580000000000000000e+02 1.132000023871660233e+02
4.590000000000000000e+02 1.132000023871660233e+02
4.600000000000000000e+02 1.136000023931264877e+02
4.610000000000000000e+02 1.138000023961067200e+02
4.620000000000000000e+02 1.138000023961067200e+02
4.630000000000000000e+02 1.138000023961067200e+02
4.640000000000000000e+02 1.142000024020671844e+02
4.650000000000000000e+02 1.144000024050474167e+02
4.660000000000000000e+02 1.146000024080276489e+02
4.670000000000000000e+02 1.148000024110078812e+02
4.680000000000000000e+02 1.148000024110078812e+02
4.690000000000000000e+02 1.150000024139881134e+02
4.700000000000000000e+02 1.152000024169683456e+02
4.710000000000000000e+02 1.154000024199485779e+02
4.720000000000000000e+02 1.156000024229288101e+02
4.730000000000000000e+02 1.156000024229288101e+02
4.740000000000000000e+02 1.156000024229288101e+02
4.750000000000000000e+02 1.156000024229288101e+02
4.760000000000000000e+02 1.156000024229288101e+02
4.770000000000000000e+02 1.158000024259090424e+02
4.780000000000000000e+02 1.162000024318695068e+02
4.790000000000000000e+02 1.164000024348497391e+02
4.800000000000000000e+02 1.164000024348497391e+02
4.810000000000000000e+02 1.164000024348497391e+02
4.820000000000000000e+02 1.168000024408102036e+02
4.830000000000000000e+02 1.168000024408102036e+02
4.840000000000000000e+02 1.170000024437904358e+02
4.850000000000000000e+02 1.170000024437904358e+02
4.860000000000000000e+02 1.170000024437904358e+02
4.870000000000000000e+02 1.170000024437904358e+02
4.880000000000000000e+02 1.172000024467706680e+02
4.890000000000000000e+02 1.172000024467706680e+02
4.900000000000000000e+02 1.174000024497509003e+02
4.910000000000000000e+02 1.176000024527311325e+02
4.920000000000000000e+02 1.178000024557113647e+02
4.930000000000000000e+02 1.180000024586915970e+02
4.940000000000000000e+02 1.180000024586915970e+02
4.950000000000000000e+02 1.180000024586915970e+02
4.960000000000000000e+02 1.182000024616718292e+02
4.970000000000000000e+02 1.182000024616718292e+02
4.980000000000000000e+02 1.184000024646520615e+02
4.990000000000000000e+02 1.184000024646520615e+02
5.000000000000000000e+02 1.188000024706125259e+02
5.010000000000000000e+02 1.192000024765729904e+02
5.020000000000000000e+02 1.192000024765729904e+02
5.030000000000000000e+02 1.192000024765729904e+02
5.040000000000000000e+02 1.194000024795532227e+02
5.050000000000000000e+02 1.196000024825334549e+02
5.060000000000000000e+02 1.198000024855136871e+02
5.070000000000000000e+02 1.198000024855136871e+02
5.080000000000000000e+02 1.200000024884939194e+02
5.090000000000000000e+02 1.200000024884939194e+02
5.100000000000000000e+02 1.202000024914741516e+02
5.110000000000000000e+02 1.202000024914741516e+02
5.120000000000000000e+02 1.206000024974346161e+02
5.130000000000000000e+02 1.208000025004148483e+02
5.140000000000000000e+02 1.210000025033950806e+02
5.150000000000000000e+02 1.212000025063753128e+02
5.160000000000000000e+02 1.214000025093555450e+02
5.170000000000000000e+02 1.214000025093555450e+02
5.180000000000000000e+02 1.214000025093555450e+02
5.190000000000000000e+02 1.214000025093555450e+02
5.200000000000000000e+02 1.216000025123357773e+02
5.210000000000000000e+02 1.216000025123357773e+02
5.220000000000000000e+02 1.218000025153160095e+02
5.230000000000000000e+02 1.220000025182962418e+02
5.240000000000000000e+02 1.220000025182962418e+02
5.250000000000000000e+02 1.222000025212764740e+02
5.260000000000000000e+02 1.226000025272369385e+02
5.270000000000000000e+02 1.230000025331974030e+02
5.280000000000000000e+02 1.234000025391578674e+02
5.290000000000000000e+02 1.238000025451183319e+02
5.300000000000000000e+02 1.238000025451183319e+02
5.310000000000000000e+02 1.238000025451183319e+02
5.320000000000000000e+02 1.238000025451183319e+02
5.330000000000000000e+02 1.238000025451183319e+02
5.340000000000000000e+02 1.238000025451183319e+02
5.350000000000000000e+02 1.240000025480985641e+02
5.360000000000000000e+02 1.242000025510787964e+02
5.370000000000000000e+02 1.244000025540590286e+02
5.380000000000000000e+02 1.244000025540590286e+02
5.390000000000000000e+02 1.248000025600194931e+02
5.400000000000000000e+02 1.250000025629997253e+02
5.410000000000000000e+02 1.254000025689601898e+02
5.420000000000000000e+02 1.254000025689601898e+02
5.430000000000000000e+02 1.256000025719404221e+02
5.440000000000000000e+02 1.258000025749206543e+02
5.450000000000000000e+02 1.258000025749206543e+02
5.460000000000000000e+02 1.258000025749206543e+02
5.470000000000000000e+02 1.258000025749206543e+02
5.480000000000000000e+02 1.260000025779008865e+02
5.490000000000000000e+02 1.262000025808811188e+02
5.500000000000000000e+02 1.262000025808811188e+02
5.510000000000000000e+02 1.266000025868415833e+02
5.520000000000000000e+02 1.270000025928020477e+02
5.530000000000000000e+02 1.272000025957822800e+02
5.540000000000000000e+02 1.272000025957822800e+02
5.550000000000000000e+02 1.272000025957822800e+02
5.560000000000000000e+02 1.272000025957822800e+02
5.570000000000000000e+02 1.272000025957822800e+02
5.580000000000000000e+02 1.274000025987625122e+02
5.590000000000000000e+02 1.274000025987625122e+02
5.600000000000000000e+02 1.276000026017427444e+02
5.610000000000000000e+02 1.278000026047229767e+02
5.620000000000000000e+02 1.282000026106834412e+02
5.630000000000000000e+02 1.284000026136636734e+02
5.640000000000000000e+02 1.286000026166439056e+02
5.650000000000000000e+02 1.288000026196241379e+02
5.660000000000000000e+02 1.288000026196241379e+02
5.670000000000000000e+02 1.290000026226043701e+02
5.680000000000000000e+02 1.290000026226043701e+02
5.690000000000000000e+02 1.290000026226043701e+02
5.700000000000000000e+02 1.290000026226043701e+02
5.710000000000000000e+02 1.292000026255846024e+02
5.720000000000000000e+02 1.292000026255846024e+02
5.730000000000000000e+02 1.292000026255846024e+02
5.740000000000000000e+02 1.294000026285648346e+02
5.750000000000000000e+02 1.296000026315450668e+02
5.760000000000000000e+02 1.300000026375055313e+02
5.770000000000000000e+02 1.300000026375055313e+02
5.780000000000000000e+02 1.300000026375055313e+02
5.790000000000000000e+02 1.300000026375055313e+02
5.800000000000000000e+02 1.300000026375055313e+02
5.810000000000000000e+02 1.300000026375055313e+02
5.820000000000000000e+02 1.300000026375055313e+02
5.830000000000000000e+02 1.302000026404857635e+02
5.840000000000000000e+02 1.302000026404857635e+02
5.850000000000000000e+02 1.302000026404857635e+02
5.860000000000000000e+02 1.304000026434659958e+02
5.870000000000000000e+02 1.304000026434659958e+02
5.880000000000000000e+02 1.304000026434659958e+02
5.890000000000000000e+02 1.306000026464462280e+02
5.900000000000000000e+02 1.308000026494264603e+02
5.910000000000000000e+02 1.308000026494264603e+02
5.920000000000000000e+02 1.308000026494264603e+02
5.930000000000000000e+02 1.308000026494264603e+02
5.940000000000000000e+02 1.308000026494264603e+02
5.950000000000000000e+02 1.312000026553869247e+02
5.960000000000000000e+02 1.312000026553869247e+02
5.970000000000000000e+02 1.314000026583671570e+02
5.980000000000000000e+02 1.314000026583671570e+02
5.990000000000000000e+02 1.314000026583671570e+02
6.000000000000000000e+02 1.314000026583671570e+02
6.010000000000000000e+02 1.314000026583671570e+02
6.020000000000000000e+02 1.314000026583671570e+02
6.030000000000000000e+02 1.314000026583671570e+02
6.040000000000000000e+02 1.314000026583671570e+02
6.050000000000000000e+02 1.316000026613473892e+02
6.060000000000000000e+02 1.316000026613473892e+02
6.070000000000000000e+02 1.320000026673078537e+02
6.080000000000000000e+02 1.320000026673078537e+02
6.090000000000000000e+02 1.322000026702880859e+02
6.100000000000000000e+02 1.324000026732683182e+02
6.110000000000000000e+02 1.324000026732683182e+02
6.120000000000000000e+02 1.324000026732683182e+02
6.130000000000000000e+02 1.324000026732683182e+02
6.140000000000000000e+02 1.324000026732683182e+02
6.150000000000000000e+02 1.324000026732683182e+02
6.160000000000000000e+02 1.324000026732683182e+02
6.170000000000000000e+02 1.326000026762485504e+02
6.180000000000000000e+02 1.328000026792287827e+02
6.190000000000000000e+02 1.328000026792287827e+02
6.200000000000000000e+02 1.328000026792287827e+02
6.210000000000000000e+02 1.330000026822090149e+02
6.220000000000000000e+02 1.330000026822090149e+02
6.230000000000000000e+02 1.332000026851892471e+02
6.240000000000000000e+02 1.334000026881694794e+02
6.250000000000000000e+02 1.334000026881694794e+02
6.260000000000000000e+02 1.334000026881694794e+02
6.270000000000000000e+02 1.334000026881694794e+02
6.280000000000000000e+02 1.334000026881694794e+02
6.290000000000000000e+02 1.334000026881694794e+02
6.300000000000000000e+02 1.336000026911497116e+02
6.310000000000000000e+02 1.336000026911497116e+02
6.320000000000000000e+02 1.336000026911497116e+02
6.330000000000000000e+02 1.338000026941299438e+02
6.340000000000000000e+02 1.340000026971101761e+02
6.350000000000000000e+02 1.340000026971101761e+02
6.360000000000000000e+02 1.342000027000904083e+02
6.370000000000000000e+02 1.342000027000904083e+02
6.380000000000000000e+02 1.342000027000904083e+02
6.390000000000000000e+02 1.342000027000904083e+02
6.400000000000000000e+02 1.344000027030706406e+02
6.410000000000000000e+02 1.344000027030706406e+02
6.420000000000000000e+02 1.344000027030706406e+02
6.430000000000000000e+02 1.346000027060508728e+02
6.440000000000000000e+02 1.346000027060508728e+02
6.450000000000000000e+02 1.348000027090311050e+02
6.460000000000000000e+02 1.348000027090311050e+02
6.470000000000000000e+02 1.348000027090311050e+02
6.480000000000000000e+02 1.348000027090311050e+02
6.490000000000000000e+02 1.350000027120113373e+02
6.500000000000000000e+02 1.350000027120113373e+02
6.510000000000000000e+02 1.350000027120113373e+02
6.520000000000000000e+02 1.350000027120113373e+02
6.530000000000000000e+02 1.350000027120113373e+02
6.540000000000000000e+02 1.350000027120113373e+02
6.550000000000000000e+02 1.352000027149915695e+02
6.560000000000000000e+02 1.356000027209520340e+02
6.570000000000000000e+02 1.356000027209520340e+02
6.580000000000000000e+02 1.358000027239322662e+02
6.590000000000000000e+02 1.358000027239322662e+02
6.600000000000000000e+02 1.358000027239322662e+02
6.610000000000000000e+02 1.358000027239322662e+02
6.620000000000000000e+02 1.358000027239322662e+02
6.630000000000000000e+02 1.358000027239322662e+02
6.640000000000000000e+02 1.358000027239322662e+02
6.650000000000000000e+02 1.360000027269124985e+02
6.660000000000000000e+02 1.360000027269124985e+02
6.670000000000000000e+02 1.362000027298927307e+02
6.680000000000000000e+02 1.362000027298927307e+02
6.690000000000000000e+02 1.366000027358531952e+02
6.700000000000000000e+02 1.366000027358531952e+02
6.710000000000000000e+02 1.366000027358531952e+02
6.720000000000000000e+02 1.366000027358531952e+02
6.730000000000000000e+02 1.366000027358531952e+02
6.740000000000000000e+02 1.366000027358531952e+02
6.750000000000000000e+02 1.366000027358531952e+02
6.760000000000000000e+02 1.366000027358531952e+02
6.770000000000000000e+02 1.366000027358531952e+02
6.780000000000000000e+02 1.366000027358531952e+02
6.790000000000000000e+02 1.366000027358531952e+02
6.800000000000000000e+02 1.368000027388334274e+02
6.810000000000000000e+02 1.368000027388334274e+02
6.820000000000000000e+02 1.368000027388334274e+02
6.830000000000000000e+02 1.370000027418136597e+02
6.840000000000000000e+02 1.370000027418136597e+02
6.850000000000000000e+02 1.370000027418136597e+02
6.860000000000000000e+02 1.370000027418136597e+02
6.870000000000000000e+02 1.370000027418136597e+02
6.880000000000000000e+02 1.370000027418136597e+02
6.890000000000000000e+02 1.370000027418136597e+02
6.900000000000000000e+02 1.372000027447938919e+02
6.910000000000000000e+02 1.376000027507543564e+02
6.920000000000000000e+02 1.376000027507543564e+02
6.930000000000000000e+02 1.378000027537345886e+02
6.940000000000000000e+02 1.378000027537345886e+02
6.950000000000000000e+02 1.380000027567148209e+02
6.960000000000000000e+02 1.382000027596950531e+02
6.970000000000000000e+02 1.382000027596950531e+02
6.980000000000000000e+02 1.382000027596950531e+02
6.990000000000000000e+02 1.382000027596950531e+02
7.000000000000000000e+02 1.384000027626752853e+02
7.010000000000000000e+02 1.384000027626752853e+02
7.020000000000000000e+02 1.384000027626752853e+02
7.030000000000000000e+02 1.384000027626752853e+02
7.040000000000000000e+02 1.386000027656555176e+02
7.050000000000000000e+02 1.386000027656555176e+02
7.060000000000000000e+02 1.386000027656555176e+02
7.070000000000000000e+02 1.386000027656555176e+02
7.080000000000000000e+02 1.386000027656555176e+02
7.090000000000000000e+02 1.390000027716159821e+02
7.100000000000000000e+02 1.390000027716159821e+02
7.110000000000000000e+02 1.390000027716159821e+02
7.120000000000000000e+02 1.392000027745962143e+02
7.130000000000000000e+02 1.392000027745962143e+02
7.140000000000000000e+02 1.392000027745962143e+02
7.150000000000000000e+02 1.392000027745962143e+02
7.160000000000000000e+02 1.392000027745962143e+02
7.170000000000000000e+02 1.396000027805566788e+02
7.180000000000000000e+02 1.396000027805566788e+02
7.190000000000000000e+02 1.396000027805566788e+02
7.200000000000000000e+02 1.396000027805566788e+02
7.210000000000000000e+02 1.396000027805566788e+02
7.220000000000000000e+02 1.398000027835369110e+02
7.230000000000000000e+02 1.400000027865171432e+02
7.240000000000000000e+02 1.400000027865171432e+02
7.250000000000000000e+02 1.400000027865171432e+02
7.260000000000000000e+02 1.400000027865171432e+02
7.270000000000000000e+02 1.400000027865171432e+02
7.280000000000000000e+02 1.400000027865171432e+02
7.290000000000000000e+02 1.402000027894973755e+02
7.300000000000000000e+02 1.404000027924776077e+02
7.310000000000000000e+02 1.404000027924776077e+02
7.320000000000000000e+02 1.406000027954578400e+02
7.330000000000000000e+02 1.408000027984380722e+02
7.340000000000000000e+02 1.408000027984380722e+02
7.350000000000000000e+02 1.408000027984380722e+02
7.360000000000000000e+02 1.408000027984380722e+02
7.370000000000000000e+02 1.408000027984380722e+02
7.380000000000000000e+02 1.408000027984380722e+02
7.390000000000000000e+02 1.412000028043985367e+02
7.400000000000000000e+02 1.414000028073787689e+02
7.410000000000000000e+02 1.414000028073787689e+02
7.420000000000000000e+02 1.414000028073787689e+02
7.430000000000000000e+02 1.414000028073787689e+02
7.440000000000000000e+02 1.416000028103590012e+02
7.450000000000000000e+02 1.416000028103590012e+02
7.460000000000000000e+02 1.416000028103590012e+02
7.470000000000000000e+02 1.416000028103590012e+02
7.480000000000000000e+02 1.420000028163194656e+02
7.490000000000000000e+02 1.420000028163194656e+02
7.500000000000000000e+02 1.424000028222799301e+02
7.510000000000000000e+02 1.426000028252601624e+02
7.520000000000000000e+02 1.430000028312206268e+02
7.530000000000000000e+02 1.432000028342008591e+02
7.540000000000000000e+02 1.434000028371810913e+02
7.550000000000000000e+02 1.436000028401613235e+02
7.560000000000000000e+02 1.436000028401613235e+02
7.570000000000000000e+02 1.438000028431415558e+02
7.580000000000000000e+02 1.440000028461217880e+02
7.590000000000000000e+02 1.444000028520822525e+02
7.600000000000000000e+02 1.446000028550624847e+02
7.610000000000000000e+02 1.446000028550624847e+02
7.620000000000000000e+02 1.448000028580427170e+02
7.630000000000000000e+02 1.448000028580427170e+02
7.640000000000000000e+02 1.452000028640031815e+02
7.650000000000000000e+02 1.454000028669834137e+02
7.660000000000000000e+02 1.458000028729438782e+02
7.670000000000000000e+02 1.460000028759241104e+02
7.680000000000000000e+02 1.462000028789043427e+02
7.690000000000000000e+02 1.466000028848648071e+02
7.700000000000000000e+02 1.468000028878450394e+02
7.710000000000000000e+02 1.468000028878450394e+02
7.720000000000000000e+02 1.470000028908252716e+02
7.730000000000000000e+02 1.472000028938055038e+02
7.740000000000000000e+02 1.476000028997659683e+02
7.750000000000000000e+02 1.476000028997659683e+02
7.760000000000000000e+02 1.480000029057264328e+02
7.770000000000000000e+02 1.484000029116868973e+02
7.780000000000000000e+02 1.484000029116868973e+02
7.790000000000000000e+02 1.488000029176473618e+02
7.800000000000000000e+02 1.488000029176473618e+02
7.810000000000000000e+02 1.490000029206275940e+02
7.820000000000000000e+02 1.490000029206275940e+02
7.830000000000000000e+02 1.494000029265880585e+02
7.840000000000000000e+02 1.496000029295682907e+02
7.850000000000000000e+02 1.498000029325485229e+02
7.860000000000000000e+02 1.500000029355287552e+02
7.870000000000000000e+02 1.500000029355287552e+02
7.880000000000000000e+02 1.504000029414892197e+02
7.890000000000000000e+02 1.508000029474496841e+02
7.900000000000000000e+02 1.510000029504299164e+02
7.910000000000000000e+02 1.512000029534101486e+02
7.920000000000000000e+02 1.514000029563903809e+02
7.930000000000000000e+02 1.518000029623508453e+02
7.940000000000000000e+02 1.520000029653310776e+02
7.950000000000000000e+02 1.520000029653310776e+02
7.960000000000000000e+02 1.522000029683113098e+02
7.970000000000000000e+02 1.524000029712915421e+02
7.980000000000000000e+02 1.526000029742717743e+02
7.990000000000000000e+02 1.528000029772520065e+02
8.000000000000000000e+02 1.530000029802322388e+02
8.010000000000000000e+02 1.532000029832124710e+02
8.020000000000000000e+02 1.536000029891729355e+02
8.030000000000000000e+02 1.540000029951334000e+02
8.040000000000000000e+02 1.544000030010938644e+02
8.050000000000000000e+02 1.546000030040740967e+02
8.060000000000000000e+02 1.546000030040740967e+02
8.070000000000000000e+02 1.548000030070543289e+02
8.080000000000000000e+02 1.548000030070543289e+02
8.090000000000000000e+02 1.548000030070543289e+02
8.100000000000000000e+02 1.552000030130147934e+02
8.110000000000000000e+02 1.552000030130147934e+02
8.120000000000000000e+02 1.556000030189752579e+02
8.130000000000000000e+02 1.556000030189752579e+02
8.140000000000000000e+02 1.560000030249357224e+02
8.150000000000000000e+02 1.564000030308961868e+02
8.160000000000000000e+02 1.568000030368566513e+02
8.170000000000000000e+02 1.568000030368566513e+02
8.180000000000000000e+02 1.568000030368566513e+02
8.190000000000000000e+02 1.572000030428171158e+02
8.200000000000000000e+02 1.574000030457973480e+02
8.210000000000000000e+02 1.578000030517578125e+02
8.220000000000000000e+02 1.578000030517578125e+02
8.230000000000000000e+02 1.580000030547380447e+02
8.240000000000000000e+02 1.580000030547380447e+02
8.250000000000000000e+02 1.582000030577182770e+02
8.260000000000000000e+02 1.586000030636787415e+02
8.270000000000000000e+02 1.588000030666589737e+02
8.280000000000000000e+02 1.592000030726194382e+02
8.290000000000000000e+02 1.596000030785799026e+02
8.300000000000000000e+02 1.598000030815601349e+02
8.310000000000000000e+02 1.600000030845403671e+02
8.320000000000000000e+02 1.602000030875205994e+02
8.330000000000000000e+02 1.606000030934810638e+02
8.340000000000000000e+02 1.608000030964612961e+02
8.350000000000000000e+02 1.608000030964612961e+02
8.360000000000000000e+02 1.610000030994415283e+02
8.370000000000000000e+02 1.612000031024217606e+02
8.380000000000000000e+02 1.616000031083822250e+02
8.390000000000000000e+02 1.618000031113624573e+02
8.400000000000000000e+02 1.620000031143426895e+02
8.410000000000000000e+02 1.622000031173229218e+02
8.420000000000000000e+02 1.626000031232833862e+02
8.430000000000000000e+02 1.628000031262636185e+02
8.440000000000000000e+02 1.630000031292438507e+02
8.450000000000000000e+02 1.630000031292438507e+02
8.460000000000000000e+02 1.630000031292438507e+02
8.470000000000000000e+02 1.634000031352043152e+02
8.480000000000000000e+02 1.636000031381845474e+02
8.490000000000000000e+02 1.638000031411647797e+02
8.500000000000000000e+02 1.642000031471252441e+02
8.510000000000000000e+02 1.642000031471252441e+02
8.520000000000000000e+02 1.644000031501054764e+02
8.530000000000000000e+02 1.648000031560659409e+02
8.540000000000000000e+02 1.650000031590461731e+02
8.550000000000000000e+02 1.654000031650066376e+02
8.560000000000000000e+02 1.654000031650066376e+02
8.570000000000000000e+02 1.654000031650066376e+02
8.580000000000000000e+02 1.654000031650066376e+02
8.590000000000000000e+02 1.654000031650066376e+02
8.600000000000000000e+02 1.656000031679868698e+02
8.610000000000000000e+02 1.662000031918287277e+02
8.620000000000000000e+02 1.668000032156705856e+02
8.630000000000000000e+02 1.672000032216310501e+02
8.640000000000000000e+02 1.676000032275915146e+02
8.650000000000000000e+02 1.680000032335519791e+02
8.660000000000000000e+02 1.680000032335519791e+02
8.670000000000000000e+02 1.682000032365322113e+02
8.680000000000000000e+02 1.686000032424926758e+02
8.690000000000000000e+02 1.686000032424926758e+02
8.700000000000000000e+02 1.688000032454729080e+02
8.710000000000000000e+02 1.688000032454729080e+02
8.720000000000000000e+02 1.690000032484531403e+02
8.730000000000000000e+02 1.692000032514333725e+02
8.740000000000000000e+02 1.696000032573938370e+02
8.750000000000000000e+02 1.696000032573938370e+02
8.760000000000000000e+02 1.700000032633543015e+02
8.770000000000000000e+02 1.704000032693147659e+02
8.780000000000000000e+02 1.704000032693147659e+02
8.790000000000000000e+02 1.706000032722949982e+02
8.800000000000000000e+02 1.706000032722949982e+02
8.810000000000000000e+02 1.706000032722949982e+02
8.820000000000000000e+02 1.706000032722949982e+02
8.830000000000000000e+02 1.710000032782554626e+02
8.840000000000000000e+02 1.710000032782554626e+02
8.850000000000000000e+02 1.716000033020973206e+02
8.860000000000000000e+02 1.720000033080577850e+02
8.870000000000000000e+02 1.722000033110380173e+02
8.880000000000000000e+02 1.724000033140182495e+02
8.890000000000000000e+02 1.726000033169984818e+02
8.900000000000000000e+02 1.728000033199787140e+02
8.910000000000000000e+02 1.730000033229589462e+02
8.920000000000000000e+02 1.730000033229589462e+02
8.930000000000000000e+02 1.730000033229589462e+02
8.940000000000000000e+02 1.732000033259391785e+02
8.950000000000000000e+02 1.734000033289194107e+02
8.960000000000000000e+02 1.738000033348798752e+02
8.970000000000000000e+02 1.742000033408403397e+02
8.980000000000000000e+02 1.742000033408403397e+02
8.990000000000000000e+02 1.744000033438205719e+02
9.000000000000000000e+02 1.746000033468008041e+02
