0.000000000000000000e+00 0.000000000000000000e+00
1.000000000000000000e+00 0.000000000000000000e+00
2.000000000000000000e+00 0.000000000000000000e+00
3.000000000000000000e+00 0.000000000000000000e+00
4.000000000000000000e+00 0.000000000000000000e+00
5.000000000000000000e+00 0.000000000000000000e+00
6.000000000000000000e+00 0.000000000000000000e+00
7.000000000000000000e+00 0.000000000000000000e+00
8.000000000000000000e+00 0.000000000000000000e+00
9.000000000000000000e+00 0.000000000000000000e+00
1.000000000000000000e+01 0.000000000000000000e+00
1.100000000000000000e+01 0.000000000000000000e+00
1.200000000000000000e+01 0.000000000000000000e+00
1.300000000000000000e+01 0.000000000000000000e+00
1.400000000000000000e+01 2.000000029802322388e-01
1.500000000000000000e+01 2.000000029802322388e-01
1.600000000000000000e+01 8.000000268220901489e-01
1.700000000000000000e+01 8.000000268220901489e-01
1.800000000000000000e+01 1.200000032782554626e+00
1.900000000000000000e+01 2.000000044703483582e+00
2.000000000000000000e+01 3.400000020861625671e+00
2.100000000000000000e+01 4.000000044703483582e+00
2.200000000000000000e+01 4.400000050663948059e+00
2.300000000000000000e+01 4.800000056624412537e+00
2.400000000000000000e+01 5.000000059604644775e+00
2.500000000000000000e+01 5.000000059604644775e+00
2.600000000000000000e+01 5.200000062584877014e+00
2.700000000000000000e+01 5.400000065565109253e+00
2.800000000000000000e+01 5.800000071525573730e+00
2.900000000000000000e+01 5.800000071525573730e+00
3.000000000000000000e+01 6.400000095367431641e+00
3.100000000000000000e+01 7.000000119209289551e+00
3.200000000000000000e+01 8.200000166893005371e+00
3.300000000000000000e+01 9.000000178813934326e+00
3.400000000000000000e+01 9.400000184774398804e+00
3.500000000000000000e+01 9.800000190734863281e+00
3.600000000000000000e+01 9.800000190734863281e+00
3.700000000000000000e+01 1.000000019371509552e+01
3.800000000000000000e+01 1.000000019371509552e+01
3.900000000000000000e+01 1.040000019967556000e+01
4.000000000000000000e+01 1.040000019967556000e+01
4.100000000000000000e+01 1.100000022351741791e+01
4.200000000000000000e+01 1.180000023543834686e+01
4.300000000000000000e+01 1.240000025928020477e+01
4.400000000000000000e+01 1.340000025928020477e+01
4.500000000000000000e+01 1.380000026524066925e+01
4.600000000000000000e+01 1.420000027120113373e+01
4.700000000000000000e+01 1.440000027418136597e+01
4.800000000000000000e+01 1.440000027418136597e+01
4.900000000000000000e+01 1.460000027716159821e+01
5.000000000000000000e+01 1.480000028014183044e+01
5.100000000000000000e+01 1.500000028312206268e+01
5.200000000000000000e+01 1.540000028908252716e+01
5.300000000000000000e+01 1.580000029504299164e+01
5.400000000000000000e+01 1.620000030100345612e+01
5.500000000000000000e+01 1.680000032484531403e+01
5.600000000000000000e+01 1.800000037252902985e+01
5.700000000000000000e+01 1.880000038444995880e+01
5.800000000000000000e+01 1.920000039041042328e+01
5.900000000000000000e+01 1.940000039339065552e+01
6.000000000000000000e+01 1.940000039339065552e+01
6.100000000000000000e+01 1.940000039339065552e+01
6.200000000000000000e+01 1.980000039935112000e+01
6.300000000000000000e+01 2.000000040233135223e+01
6.400000000000000000e+01 2.000000040233135223e+01
6.500000000000000000e+01 2.060000042617321014e+01
6.600000000000000000e+01 2.100000043213367462e+01
6.700000000000000000e+01 2.220000047981739044e+01
6.800000000000000000e+01 2.340000052750110626e+01
6.900000000000000000e+01 2.400000055134296417e+01
7.000000000000000000e+01 2.420000055432319641e+01
7.100000000000000000e+01 2.440000055730342865e+01
7.200000000000000000e+01 2.440000055730342865e+01
7.300000000000000000e+01 2.440000055730342865e+01
7.400000000000000000e+01 2.440000055730342865e+01
7.500000000000000000e+01 2.480000056326389313e+01
7.600000000000000000e+01 2.480000056326389313e+01
7.700000000000000000e+01 2.540000058710575104e+01
7.800000000000000000e+01 2.540000058710575104e+01
7.900000000000000000e+01 2.600000061094760895e+01
8.000000000000000000e+01 2.680000062286853790e+01
8.100000000000000000e+01 2.780000062286853790e+01
8.200000000000000000e+01 2.820000062882900238e+01
8.300000000000000000e+01 2.840000063180923462e+01
8.400000000000000000e+01 2.860000063478946686e+01
8.500000000000000000e+01 2.860000063478946686e+01
8.600000000000000000e+01 2.920000065863132477e+01
8.700000000000000000e+01 2.920000065863132477e+01
8.800000000000000000e+01 2.940000066161155701e+01
8.900000000000000000e+01 2.960000066459178925e+01
9.000000000000000000e+01 2.980000066757202148e+01
9.100000000000000000e+01 3.040000069141387939e+01
9.200000000000000000e+01 3.100000071525573730e+01
9.300000000000000000e+01 3.260000073909759521e+01
9.400000000000000000e+01 3.320000076293945312e+01
9.500000000000000000e+01 3.340000076591968536e+01
9.600000000000000000e+01 3.360000076889991760e+01
9.700000000000000000e+01 3.360000076889991760e+01
9.800000000000000000e+01 3.380000077188014984e+01
9.900000000000000000e+01 3.400000077486038208e+01
1.000000000000000000e+02 3.440000078082084656e+01
1.010000000000000000e+02 3.480000078678131104e+01
1.020000000000000000e+02 3.520000079274177551e+01
1.030000000000000000e+02 3.620000079274177551e+01
1.040000000000000000e+02 3.680000081658363342e+01
1.050000000000000000e+02 3.760000082850456238e+01
1.060000000000000000e+02 3.780000083148479462e+01
1.070000000000000000e+02 3.820000083744525909e+01
1.080000000000000000e+02 3.820000083744525909e+01
1.090000000000000000e+02 3.820000083744525909e+01
1.100000000000000000e+02 3.820000083744525909e+01
1.110000000000000000e+02 3.860000084340572357e+01
1.120000000000000000e+02 3.880000084638595581e+01
1.130000000000000000e+02 3.920000085234642029e+01
1.140000000000000000e+02 3.940000085532665253e+01
1.150000000000000000e+02 4.000000087916851044e+01
1.160000000000000000e+02 4.100000087916851044e+01
1.170000000000000000e+02 4.200000087916851044e+01
1.180000000000000000e+02 4.220000088214874268e+01
1.190000000000000000e+02 4.240000088512897491e+01
1.200000000000000000e+02 4.260000088810920715e+01
1.210000000000000000e+02 4.280000089108943939e+01
1.220000000000000000e+02 4.280000089108943939e+01
1.230000000000000000e+02 4.280000089108943939e+01
1.240000000000000000e+02 4.300000089406967163e+01
1.250000000000000000e+02 4.320000089704990387e+01
1.260000000000000000e+02 4.380000092089176178e+01
1.270000000000000000e+02 4.440000094473361969e+01
1.280000000000000000e+02 4.580000092089176178e+01
1.290000000000000000e+02 4.640000094473361969e+01
1.300000000000000000e+02 4.700000096857547760e+01
1.310000000000000000e+02 4.760000099241733551e+01
1.320000000000000000e+02 4.760000099241733551e+01
1.330000000000000000e+02 4.760000099241733551e+01
1.340000000000000000e+02 4.780000099539756775e+01
1.350000000000000000e+02 4.780000099539756775e+01
1.360000000000000000e+02 4.840000101923942566e+01
1.370000000000000000e+02 4.880000102519989014e+01
1.380000000000000000e+02 4.920000103116035461e+01
1.390000000000000000e+02 4.960000103712081909e+01
1.400000000000000000e+02 5.100000101327896118e+01
1.410000000000000000e+02 5.160000103712081909e+01
1.420000000000000000e+02 5.200000104308128357e+01
1.430000000000000000e+02 5.220000104606151581e+01
1.440000000000000000e+02 5.220000104606151581e+01
1.450000000000000000e+02 5.220000104606151581e+01
1.460000000000000000e+02 5.220000104606151581e+01
1.470000000000000000e+02 5.240000104904174805e+01
1.480000000000000000e+02 5.240000104904174805e+01
1.490000000000000000e+02 5.300000107288360596e+01
1.500000000000000000e+02 5.360000109672546387e+01
1.510000000000000000e+02 5.400000110268592834e+01
1.520000000000000000e+02 5.480000111460685730e+01
1.530000000000000000e+02 5.640000113844871521e+01
1.540000000000000000e+02 5.680000114440917969e+01
1.550000000000000000e+02 5.680000114440917969e+01
1.560000000000000000e+02 5.680000114440917969e+01
1.570000000000000000e+02 5.740000116825103760e+01
1.580000000000000000e+02 5.780000117421150208e+01
1.590000000000000000e+02 5.780000117421150208e+01
1.600000000000000000e+02 5.800000117719173431e+01
1.610000000000000000e+02 5.860000120103359222e+01
1.620000000000000000e+02 5.900000120699405670e+01
1.630000000000000000e+02 5.960000123083591461e+01
1.640000000000000000e+02 6.020000125467777252e+01
1.650000000000000000e+02 6.140000130236148834e+01
1.660000000000000000e+02 6.160000130534172058e+01
1.670000000000000000e+02 6.180000130832195282e+01
1.680000000000000000e+02 6.200000131130218506e+01
1.690000000000000000e+02 6.220000131428241730e+01
1.700000000000000000e+02 6.240000131726264954e+01
1.710000000000000000e+02 6.260000132024288177e+01
1.720000000000000000e+02 6.300000132620334625e+01
1.730000000000000000e+02 6.340000133216381073e+01
1.740000000000000000e+02 6.360000133514404297e+01
1.750000000000000000e+02 6.420000135898590088e+01
1.760000000000000000e+02 6.520000135898590088e+01
1.770000000000000000e+02 6.580000138282775879e+01
1.780000000000000000e+02 6.660000139474868774e+01
1.790000000000000000e+02 6.680000139772891998e+01
1.800000000000000000e+02 6.700000140070915222e+01
1.810000000000000000e+02 6.720000140368938446e+01
1.820000000000000000e+02 6.720000140368938446e+01
1.830000000000000000e+02 6.740000140666961670e+01
1.840000000000000000e+02 6.780000141263008118e+01
1.850000000000000000e+02 6.820000141859054565e+01
1.860000000000000000e+02 6.860000142455101013e+01
1.870000000000000000e+02 6.980000147223472595e+01
1.880000000000000000e+02 7.040000149607658386e+01
1.890000000000000000e+02 7.080000150203704834e+01
1.900000000000000000e+02 7.100000150501728058e+01
1.910000000000000000e+02 7.120000150799751282e+01
1.920000000000000000e+02 7.140000151097774506e+01
1.930000000000000000e+02 7.180000151693820953e+01
1.940000000000000000e+02 7.180000151693820953e+01
1.950000000000000000e+02 7.200000151991844177e+01
1.960000000000000000e+02 7.200000151991844177e+01
1.970000000000000000e+02 7.300000151991844177e+01
1.980000000000000000e+02 7.340000152587890625e+01
1.990000000000000000e+02 7.400000154972076416e+01
2.000000000000000000e+02 7.460000157356262207e+01
2.010000000000000000e+02 7.460000157356262207e+01
2.020000000000000000e+02 7.460000157356262207e+01
2.030000000000000000e+02 7.500000157952308655e+01
2.040000000000000000e+02 7.500000157952308655e+01
2.050000000000000000e+02 7.520000158250331879e+01
2.060000000000000000e+02 7.520000158250331879e+01
2.070000000000000000e+02 7.540000158548355103e+01
2.080000000000000000e+02 7.580000159144401550e+01
2.090000000000000000e+02 7.620000159740447998e+01
2.100000000000000000e+02 7.720000159740447998e+01
2.110000000000000000e+02 7.780000162124633789e+01
2.120000000000000000e+02 7.820000162720680237e+01
2.130000000000000000e+02 7.840000163018703461e+01
2.140000000000000000e+02 7.840000163018703461e+01
2.150000000000000000e+02 7.860000163316726685e+01
2.160000000000000000e+02 7.860000163316726685e+01
2.170000000000000000e+02 7.860000163316726685e+01
2.180000000000000000e+02 7.880000163614749908e+01
2.190000000000000000e+02 7.880000163614749908e+01
2.200000000000000000e+02 7.880000163614749908e+01
2.210000000000000000e+02 7.960000164806842804e+01
2.220000000000000000e+02 8.060000164806842804e+01
2.230000000000000000e+02 8.120000167191028595e+01
2.240000000000000000e+02 8.140000167489051819e+01
2.250000000000000000e+02 8.160000167787075043e+01
2.260000000000000000e+02 8.200000168383121490e+01
2.270000000000000000e+02 8.200000168383121490e+01
2.280000000000000000e+02 8.220000168681144714e+01
2.290000000000000000e+02 8.220000168681144714e+01
2.300000000000000000e+02 8.260000169277191162e+01
2.310000000000000000e+02 8.280000169575214386e+01
2.320000000000000000e+02 8.320000170171260834e+01
2.330000000000000000e+02 8.340000170469284058e+01
2.340000000000000000e+02 8.440000170469284058e+01
2.350000000000000000e+02 8.500000172853469849e+01
2.360000000000000000e+02 8.540000173449516296e+01
2.370000000000000000e+02 8.560000173747539520e+01
2.380000000000000000e+02 8.580000174045562744e+01
2.390000000000000000e+02 8.580000174045562744e+01
2.400000000000000000e+02 8.580000174045562744e+01
2.410000000000000000e+02 8.580000174045562744e+01
2.420000000000000000e+02 8.580000174045562744e+01
2.430000000000000000e+02 8.580000174045562744e+01
2.440000000000000000e+02 8.620000174641609192e+01
2.450000000000000000e+02 8.680000177025794983e+01
2.460000000000000000e+02 8.740000179409980774e+01
2.470000000000000000e+02 8.780000180006027222e+01
2.480000000000000000e+02 8.840000182390213013e+01
2.490000000000000000e+02 8.880000182986259460e+01
2.500000000000000000e+02 8.900000183284282684e+01
2.510000000000000000e+02 8.920000183582305908e+01
2.520000000000000000e+02 8.940000183880329132e+01
2.530000000000000000e+02 8.940000183880329132e+01
2.540000000000000000e+02 8.940000183880329132e+01
2.550000000000000000e+02 8.960000184178352356e+01
2.560000000000000000e+02 8.980000184476375580e+01
2.570000000000000000e+02 9.040000186860561371e+01
2.580000000000000000e+02 9.140000186860561371e+01
2.590000000000000000e+02 9.200000189244747162e+01
2.600000000000000000e+02 9.240000189840793610e+01
2.610000000000000000e+02 9.280000190436840057e+01
2.620000000000000000e+02 9.300000190734863281e+01
2.630000000000000000e+02 9.320000191032886505e+01
2.640000000000000000e+02 9.320000191032886505e+01
2.650000000000000000e+02 9.340000191330909729e+01
2.660000000000000000e+02 9.360000191628932953e+01
2.670000000000000000e+02 9.400000192224979401e+01
2.680000000000000000e+02 9.440000192821025848e+01
2.690000000000000000e+02 9.480000193417072296e+01
2.700000000000000000e+02 9.540000195801258087e+01
2.710000000000000000e+02 9.580000196397304535e+01
2.720000000000000000e+02 9.620000196993350983e+01
2.730000000000000000e+02 9.620000196993350983e+01
2.740000000000000000e+02 9.640000197291374207e+01
2.750000000000000000e+02 9.640000197291374207e+01
2.760000000000000000e+02 9.640000197291374207e+01
2.770000000000000000e+02 9.660000197589397430e+01
2.780000000000000000e+02 9.680000197887420654e+01
2.790000000000000000e+02 9.680000197887420654e+01
2.800000000000000000e+02 9.720000198483467102e+01
2.810000000000000000e+02 9.740000198781490326e+01
2.820000000000000000e+02 9.800000201165676117e+01
2.830000000000000000e+02 9.900000201165676117e+01
2.840000000000000000e+02 9.960000203549861908e+01
2.850000000000000000e+02 9.980000203847885132e+01
2.860000000000000000e+02 1.000000020414590836e+02
2.870000000000000000e+02 1.000000020414590836e+02
2.880000000000000000e+02 1.000000020414590836e+02
2.890000000000000000e+02 1.000000020414590836e+02
2.900000000000000000e+02 1.000000020414590836e+02
2.910000000000000000e+02 1.004000020474195480e+02
2.920000000000000000e+02 1.006000020503997803e+02
2.930000000000000000e+02 1.014000020623207092e+02
2.940000000000000000e+02 1.020000020861625671e+02
2.950000000000000000e+02 1.026000021100044250e+02
2.960000000000000000e+02 1.028000021129846573e+02
2.970000000000000000e+02 1.030000021159648895e+02
2.980000000000000000e+02 1.032000021189451218e+02
2.990000000000000000e+02 1.032000021189451218e+02
3.000000000000000000e+02 1.032000021189451218e+02
3.010000000000000000e+02 1.032000021189451218e+02
3.020000000000000000e+02 1.032000021189451218e+02
3.030000000000000000e+02 1.034000021219253540e+02
3.040000000000000000e+02 1.038000021278858185e+02
3.050000000000000000e+02 1.040000021308660507e+02
3.060000000000000000e+02 1.050000021308660507e+02
3.070000000000000000e+02 1.056000021547079086e+02
3.080000000000000000e+02 1.060000021606683731e+02
3.090000000000000000e+02 1.060000021606683731e+02
3.100000000000000000e+02 1.062000021636486053e+02
3.110000000000000000e+02 1.064000021666288376e+02
3.120000000000000000e+02 1.066000021696090698e+02
3.130000000000000000e+02 1.066000021696090698e+02
3.140000000000000000e+02 1.070000021755695343e+02
3.150000000000000000e+02 1.070000021755695343e+02
3.160000000000000000e+02 1.074000021815299988e+02
3.170000000000000000e+02 1.082000021934509277e+02
3.180000000000000000e+02 1.088000022172927856e+02
3.190000000000000000e+02 1.092000022232532501e+02
3.200000000000000000e+02 1.098000022470951080e+02
3.210000000000000000e+02 1.100000022500753403e+02
3.220000000000000000e+02 1.100000022500753403e+02
3.230000000000000000e+02 1.102000022530555725e+02
3.240000000000000000e+02 1.104000022560358047e+02
3.250000000000000000e+02 1.104000022560358047e+02
3.260000000000000000e+02 1.106000022590160370e+02
3.270000000000000000e+02 1.110000022649765015e+02
3.280000000000000000e+02 1.114000022709369659e+02
3.290000000000000000e+02 1.118000022768974304e+02
3.300000000000000000e+02 1.124000023007392883e+02
3.310000000000000000e+02 1.130000023245811462e+02
3.320000000000000000e+02 1.134000023305416107e+02
3.330000000000000000e+02 1.136000023335218430e+02
3.340000000000000000e+02 1.142000023573637009e+02
3.350000000000000000e+02 1.142000023573637009e+02
3.360000000000000000e+02 1.142000023573637009e+02
3.370000000000000000e+02 1.142000023573637009e+02
3.380000000000000000e+02 1.144000023603439331e+02
3.390000000000000000e+02 1.148000023663043976e+02
3.400000000000000000e+02 1.150000023692846298e+02
3.410000000000000000e+02 1.156000023931264877e+02
3.420000000000000000e+02 1.162000024169683456e+02
3.430000000000000000e+02 1.166000024229288101e+02
3.440000000000000000e+02 1.170000024288892746e+02
3.450000000000000000e+02 1.172000024318695068e+02
3.460000000000000000e+02 1.172000024318695068e+02
3.470000000000000000e+02 1.174000024348497391e+02
3.480000000000000000e+02 1.174000024348497391e+02
3.490000000000000000e+02 1.174000024348497391e+02
3.500000000000000000e+02 1.174000024348497391e+02
3.510000000000000000e+02 1.176000024378299713e+02
3.520000000000000000e+02 1.182000024616718292e+02
3.530000000000000000e+02 1.188000024855136871e+02
3.540000000000000000e+02 1.192000024914741516e+02
3.550000000000000000e+02 1.198000025153160095e+02
3.560000000000000000e+02 1.202000025212764740e+02
3.570000000000000000e+02 1.204000025242567062e+02
3.580000000000000000e+02 1.206000025272369385e+02
3.590000000000000000e+02 1.206000025272369385e+02
3.600000000000000000e+02 1.208000025302171707e+02
3.610000000000000000e+02 1.208000025302171707e+02
3.620000000000000000e+02 1.210000025331974030e+02
3.630000000000000000e+02 1.210000025331974030e+02
3.640000000000000000e+02 1.212000025361776352e+02
3.650000000000000000e+02 1.218000025600194931e+02
3.660000000000000000e+02 1.224000025838613510e+02
3.670000000000000000e+02 1.228000025898218155e+02
3.680000000000000000e+02 1.230000025928020477e+02
3.690000000000000000e+02 1.234000025987625122e+02
3.700000000000000000e+02 1.238000026047229767e+02
3.710000000000000000e+02 1.240000026077032089e+02
3.720000000000000000e+02 1.240000026077032089e+02
3.730000000000000000e+02 1.240000026077032089e+02
3.740000000000000000e+02 1.244000026136636734e+02
3.750000000000000000e+02 1.244000026136636734e+02
3.760000000000000000e+02 1.244000026136636734e+02
3.770000000000000000e+02 1.246000026166439056e+02
3.780000000000000000e+02 1.248000026196241379e+02
3.790000000000000000e+02 1.248000026196241379e+02
3.800000000000000000e+02 1.258000026196241379e+02
3.810000000000000000e+02 1.260000026226043701e+02
3.820000000000000000e+02 1.262000026255846024e+02
3.830000000000000000e+02 1.262000026255846024e+02
3.840000000000000000e+02 1.264000026285648346e+02
3.850000000000000000e+02 1.264000026285648346e+02
3.860000000000000000e+02 1.264000026285648346e+02
3.870000000000000000e+02 1.266000026315450668e+02
3.880000000000000000e+02 1.268000026345252991e+02
3.890000000000000000e+02 1.270000026375055313e+02
3.900000000000000000e+02 1.274000026434659958e+02
3.910000000000000000e+02 1.276000026464462280e+02
3.920000000000000000e+02 1.282000026702880859e+02
3.930000000000000000e+02 1.282000026702880859e+02
3.940000000000000000e+02 1.282000026702880859e+02
3.950000000000000000e+02 1.286000026762485504e+02
3.960000000000000000e+02 1.286000026762485504e+02
3.970000000000000000e+02 1.286000026762485504e+02
3.980000000000000000e+02 1.286000026762485504e+02
3.990000000000000000e+02 1.286000026762485504e+02
4.000000000000000000e+02 1.288000026792287827e+02
4.010000000000000000e+02 1.288000026792287827e+02
4.020000000000000000e+02 1.288000026792287827e+02
4.030000000000000000e+02 1.292000026851892471e+02
4.040000000000000000e+02 1.298000027090311050e+02
4.050000000000000000e+02 1.300000027120113373e+02
4.060000000000000000e+02 1.300000027120113373e+02
4.070000000000000000e+02 1.302000027149915695e+02
4.080000000000000000e+02 1.302000027149915695e+02
4.090000000000000000e+02 1.302000027149915695e+02
4.100000000000000000e+02 1.304000027179718018e+02
4.110000000000000000e+02 1.306000027209520340e+02
4.120000000000000000e+02 1.306000027209520340e+02
4.130000000000000000e+02 1.306000027209520340e+02
4.140000000000000000e+02 1.308000027239322662e+02
4.150000000000000000e+02 1.310000027269124985e+02
4.160000000000000000e+02 1.316000027507543564e+02
4.170000000000000000e+02 1.318000027537345886e+02
4.180000000000000000e+02 1.320000027567148209e+02
4.190000000000000000e+02 1.320000027567148209e+02
4.200000000000000000e+02 1.320000027567148209e+02
4.210000000000000000e+02 1.320000027567148209e+02
4.220000000000000000e+02 1.320000027567148209e+02
4.230000000000000000e+02 1.320000027567148209e+02
4.240000000000000000e+02 1.320000027567148209e+02
4.250000000000000000e+02 1.320000027567148209e+02
4.260000000000000000e+02 1.320000027567148209e+02
4.270000000000000000e+02 1.322000027596950531e+02
4.280000000000000000e+02 1.328000027835369110e+02
4.290000000000000000e+02 1.334000028073787689e+02
4.300000000000000000e+02 1.338000028133392334e+02
4.310000000000000000e+02 1.338000028133392334e+02
4.320000000000000000e+02 1.340000028163194656e+02
4.330000000000000000e+02 1.342000028192996979e+02
4.340000000000000000e+02 1.342000028192996979e+02
4.350000000000000000e+02 1.342000028192996979e+02
4.360000000000000000e+02 1.344000028222799301e+02
4.370000000000000000e+02 1.346000028252601624e+02
4.380000000000000000e+02 1.350000028312206268e+02
4.390000000000000000e+02 1.352000028342008591e+02
4.400000000000000000e+02 1.360000028461217880e+02
4.410000000000000000e+02 1.362000028491020203e+02
4.420000000000000000e+02 1.364000028520822525e+02
4.430000000000000000e+02 1.368000028580427170e+02
4.440000000000000000e+02 1.368000028580427170e+02
4.450000000000000000e+02 1.368000028580427170e+02
4.460000000000000000e+02 1.370000028610229492e+02
4.470000000000000000e+02 1.370000028610229492e+02
4.480000000000000000e+02 1.372000028640031815e+02
4.490000000000000000e+02 1.374000028669834137e+02
4.500000000000000000e+02 1.374000028669834137e+02
4.510000000000000000e+02 1.378000028729438782e+02
4.520000000000000000e+02 1.384000028967857361e+02
4.530000000000000000e+02 1.384000028967857361e+02
4.540000000000000000e+02 1.386000028997659683e+02
4.550000000000000000e+02 1.388000029027462006e+02
4.560000000000000000e+02 1.388000029027462006e+02
4.570000000000000000e+02 1.388000029027462006e+02
4.580000000000000000e+02 1.388000029027462006e+02
4.590000000000000000e+02 1.388000029027462006e+02
4.600000000000000000e+02 1.390000029057264328e+02
4.610000000000000000e+02 1.392000029087066650e+02
4.620000000000000000e+02 1.396000029146671295e+02
4.630000000000000000e+02 1.398000029176473618e+02
4.640000000000000000e+02 1.400000029206275940e+02
4.650000000000000000e+02 1.402000029236078262e+02
4.660000000000000000e+02 1.402000029236078262e+02
4.670000000000000000e+02 1.404000029265880585e+02
4.680000000000000000e+02 1.404000029265880585e+02
4.690000000000000000e+02 1.404000029265880585e+02
4.700000000000000000e+02 1.404000029265880585e+02
4.710000000000000000e+02 1.404000029265880585e+02
4.720000000000000000e+02 1.406000029295682907e+02
4.730000000000000000e+02 1.408000029325485229e+02
4.740000000000000000e+02 1.408000029325485229e+02
4.750000000000000000e+02 1.414000029563903809e+02
4.760000000000000000e+02 1.420000029802322388e+02
4.770000000000000000e+02 1.420000029802322388e+02
4.780000000000000000e+02 1.420000029802322388e+02
4.790000000000000000e+02 1.422000029832124710e+02
4.800000000000000000e+02 1.422000029832124710e+02
4.810000000000000000e+02 1.422000029832124710e+02
4.820000000000000000e+02 1.422000029832124710e+02
4.830000000000000000e+02 1.422000029832124710e+02
4.840000000000000000e+02 1.422000029832124710e+02
4.850000000000000000e+02 1.422000029832124710e+02
4.860000000000000000e+02 1.422000029832124710e+02
4.870000000000000000e+02 1.428000030070543289e+02
4.880000000000000000e+02 1.432000030130147934e+02
4.890000000000000000e+02 1.432000030130147934e+02
4.900000000000000000e+02 1.438000030368566513e+02
4.910000000000000000e+02 1.438000030368566513e+02
4.920000000000000000e+02 1.438000030368566513e+02
4.930000000000000000e+02 1.440000030398368835e+02
4.940000000000000000e+02 1.440000030398368835e+02
4.950000000000000000e+02 1.442000030428171158e+02
4.960000000000000000e+02 1.444000030457973480e+02
4.970000000000000000e+02 1.444000030457973480e+02
4.980000000000000000e+02 1.448000030517578125e+02
4.990000000000000000e+02 1.448000030517578125e+02
5.000000000000000000e+02 1.454000030755996704e+02
5.010000000000000000e+02 1.458000030815601349e+02
5.020000000000000000e+02 1.458000030815601349e+02
5.030000000000000000e+02 1.458000030815601349e+02
5.040000000000000000e+02 1.458000030815601349e+02
5.050000000000000000e+02 1.458000030815601349e+02
5.060000000000000000e+02 1.458000030815601349e+02
5.070000000000000000e+02 1.460000030845403671e+02
5.080000000000000000e+02 1.460000030845403671e+02
5.090000000000000000e+02 1.462000030875205994e+02
5.100000000000000000e+02 1.466000030934810638e+02
5.110000000000000000e+02 1.470000030994415283e+02
5.120000000000000000e+02 1.478000031113624573e+02
5.130000000000000000e+02 1.478000031113624573e+02
5.140000000000000000e+02 1.482000031173229218e+02
5.150000000000000000e+02 1.482000031173229218e+02
5.160000000000000000e+02 1.482000031173229218e+02
5.170000000000000000e+02 1.482000031173229218e+02
5.180000000000000000e+02 1.482000031173229218e+02
5.190000000000000000e+02 1.482000031173229218e+02
5.200000000000000000e+02 1.486000031232833862e+02
5.210000000000000000e+02 1.488000031262636185e+02
5.220000000000000000e+02 1.492000031322240829e+02
5.230000000000000000e+02 1.498000031560659409e+02
5.240000000000000000e+02 1.498000031560659409e+02
5.250000000000000000e+02 1.498000031560659409e+02
5.260000000000000000e+02 1.502000031620264053e+02
5.270000000000000000e+02 1.502000031620264053e+02
5.280000000000000000e+02 1.502000031620264053e+02
5.290000000000000000e+02 1.502000031620264053e+02
5.300000000000000000e+02 1.502000031620264053e+02
5.310000000000000000e+02 1.502000031620264053e+02
5.320000000000000000e+02 1.504000031650066376e+02
5.330000000000000000e+02 1.508000031709671021e+02
5.340000000000000000e+02 1.508000031709671021e+02
5.350000000000000000e+02 1.510000031739473343e+02
5.360000000000000000e+02 1.520000031739473343e+02
5.370000000000000000e+02 1.520000031739473343e+02
5.380000000000000000e+02 1.520000031739473343e+02
5.390000000000000000e+02 1.520000031739473343e+02
5.400000000000000000e+02 1.520000031739473343e+02
5.410000000000000000e+02 1.520000031739473343e+02
5.420000000000000000e+02 1.520000031739473343e+02
5.430000000000000000e+02 1.522000031769275665e+02
5.440000000000000000e+02 1.522000031769275665e+02
5.450000000000000000e+02 1.524000031799077988e+02
5.460000000000000000e+02 1.524000031799077988e+02
5.470000000000000000e+02 1.530000032037496567e+02
5.480000000000000000e+02 1.536000032275915146e+02
5.490000000000000000e+02 1.536000032275915146e+02
5.500000000000000000e+02 1.536000032275915146e+02
5.510000000000000000e+02 1.540000032335519791e+02
5.520000000000000000e+02 1.540000032335519791e+02
5.530000000000000000e+02 1.540000032335519791e+02
5.540000000000000000e+02 1.540000032335519791e+02
5.550000000000000000e+02 1.540000032335519791e+02
5.560000000000000000e+02 1.540000032335519791e+02
5.570000000000000000e+02 1.540000032335519791e+02
5.580000000000000000e+02 1.544000032395124435e+02
5.590000000000000000e+02 1.544000032395124435e+02
5.600000000000000000e+02 1.548000032454729080e+02
5.610000000000000000e+02 1.550000032484531403e+02
5.620000000000000000e+02 1.552000032514333725e+02
5.630000000000000000e+02 1.552000032514333725e+02
5.640000000000000000e+02 1.552000032514333725e+02
5.650000000000000000e+02 1.552000032514333725e+02
5.660000000000000000e+02 1.552000032514333725e+02
5.670000000000000000e+02 1.552000032514333725e+02
5.680000000000000000e+02 1.552000032514333725e+02
5.690000000000000000e+02 1.556000032573938370e+02
5.700000000000000000e+02 1.558000032603740692e+02
5.710000000000000000e+02 1.560000032633543015e+02
5.720000000000000000e+02 1.562000032663345337e+02
5.730000000000000000e+02 1.562000032663345337e+02
5.740000000000000000e+02 1.562000032663345337e+02
5.750000000000000000e+02 1.562000032663345337e+02
5.760000000000000000e+02 1.562000032663345337e+02
5.770000000000000000e+02 1.562000032663345337e+02
5.780000000000000000e+02 1.564000032693147659e+02
5.790000000000000000e+02 1.564000032693147659e+02
5.800000000000000000e+02 1.568000032752752304e+02
5.810000000000000000e+02 1.568000032752752304e+02
5.820000000000000000e+02 1.570000032782554626e+02
5.830000000000000000e+02 1.570000032782554626e+02
5.840000000000000000e+02 1.570000032782554626e+02
5.850000000000000000e+02 1.570000032782554626e+02
5.860000000000000000e+02 1.570000032782554626e+02
5.870000000000000000e+02 1.570000032782554626e+02
5.880000000000000000e+02 1.570000032782554626e+02
5.890000000000000000e+02 1.570000032782554626e+02
5.900000000000000000e+02 1.570000032782554626e+02
5.910000000000000000e+02 1.570000032782554626e+02
5.920000000000000000e+02 1.576000033020973206e+02
5.930000000000000000e+02 1.576000033020973206e+02
5.940000000000000000e+02 1.580000033080577850e+02
5.950000000000000000e+02 1.582000033110380173e+02
5.960000000000000000e+02 1.582000033110380173e+02
5.970000000000000000e+02 1.582000033110380173e+02
5.980000000000000000e+02 1.582000033110380173e+02
5.990000000000000000e+02 1.582000033110380173e+02
6.000000000000000000e+02 1.582000033110380173e+02
6.010000000000000000e+02 1.582000033110380173e+02
6.020000000000000000e+02 1.584000033140182495e+02
6.030000000000000000e+02 1.584000033140182495e+02
6.040000000000000000e+02 1.584000033140182495e+02
6.050000000000000000e+02 1.586000033169984818e+02
6.060000000000000000e+02 1.588000033199787140e+02
6.070000000000000000e+02 1.592000033259391785e+02
6.080000000000000000e+02 1.592000033259391785e+02
6.090000000000000000e+02 1.592000033259391785e+02
6.100000000000000000e+02 1.592000033259391785e+02
6.110000000000000000e+02 1.594000033289194107e+02
6.120000000000000000e+02 1.594000033289194107e+02
6.130000000000000000e+02 1.594000033289194107e+02
6.140000000000000000e+02 1.594000033289194107e+02
6.150000000000000000e+02 1.594000033289194107e+02
6.160000000000000000e+02 1.598000033348798752e+02
6.170000000000000000e+02 1.598000033348798752e+02
6.180000000000000000e+02 1.600000033378601074e+02
6.190000000000000000e+02 1.600000033378601074e+02
6.200000000000000000e+02 1.602000033408403397e+02
6.210000000000000000e+02 1.604000033438205719e+02
6.220000000000000000e+02 1.604000033438205719e+02
6.230000000000000000e+02 1.604000033438205719e+02
6.240000000000000000e+02 1.604000033438205719e+02
6.250000000000000000e+02 1.604000033438205719e+02
6.260000000000000000e+02 1.604000033438205719e+02
6.270000000000000000e+02 1.608000033497810364e+02
6.280000000000000000e+02 1.608000033497810364e+02
6.290000000000000000e+02 1.610000033527612686e+02
6.300000000000000000e+02 1.614000033587217331e+02
6.310000000000000000e+02 1.614000033587217331e+02
6.320000000000000000e+02 1.614000033587217331e+02
6.330000000000000000e+02 1.614000033587217331e+02
6.340000000000000000e+02 1.614000033587217331e+02
6.350000000000000000e+02 1.614000033587217331e+02
6.360000000000000000e+02 1.614000033587217331e+02
6.370000000000000000e+02 1.614000033587217331e+02
6.380000000000000000e+02 1.614000033587217331e+02
6.390000000000000000e+02 1.614000033587217331e+02
6.400000000000000000e+02 1.618000033646821976e+02
6.410000000000000000e+02 1.620000033676624298e+02
6.420000000000000000e+02 1.622000033706426620e+02
6.430000000000000000e+02 1.624000033736228943e+02
6.440000000000000000e+02 1.624000033736228943e+02
6.450000000000000000e+02 1.624000033736228943e+02
6.460000000000000000e+02 1.624000033736228943e+02
6.470000000000000000e+02 1.624000033736228943e+02
6.480000000000000000e+02 1.624000033736228943e+02
6.490000000000000000e+02 1.624000033736228943e+02
6.500000000000000000e+02 1.624000033736228943e+02
6.510000000000000000e+02 1.624000033736228943e+02
6.520000000000000000e+02 1.626000033766031265e+02
6.530000000000000000e+02 1.628000033795833588e+02
6.540000000000000000e+02 1.630000033825635910e+02
6.550000000000000000e+02 1.630000033825635910e+02
6.560000000000000000e+02 1.632000033855438232e+02
6.570000000000000000e+02 1.634000033885240555e+02
6.580000000000000000e+02 1.634000033885240555e+02
6.590000000000000000e+02 1.634000033885240555e+02
6.600000000000000000e+02 1.634000033885240555e+02
6.610000000000000000e+02 1.634000033885240555e+02
6.620000000000000000e+02 1.634000033885240555e+02
6.630000000000000000e+02 1.634000033885240555e+02
6.640000000000000000e+02 1.634000033885240555e+02
6.650000000000000000e+02 1.636000033915042877e+02
6.660000000000000000e+02 1.638000033944845200e+02
6.670000000000000000e+02 1.638000033944845200e+02
6.680000000000000000e+02 1.638000033944845200e+02
6.690000000000000000e+02 1.638000033944845200e+02
6.700000000000000000e+02 1.642000034004449844e+02
6.710000000000000000e+02 1.642000034004449844e+02
6.720000000000000000e+02 1.642000034004449844e+02
6.730000000000000000e+02 1.642000034004449844e+02
6.740000000000000000e+02 1.644000034034252167e+02
6.750000000000000000e+02 1.644000034034252167e+02
6.760000000000000000e+02 1.646000034064054489e+02
6.770000000000000000e+02 1.648000034093856812e+02
6.780000000000000000e+02 1.650000034123659134e+02
6.790000000000000000e+02 1.652000034153461456e+02
6.800000000000000000e+02 1.652000034153461456e+02
6.810000000000000000e+02 1.652000034153461456e+02
6.820000000000000000e+02 1.652000034153461456e+02
6.830000000000000000e+02 1.652000034153461456e+02
6.840000000000000000e+02 1.654000034183263779e+02
6.850000000000000000e+02 1.656000034213066101e+02
6.860000000000000000e+02 1.656000034213066101e+02
6.870000000000000000e+02 1.656000034213066101e+02
6.880000000000000000e+02 1.658000034242868423e+02
6.890000000000000000e+02 1.658000034242868423e+02
6.900000000000000000e+02 1.658000034242868423e+02
6.910000000000000000e+02 1.660000034272670746e+02
6.920000000000000000e+02 1.662000034302473068e+02
6.930000000000000000e+02 1.662000034302473068e+02
6.940000000000000000e+02 1.662000034302473068e+02
6.950000000000000000e+02 1.662000034302473068e+02
6.960000000000000000e+02 1.664000034332275391e+02
6.970000000000000000e+02 1.664000034332275391e+02
6.980000000000000000e+02 1.664000034332275391e+02
6.990000000000000000e+02 1.666000034362077713e+02
7.000000000000000000e+02 1.666000034362077713e+02
7.010000000000000000e+02 1.668000034391880035e+02
7.020000000000000000e+02 1.670000034421682358e+02
7.030000000000000000e+02 1.670000034421682358e+02
7.040000000000000000e+02 1.670000034421682358e+02
7.050000000000000000e+02 1.672000034451484680e+02
7.060000000000000000e+02 1.672000034451484680e+02
7.070000000000000000e+02 1.674000034481287003e+02
7.080000000000000000e+02 1.674000034481287003e+02
7.090000000000000000e+02 1.674000034481287003e+02
7.100000000000000000e+02 1.674000034481287003e+02
7.110000000000000000e+02 1.676000034511089325e+02
7.120000000000000000e+02 1.678000034540891647e+02
7.130000000000000000e+02 1.682000034600496292e+02
7.140000000000000000e+02 1.684000034630298615e+02
7.150000000000000000e+02 1.686000034660100937e+02
7.160000000000000000e+02 1.686000034660100937e+02
7.170000000000000000e+02 1.686000034660100937e+02
7.180000000000000000e+02 1.686000034660100937e+02
7.190000000000000000e+02 1.686000034660100937e+02
7.200000000000000000e+02 1.686000034660100937e+02
7.210000000000000000e+02 1.686000034660100937e+02
7.220000000000000000e+02 1.686000034660100937e+02
7.230000000000000000e+02 1.686000034660100937e+02
7.240000000000000000e+02 1.690000034719705582e+02
7.250000000000000000e+02 1.690000034719705582e+02
7.260000000000000000e+02 1.690000034719705582e+02
7.270000000000000000e+02 1.690000034719705582e+02
7.280000000000000000e+02 1.692000034749507904e+02
7.290000000000000000e+02 1.694000034779310226e+02
7.300000000000000000e+02 1.696000034809112549e+02
7.310000000000000000e+02 1.696000034809112549e+02
7.320000000000000000e+02 1.696000034809112549e+02
7.330000000000000000e+02 1.696000034809112549e+02
7.340000000000000000e+02 1.698000034838914871e+02
7.350000000000000000e+02 1.700000034868717194e+02
7.360000000000000000e+02 1.706000035107135773e+02
7.370000000000000000e+02 1.708000035136938095e+02
7.380000000000000000e+02 1.708000035136938095e+02
7.390000000000000000e+02 1.712000035196542740e+02
7.400000000000000000e+02 1.722000035196542740e+02
7.410000000000000000e+02 1.724000035226345062e+02
7.420000000000000000e+02 1.726000035256147385e+02
7.430000000000000000e+02 1.726000035256147385e+02
7.440000000000000000e+02 1.728000035285949707e+02
7.450000000000000000e+02 1.728000035285949707e+02
7.460000000000000000e+02 1.728000035285949707e+02
7.470000000000000000e+02 1.730000035315752029e+02
7.480000000000000000e+02 1.734000035375356674e+02
7.490000000000000000e+02 1.736000035405158997e+02
7.500000000000000000e+02 1.740000035464763641e+02
7.510000000000000000e+02 1.746000035703182220e+02
7.520000000000000000e+02 1.752000035941600800e+02
7.530000000000000000e+02 1.756000036001205444e+02
7.540000000000000000e+02 1.758000036031007767e+02
7.550000000000000000e+02 1.760000036060810089e+02
7.560000000000000000e+02 1.760000036060810089e+02
7.570000000000000000e+02 1.760000036060810089e+02
7.580000000000000000e+02 1.762000036090612411e+02
7.590000000000000000e+02 1.762000036090612411e+02
7.600000000000000000e+02 1.764000036120414734e+02
7.610000000000000000e+02 1.768000036180019379e+02
7.620000000000000000e+02 1.770000036209821701e+02
7.630000000000000000e+02 1.776000036448240280e+02
7.640000000000000000e+02 1.784000036567449570e+02
7.650000000000000000e+02 1.788000036627054214e+02
7.660000000000000000e+02 1.788000036627054214e+02
7.670000000000000000e+02 1.790000036656856537e+02
7.680000000000000000e+02 1.792000036686658859e+02
7.690000000000000000e+02 1.792000036686658859e+02
7.700000000000000000e+02 1.792000036686658859e+02
7.710000000000000000e+02 1.792000036686658859e+02
7.720000000000000000e+02 1.796000036746263504e+02
7.730000000000000000e+02 1.800000036805868149e+02
7.740000000000000000e+02 1.802000036835670471e+02
7.750000000000000000e+02 1.808000037074089050e+02
7.760000000000000000e+02 1.818000037074089050e+02
7.770000000000000000e+02 1.818000037074089050e+02
7.780000000000000000e+02 1.818000037074089050e+02
7.790000000000000000e+02 1.820000037103891373e+02
7.800000000000000000e+02 1.822000037133693695e+02
7.810000000000000000e+02 1.822000037133693695e+02
7.820000000000000000e+02 1.824000037163496017e+02
7.830000000000000000e+02 1.824000037163496017e+02
7.840000000000000000e+02 1.824000037163496017e+02
7.850000000000000000e+02 1.836000037640333176e+02
7.860000000000000000e+02 1.836000037640333176e+02
7.870000000000000000e+02 1.836000037640333176e+02
7.880000000000000000e+02 1.846000037640333176e+02
7.890000000000000000e+02 1.852000037878751755e+02
7.900000000000000000e+02 1.854000037908554077e+02
7.910000000000000000e+02 1.854000037908554077e+02
7.920000000000000000e+02 1.854000037908554077e+02
7.930000000000000000e+02 1.856000037938356400e+02
7.940000000000000000e+02 1.856000037938356400e+02
7.950000000000000000e+02 1.858000037968158722e+02
7.960000000000000000e+02 1.860000037997961044e+02
7.970000000000000000e+02 1.866000038236379623e+02
7.980000000000000000e+02 1.870000038295984268e+02
7.990000000000000000e+02 1.874000038355588913e+02
8.000000000000000000e+02 1.880000038594007492e+02
8.010000000000000000e+02 1.884000038653612137e+02
8.020000000000000000e+02 1.888000038713216782e+02
8.030000000000000000e+02 1.890000038743019104e+02
8.040000000000000000e+02 1.890000038743019104e+02
8.050000000000000000e+02 1.890000038743019104e+02
8.060000000000000000e+02 1.892000038772821426e+02
8.070000000000000000e+02 1.892000038772821426e+02
8.080000000000000000e+02 1.894000038802623749e+02
8.090000000000000000e+02 1.900000039041042328e+02
8.100000000000000000e+02 1.900000039041042328e+02
8.110000000000000000e+02 1.900000039041042328e+02
8.120000000000000000e+02 1.908000039160251617e+02
8.130000000000000000e+02 1.916000039279460907e+02
8.140000000000000000e+02 1.918000039309263229e+02
8.150000000000000000e+02 1.920000039339065552e+02
8.160000000000000000e+02 1.920000039339065552e+02
8.170000000000000000e+02 1.920000039339065552e+02
8.180000000000000000e+02 1.920000039339065552e+02
8.190000000000000000e+02 1.924000039398670197e+02
8.200000000000000000e+02 1.928000039458274841e+02
8.210000000000000000e+02 1.930000039488077164e+02
8.220000000000000000e+02 1.934000039547681808e+02
8.230000000000000000e+02 1.934000039547681808e+02
8.240000000000000000e+02 1.940000039786100388e+02
8.250000000000000000e+02 1.948000039905309677e+02
8.260000000000000000e+02 1.950000039935112000e+02
8.270000000000000000e+02 1.954000039994716644e+02
8.280000000000000000e+02 1.954000039994716644e+02
8.290000000000000000e+02 1.954000039994716644e+02
8.300000000000000000e+02 1.956000040024518967e+02
8.310000000000000000e+02 1.958000040054321289e+02
8.320000000000000000e+02 1.958000040054321289e+02
8.330000000000000000e+02 1.960000040084123611e+02
8.340000000000000000e+02 1.964000040143728256e+02
8.350000000000000000e+02 1.966000040173530579e+02
8.360000000000000000e+02 1.976000040173530579e+02
8.370000000000000000e+02 1.976000040173530579e+02
8.380000000000000000e+02 1.980000040233135223e+02
8.390000000000000000e+02 1.982000040262937546e+02
8.400000000000000000e+02 1.984000040292739868e+02
8.410000000000000000e+02 1.984000040292739868e+02
8.420000000000000000e+02 1.984000040292739868e+02
8.430000000000000000e+02 1.984000040292739868e+02
8.440000000000000000e+02 1.986000040322542191e+02
8.450000000000000000e+02 1.988000040352344513e+02
8.460000000000000000e+02 1.988000040352344513e+02
8.470000000000000000e+02 1.996000040471553802e+02
8.480000000000000000e+02 2.006000040471553802e+02
8.490000000000000000e+02 2.010000040531158447e+02
8.500000000000000000e+02 2.012000040560960770e+02
8.510000000000000000e+02 2.014000040590763092e+02
8.520000000000000000e+02 2.016000040620565414e+02
8.530000000000000000e+02 2.016000040620565414e+02
8.540000000000000000e+02 2.016000040620565414e+02
8.550000000000000000e+02 2.018000040650367737e+02
8.560000000000000000e+02 2.020000040680170059e+02
8.570000000000000000e+02 2.024000040739774704e+02
8.580000000000000000e+02 2.026000040769577026e+02
8.590000000000000000e+02 2.032000041007995605e+02
8.600000000000000000e+02 2.036000041067600250e+02
8.610000000000000000e+02 2.044000041186809540e+02
8.620000000000000000e+02 2.044000041186809540e+02
8.630000000000000000e+02 2.044000041186809540e+02
8.640000000000000000e+02 2.044000041186809540e+02
8.650000000000000000e+02 2.044000041186809540e+02
8.660000000000000000e+02 2.044000041186809540e+02
8.670000000000000000e+02 2.044000041186809540e+02
8.680000000000000000e+02 2.046000041216611862e+02
8.690000000000000000e+02 2.050000041276216507e+02
8.700000000000000000e+02 2.050000041276216507e+02
8.710000000000000000e+02 2.054000041335821152e+02
8.720000000000000000e+02 2.064000041335821152e+02
8.730000000000000000e+02 2.068000041395425797e+02
8.740000000000000000e+02 2.070000041425228119e+02
8.750000000000000000e+02 2.070000041425228119e+02
8.760000000000000000e+02 2.070000041425228119e+02
8.770000000000000000e+02 2.070000041425228119e+02
8.780000000000000000e+02 2.072000041455030441e+02
8.790000000000000000e+02 2.076000041514635086e+02
8.800000000000000000e+02 2.076000041514635086e+02
8.810000000000000000e+02 2.076000041514635086e+02
8.820000000000000000e+02 2.076000041514635086e+02
8.830000000000000000e+02 2.086000041514635086e+02
8.840000000000000000e+02 2.088000041544437408e+02
8.850000000000000000e+02 2.092000041604042053e+02
8.860000000000000000e+02 2.094000041633844376e+02
8.870000000000000000e+02 2.096000041663646698e+02
8.880000000000000000e+02 2.098000041693449020e+02
8.890000000000000000e+02 2.098000041693449020e+02
8.900000000000000000e+02 2.100000041723251343e+02
8.910000000000000000e+02 2.102000041753053665e+02
8.920000000000000000e+02 2.104000041782855988e+02
8.930000000000000000e+02 2.106000041812658310e+02
8.940000000000000000e+02 2.108000041842460632e+02
8.950000000000000000e+02 2.110000041872262955e+02
8.960000000000000000e+02 2.118000041991472244e+02
8.970000000000000000e+02 2.120000042021274567e+02
8.980000000000000000e+02 2.122000042051076889e+02
8.990000000000000000e+02 2.124000042080879211e+02
9.000000000000000000e+02 2.124000042080879211e+02
