timestamp (intervals), driving_link_ID, car_inflow, truck_inflow, car_tt (s), truck_tt (s), car_fftt (s), truck_fftt (s), car_speed (mph), truck_speed (mph)
0 8 87.200000 0.000000 0.036000 0.036000 0.036000 0.036000 99999.000000 99999.000000
0 106 0.000000 7.600000 0.036000 0.036000 0.036000 0.036000 99999.000000 99999.000000
0 7 439.400000 26.600000 0.036000 0.036000 0.036000 0.036000 99999.000000 99999.000000
0 6 78.600000 8.000000 56.571429 79.200000 56.571429 79.200000 35.000000 25.000000
0 101 0.000000 9.000000 0.036000 0.036000 0.036000 0.036000 99999.000000 99999.000000
0 2 432.400000 33.600000 56.571429 79.200000 56.571429 79.200000 35.000000 25.000000
0 1 654.800000 32.000000 0.036000 0.036000 0.036000 0.036000 99999.000000 99999.000000
0 3 173.600000 7.400000 56.571429 79.200000 56.571429 79.200000 35.000000 25.000000
0 4 325.000000 23.200000 56.571429 79.200000 56.571429 79.200000 35.000000 25.000000
0 5 144.400000 14.200000 56.571429 79.200000 56.571429 79.200000 35.000000 25.000000
180 8 99.800000 0.000000 5.000000 0.036000 0.036000 0.036000 720.000000 99999.000000
180 106 0.000000 9.000000 0.036000 0.036000 0.036000 0.036000 99999.000000 99999.000000
180 7 469.200000 37.400000 5.000000 5.000000 0.036000 0.036000 720.000000 720.000000
180 6 65.400000 6.400000 56.571429 79.200000 56.571429 79.200000 35.000000 25.000000
180 101 0.000000 9.000000 0.036000 45.000000 0.036000 0.036000 99999.000000 80.000000
180 2 404.400000 30.800000 70.000000 80.000000 56.571429 79.200000 28.285714 24.750000
180 1 528.400000 38.400000 90.000000 0.036000 0.036000 0.036000 40.000000 99999.000000
180 3 149.800000 16.400000 65.000000 79.200000 56.571429 79.200000 30.461538 25.000000
180 4 341.400000 24.800000 60.000000 79.200000 56.571429 79.200000 33.000000 25.000000
180 5 124.200000 22.400000 56.571429 79.200000 56.571429 79.200000 35.000000 25.000000
360 8 70.400000 0.000000 5.000000 0.036000 0.036000 0.036000 720.000000 99999.000000
360 106 0.000000 9.000000 0.036000 0.036000 0.036000 0.036000 99999.000000 99999.000000
360 7 188.800000 42.200000 5.000000 5.000000 0.036000 0.036000 720.000000 720.000000
360 6 18.400000 10.400000 56.571429 79.200000 56.571429 79.200000 35.000000 25.000000
360 101 0.000000 9.000000 0.036000 60.000000 0.036000 0.036000 99999.000000 60.000000
360 2 139.400000 45.600000 70.000000 90.000000 56.571429 79.200000 28.285714 22.000000
360 1 215.600000 42.000000 125.000000 0.036000 0.036000 0.036000 28.800000 99999.000000
360 3 75.400000 5.400000 60.000000 105.000000 56.571429 79.200000 33.000000 18.857143
360 4 138.000000 34.000000 65.000000 85.000000 56.571429 79.200000 30.461538 23.294118
360 5 30.400000 16.400000 56.571429 90.000000 56.571429 79.200000 35.000000 22.000000
540 8 63.200000 0.000000 5.000000 0.036000 0.036000 0.036000 720.000000 99999.000000
540 106 0.000000 8.800000 0.036000 0.036000 0.036000 0.036000 99999.000000 99999.000000
540 7 441.400000 25.000000 5.000000 5.000000 0.036000 0.036000 720.000000 720.000000
540 6 76.400000 7.200000 56.571429 85.000000 56.571429 79.200000 35.000000 23.294118
540 101 0.000000 9.000000 0.036000 60.000000 0.036000 0.036000 99999.000000 60.000000
540 2 426.000000 28.600000 56.571429 80.000000 56.571429 79.200000 35.000000 24.750000
540 1 549.400000 22.600000 70.000000 0.036000 0.036000 0.036000 51.428571 99999.000000
540 3 127.400000 3.000000 56.571429 85.000000 56.571429 79.200000 35.000000 23.294118
540 4 331.600000 22.600000 60.000000 90.000000 56.571429 79.200000 33.000000 22.000000
540 5 131.800000 10.600000 56.571429 79.200000 56.571429 79.200000 35.000000 25.000000
720 8 44.000000 0.000000 5.000000 0.036000 0.036000 0.036000 720.000000 99999.000000
720 106 0.000000 8.800000 0.036000 0.036000 0.036000 0.036000 99999.000000 99999.000000
720 7 654.800000 41.400000 5.000000 5.000000 0.036000 0.036000 720.000000 720.000000
720 6 116.000000 11.400000 56.571429 79.200000 56.571429 79.200000 35.000000 25.000000
720 101 0.000000 9.000000 0.036000 60.000000 0.036000 0.036000 99999.000000 60.000000
720 2 442.000000 39.400000 65.000000 85.000000 56.571429 79.200000 30.461538 23.294118
720 1 748.000000 46.000000 70.000000 0.036000 0.036000 0.036000 51.428571 99999.000000
720 3 314.600000 15.600000 60.000000 79.200000 56.571429 79.200000 33.000000 25.000000
720 4 312.800000 26.600000 60.000000 79.200000 56.571429 79.200000 33.000000 25.000000
720 5 358.600000 24.400000 56.571429 79.200000 56.571429 79.200000 35.000000 25.000000
