8 106 7 6 5 1 101 2 3 4
0.036000 0.036000 0.036000 56.571429 56.571429 0.036000 0.036000 56.571429 56.571429 56.571429
0.036000 0.036000 0.036000 56.571429 56.571429 0.036000 0.036000 56.571429 56.571429 56.571429
0.036000 0.036000 0.036000 56.571429 56.571429 0.036000 0.036000 56.571429 56.571429 56.571429
0.036000 0.036000 0.036000 56.571429 56.571429 0.036000 0.036000 56.571429 56.571429 56.571429
0.036000 0.036000 0.036000 56.571429 56.571429 0.036000 0.036000 56.571429 56.571429 56.571429
0.036000 0.036000 0.036000 56.571429 56.571429 0.036000 0.036000 56.571429 56.571429 56.571429
0.036000 0.036000 0.036000 56.571429 56.571429 0.036000 0.036000 56.571429 56.571429 56.571429
0.036000 0.036000 0.036000 56.571429 56.571429 0.036000 0.036000 56.571429 56.571429 56.571429
0.036000 0.036000 0.036000 56.571429 56.571429 0.036000 0.036000 56.571429 56.571429 56.571429
0.036000 0.036000 0.036000 56.571429 56.571429 0.036000 0.036000 56.571429 56.571429 56.571429
0.036000 0.036000 0.036000 56.571429 56.571429 0.036000 0.036000 56.571429 56.571429 56.571429
0.036000 0.036000 0.036000 56.571429 56.571429 0.036000 0.036000 56.571429 56.571429 56.571429
0.036000 0.036000 0.036000 56.571429 56.571429 0.036000 0.036000 56.571429 56.571429 56.571429
0.036000 0.036000 0.036000 56.571429 56.571429 0.036000 0.036000 56.571429 56.571429 56.571429
0.036000 0.036000 0.036000 56.571429 56.571429 0.036000 0.036000 56.571429 56.571429 56.571429
0.036000 0.036000 0.036000 56.571429 56.571429 0.036000 0.036000 56.571429 56.571429 56.571429
0.036000 0.036000 0.036000 56.571429 56.571429 0.036000 0.036000 56.571429 56.571429 56.571429
0.036000 0.036000 0.036000 56.571429 56.571429 0.036000 0.036000 58.084034 56.571429 56.571429
0.036000 0.036000 0.036000 56.571429 56.571429 0.036000 0.036000 59.798728 56.571429 56.571429
0.036000 0.036000 0.036000 56.571429 56.571429 0.036000 0.036000 62.051522 56.571429 56.571429
0.036000 0.036000 0.036000 56.571429 56.571429 0.036000 0.036000 66.196329 56.571429 56.571429
0.036000 0.036000 0.036000 56.571429 56.571429 0.036000 0.036000 69.428571 56.571429 56.571429
0.036000 0.036000 0.036000 56.571429 56.571429 0.036000 0.036000 73.627203 56.571429 56.571429
0.036000 0.036000 0.036000 56.571429 56.571429 0.036000 0.036000 70.808093 56.571429 65.668126
0.036000 0.036000 0.036000 56.571429 56.571429 0.036000 0.036000 65.668126 56.571429 66.196329
0.036000 0.036000 0.036000 56.571429 56.571429 0.036000 0.036000 62.305257 56.571429 65.142857
0.036000 0.036000 0.036000 56.571429 56.571429 0.036000 0.036000 63.842365 56.571429 67.798793
0.036000 0.036000 0.036000 56.571429 56.571429 0.036000 0.036000 66.727491 56.571429 69.428571
0.036000 0.036000 0.036000 56.571429 56.571429 0.036000 0.036000 71.086369 56.571429 71.645320
0.036000 0.036000 0.036000 56.571429 56.571429 0.036000 0.036000 66.994190 56.571429 72.207493
0.036000 0.036000 0.036000 56.571429 56.571429 0.036000 0.036000 61.798480 56.571429 73.341615
0.036000 0.036000 0.036000 56.571429 56.571429 0.036000 0.036000 58.327022 56.571429 74.488963
0.036000 0.036000 0.036000 56.571429 56.571429 0.036000 0.036000 56.571429 56.571429 76.235294
0.036000 0.036000 0.036000 56.571429 56.571429 0.036000 0.036000 56.571429 56.571429 76.235294
0.036000 0.036000 0.036000 56.571429 56.571429 0.036000 0.036000 56.571429 56.571429 77.416737
0.036000 0.036000 0.036000 56.571429 56.571429 0.036000 0.036000 56.571429 56.571429 79.215352
0.036000 0.036000 0.036000 56.571429 56.571429 0.036000 0.036000 56.571429 56.571429 79.822070
0.036000 0.036000 0.036000 56.571429 56.571429 0.036000 0.036000 56.571429 56.571429 81.046472
0.036000 0.036000 0.036000 56.571429 56.571429 0.036000 0.036000 56.571429 56.571429 82.285714
0.036000 0.036000 0.036000 56.571429 56.571429 0.036000 0.036000 56.571429 56.571429 83.540070
0.036000 0.036000 0.036000 56.571429 56.571429 0.036000 0.036000 56.571429 56.571429 84.809816
0.036000 0.036000 0.036000 56.571429 56.571429 0.036000 0.036000 56.571429 60.543554 86.095238
0.036000 0.036000 0.036000 56.571429 56.571429 0.036000 0.036000 56.571429 64.881316 87.396628
0.036000 0.036000 0.036000 56.571429 56.571429 0.036000 0.036000 56.571429 69.428571 88.714286
0.036000 0.036000 0.036000 56.571429 56.571429 0.036000 0.036000 56.571429 73.913621 90.721947
0.036000 0.036000 0.036000 56.571429 56.571429 0.036000 0.036000 56.571429 78.312036 90.721947
0.036000 0.036000 0.036000 56.571429 56.571429 0.036000 0.036000 56.571429 74.488963 82.285714
0.036000 0.036000 0.036000 56.571429 68.338983 0.036000 0.036000 56.571429 70.808093 74.488963
0.036000 0.036000 0.036000 56.571429 68.882234 0.036000 0.036000 56.571429 67.529837 67.261637
0.036000 0.036000 0.036000 56.571429 67.798793 0.036000 0.036000 56.571429 64.360403 68.882234
0.036000 0.036000 0.036000 56.571429 69.978022 0.036000 0.036000 56.571429 70.253923 70.530612
0.036000 0.036000 0.036000 56.571429 71.645320 0.036000 0.036000 56.571429 75.358293 72.207493
0.036000 0.036000 0.036000 56.571429 73.341615 0.036000 0.036000 56.571429 81.974498 66.196329
0.036000 0.036000 0.036000 56.571429 73.341615 0.036000 0.036000 56.571429 89.713389 60.046332
0.036000 0.036000 0.036000 56.571429 74.488963 0.036000 0.036000 56.571429 98.058261 56.571429
0.036000 0.036000 0.036000 56.571429 75.649770 0.036000 0.036000 56.571429 106.303118 56.571429
0.036000 0.036000 0.036000 56.571429 76.824273 0.036000 0.036000 56.571429 115.185539 56.571429
0.036000 0.036000 0.036000 56.571429 78.012717 0.036000 0.036000 56.571429 121.646209 56.571429
0.036000 0.036000 0.036000 56.571429 79.822070 0.036000 0.036000 56.571429 116.874842 56.571429
0.036000 0.036000 0.036000 56.571429 79.215352 0.036000 0.036000 56.571429 111.877197 56.571429
0.036000 0.036000 0.036000 56.571429 82.285714 0.036000 0.036000 56.571429 107.083192 56.571429
0.036000 0.036000 0.036000 56.571429 84.173001 0.036000 0.036000 56.571429 103.613951 56.571429
0.036000 0.036000 0.036000 56.571429 84.173001 0.036000 0.036000 56.571429 112.285714 56.571429
0.036000 0.036000 0.036000 56.571429 85.450549 0.036000 0.036000 56.571429 121.204633 56.571429
0.036000 0.036000 0.036000 56.571429 86.743919 0.036000 0.036000 56.571429 130.825040 56.571429
0.036000 0.036000 0.036000 56.571429 88.053405 0.036000 0.036000 56.571429 141.750000 56.571429
0.036000 0.036000 0.036000 56.571429 89.379310 0.036000 0.036000 56.571429 148.658460 56.571429
0.036000 0.036000 0.036000 56.571429 91.399638 0.036000 0.036000 56.571429 142.268940 56.571429
0.036000 0.036000 0.036000 56.571429 91.399638 0.036000 0.036000 56.571429 136.669951 56.571429
0.036000 0.036000 0.036000 56.571429 91.399638 0.036000 0.036000 56.571429 130.825040 56.571429
0.036000 0.036000 0.036000 56.571429 94.853468 0.036000 0.036000 56.571429 124.782450 56.571429
0.036000 0.036000 0.036000 56.571429 94.853468 0.036000 0.036000 56.571429 119.020408 56.571429
0.036000 0.036000 0.036000 56.571429 94.853468 0.036000 0.036000 56.571429 115.605634 56.571429
0.036000 0.036000 0.036000 56.571429 95.557604 0.036000 0.036000 56.571429 111.877197 56.571429
0.036000 0.036000 0.036000 56.571429 95.557604 0.036000 0.036000 56.571429 122.089383 56.571429
0.036000 0.036000 0.036000 56.571429 96.266297 0.036000 0.036000 56.571429 131.302064 56.571429
0.036000 0.036000 0.036000 56.571429 95.557604 0.036000 0.036000 56.571429 126.610892 56.571429
0.036000 0.036000 0.036000 56.571429 96.266297 0.036000 0.036000 56.571429 122.089383 56.571429
0.036000 0.036000 0.036000 56.571429 96.266297 0.036000 0.036000 56.571429 117.728495 56.571429
0.036000 0.036000 0.036000 56.571429 97.697534 0.036000 0.036000 56.571429 112.695652 56.571429
0.036000 0.036000 0.036000 56.571429 96.266297 0.036000 0.036000 56.571429 108.659341 56.571429
0.036000 0.036000 0.036000 56.571429 96.266297 0.036000 0.036000 56.571429 103.994257 56.571429
0.036000 0.036000 0.036000 56.571429 96.979592 0.036000 0.036000 56.571429 99.513019 56.571429
0.036000 0.036000 0.036000 56.571429 95.557604 0.036000 0.036000 56.571429 95.204969 56.571429
0.036000 0.036000 0.036000 56.571429 95.557604 0.036000 0.036000 56.571429 91.740095 56.571429
0.036000 0.036000 0.036000 56.571429 95.557604 0.036000 0.036000 56.571429 89.379310 56.571429
0.036000 0.036000 0.036000 56.571429 95.557604 0.036000 0.036000 56.571429 97.697534 56.571429
0.036000 0.036000 0.036000 56.571429 96.266297 0.036000 0.036000 56.571429 99.879699 56.571429
0.036000 0.036000 0.036000 56.571429 96.266297 0.036000 0.036000 56.571429 96.266297 56.571429
0.036000 0.036000 0.036000 56.571429 96.266297 0.036000 0.036000 56.571429 92.424256 56.571429
0.036000 0.036000 0.036000 56.571429 97.697534 0.036000 0.036000 58.084034 88.383330 56.571429
0.036000 0.036000 0.036000 56.571429 96.266297 0.036000 0.036000 60.543554 85.129691 57.600000
0.036000 0.036000 0.036000 56.571429 96.266297 0.036000 0.036000 64.620499 81.664221 58.084034
0.036000 0.036000 0.036000 56.571429 96.266297 0.036000 0.036000 68.338983 78.012717 59.059908
0.036000 0.036000 0.036000 56.571429 96.979592 0.036000 0.036000 71.926002 74.777894 60.046332
0.036000 0.036000 0.036000 56.571429 96.266297 0.036000 0.036000 70.253923 70.808093 65.142857
0.036000 0.036000 0.036000 56.571429 96.266297 0.036000 0.036000 65.931859 67.798793 66.196329
0.036000 0.036000 0.036000 56.571429 96.979592 0.036000 0.036000 62.051522 64.881316 66.196329
0.036000 0.036000 0.036000 56.571429 97.697534 0.036000 0.036000 65.931859 70.253923 68.882234
0.036000 0.036000 0.036000 56.571429 97.697534 0.036000 0.036000 69.428571 71.645320 70.530612
0.036000 0.036000 0.036000 56.571429 97.697534 0.036000 0.036000 72.772915 69.155015 72.207493
0.036000 0.036000 0.036000 56.571429 97.697534 0.036000 0.036000 73.056853 66.727491 73.913621
0.036000 0.036000 0.036000 56.571429 96.979592 0.036000 0.036000 76.529350 64.881316 76.235294
0.036000 0.036000 0.036000 56.571429 96.979592 0.036000 0.036000 81.354880 62.305257 76.824273
0.036000 0.036000 0.036000 56.571429 97.697534 0.036000 0.036000 84.809816 59.798728 78.012717
0.036000 0.036000 0.036000 56.571429 96.266297 0.036000 0.036000 90.048518 57.358950 79.215352
0.036000 0.036000 0.036000 56.571429 96.266297 0.036000 0.036000 96.266297 56.571429 80.432432
0.036000 0.036000 0.036000 56.571429 96.266297 0.036000 0.036000 94.503096 56.571429 81.664221
0.036000 0.036000 0.036000 56.571429 96.979592 0.036000 0.036000 86.743919 56.571429 83.540070
0.036000 0.036000 0.036000 56.571429 96.266297 0.036000 0.036000 80.126794 56.571429 83.540070
0.036000 0.036000 0.036000 56.571429 96.266297 0.036000 0.036000 82.910986 56.571429 84.173001
0.036000 0.036000 0.036000 56.571429 96.979592 0.036000 0.036000 87.724506 56.571429 87.396628
0.036000 0.036000 0.036000 56.571429 97.697534 0.036000 0.036000 94.503096 56.571429 87.396628
0.036000 0.036000 0.036000 56.571429 97.697534 0.036000 0.036000 99.513019 56.571429 88.714286
0.036000 0.036000 0.036000 56.571429 97.697534 0.036000 0.036000 103.994257 56.571429 90.048518
0.036000 0.036000 0.036000 56.571429 97.697534 0.036000 0.036000 111.064397 56.571429 92.081633
0.036000 0.036000 0.036000 56.571429 97.697534 0.036000 0.036000 115.605634 56.571429 92.081633
0.036000 0.036000 0.036000 56.571429 97.697534 0.036000 0.036000 121.204633 56.571429 93.458695
0.036000 0.036000 0.036000 56.571429 96.979592 0.036000 0.036000 126.151261 56.571429 94.153846
0.036000 0.036000 0.036000 56.571429 98.420168 0.036000 0.036000 122.089383 56.571429 94.853468
0.036000 0.036000 0.036000 56.571429 97.697534 0.036000 0.036000 116.874842 56.571429 94.853468
0.036000 0.036000 0.036000 56.571429 97.697534 0.036000 0.036000 112.285714 56.571429 94.853468
0.036000 0.036000 0.036000 56.571429 97.697534 0.036000 0.036000 117.728495 56.571429 94.853468
0.036000 0.036000 0.036000 56.571429 98.420168 0.036000 0.036000 123.878220 56.571429 94.853468
0.036000 0.036000 0.036000 56.571429 96.979592 0.036000 0.036000 132.743935 56.571429 95.557604
0.036000 0.036000 0.036000 56.571429 96.979592 0.036000 0.036000 141.233083 56.571429 94.153846
0.036000 0.036000 0.036000 56.571429 96.266297 0.036000 0.036000 151.412377 56.571429 94.153846
0.036000 0.036000 0.036000 56.571429 95.557604 0.036000 0.036000 151.969864 56.571429 95.557604
0.036000 0.036000 0.036000 56.571429 96.266297 0.036000 0.036000 142.268940 56.571429 94.853468
0.036000 0.036000 0.036000 56.571429 96.266297 0.036000 0.036000 134.692015 56.571429 94.853468
0.036000 0.036000 0.036000 56.571429 96.266297 0.036000 0.036000 126.610892 56.571429 95.557604
0.036000 0.036000 0.036000 56.571429 97.697534 0.036000 0.036000 122.089383 56.571429 94.153846
0.036000 0.036000 0.036000 56.571429 96.979592 0.036000 0.036000 117.300912 56.571429 94.153846
0.036000 0.036000 0.036000 56.571429 96.979592 0.036000 0.036000 109.455526 56.571429 94.153846
0.036000 0.036000 0.036000 56.571429 96.266297 0.036000 0.036000 115.605634 56.571429 94.853468
0.036000 0.036000 0.036000 56.571429 96.979592 0.036000 0.036000 120.764645 56.571429 94.853468
0.036000 0.036000 0.036000 56.571429 95.557604 0.036000 0.036000 119.020408 56.571429 94.853468
0.036000 0.036000 0.036000 56.571429 95.557604 0.036000 0.036000 114.349762 56.571429 94.853468
0.036000 0.036000 0.036000 56.571429 96.266297 0.036000 0.036000 108.659341 61.294461 94.853468
0.036000 0.036000 0.036000 56.571429 94.853468 0.036000 0.036000 103.234915 67.261637 94.853468
0.036000 0.036000 0.036000 56.571429 94.853468 0.036000 0.036000 96.979592 73.341615 94.853468
0.036000 0.036000 0.036000 56.571429 94.853468 0.036000 0.036000 91.399638 79.518258 94.853468
0.036000 0.036000 0.036000 56.571429 94.853468 0.036000 0.036000 84.809816 80.432432 95.557604
0.036000 0.036000 0.036000 56.571429 94.853468 0.036000 0.036000 80.126794 75.067669 95.557604
0.036000 0.036000 0.036000 56.571429 95.557604 0.036000 0.036000 73.913621 72.207493 95.557604
0.036000 0.036000 0.036000 56.571429 96.266297 0.036000 0.036000 70.530612 69.155015 95.557604
0.036000 0.036000 0.036000 56.571429 96.266297 0.036000 0.036000 74.777894 75.358293 96.266297
0.036000 0.036000 0.036000 56.571429 96.266297 0.036000 0.036000 80.432432 81.664221 94.853468
0.036000 0.036000 0.036000 56.571429 96.266297 0.036000 0.036000 84.490921 87.724506 94.853468
0.036000 0.036000 0.036000 56.571429 96.979592 0.036000 0.036000 80.126794 93.805714 94.853468
0.036000 0.036000 0.036000 56.571429 96.979592 0.036000 0.036000 77.120068 100.247588 94.853468
0.036000 0.036000 0.036000 56.571429 96.979592 0.036000 0.036000 70.808093 108.263286 95.557604
0.036000 0.036000 0.036000 56.571429 97.697534 0.036000 0.036000 65.668126 116.027211 94.853468
0.036000 0.036000 0.036000 56.571429 97.697534 0.036000 0.036000 61.546127 120.764645 94.153846
0.036000 0.036000 0.036000 56.571429 97.697534 0.036000 0.036000 58.327022 116.874842 96.979592
0.036000 0.036000 0.036000 56.571429 97.697534 0.036000 0.036000 56.571429 112.285714 96.266297
0.036000 0.036000 0.036000 56.571429 97.697534 0.036000 0.036000 56.571429 107.868581 96.266297
0.036000 0.036000 0.036000 56.571429 97.697534 0.036000 0.036000 56.571429 103.613951 96.266297
0.036000 0.036000 0.036000 56.571429 97.697534 0.036000 0.036000 56.571429 111.877197 96.266297
0.036000 0.036000 0.036000 56.571429 97.697534 0.036000 0.036000 56.571429 120.326237 96.266297
0.036000 0.036000 0.036000 56.571429 97.697534 0.036000 0.036000 56.571429 129.404629 96.979592
0.036000 0.036000 0.036000 56.571429 98.420168 0.036000 0.036000 56.571429 137.169180 95.557604
0.036000 0.036000 0.036000 56.571429 96.979592 0.036000 0.036000 56.571429 131.780881 95.557604
0.036000 0.036000 0.036000 56.571429 97.697534 0.036000 0.036000 56.571429 126.610892 95.557604
0.036000 0.036000 0.036000 56.571429 96.979592 0.036000 0.036000 56.571429 122.534161 95.557604
0.036000 0.036000 0.036000 56.571429 96.979592 0.036000 0.036000 56.571429 118.157600 95.557604
0.036000 0.036000 0.036000 56.571429 95.557604 0.036000 0.036000 56.571429 113.519820 95.557604
0.036000 0.036000 0.036000 56.571429 96.266297 0.036000 0.036000 56.571429 108.659341 96.266297
0.036000 0.036000 0.036000 56.571429 96.266297 0.036000 0.036000 56.571429 105.142857 94.853468
0.036000 0.036000 0.036000 56.571429 96.979592 0.036000 0.036000 56.571429 101.731343 95.557604
0.036000 0.036000 0.036000 56.571429 95.557604 0.036000 0.036000 56.571429 109.855670 95.557604
0.036000 0.036000 0.036000 58.570663 95.557604 0.036000 0.036000 56.571429 106.692494 95.557604
0.036000 0.036000 0.036000 61.043478 95.557604 0.036000 0.036000 56.571429 103.613951 96.266297
0.036000 0.036000 0.036000 60.046332 95.557604 0.036000 0.036000 56.571429 100.247588 96.266297
0.036000 0.036000 0.036000 59.059908 95.557604 0.036000 0.036000 56.571429 96.979592 96.266297
0.036000 0.036000 0.036000 56.639636 96.979592 0.036000 0.036000 56.571429 93.805714 96.979592
0.036000 0.036000 0.036000 56.571429 96.266297 0.036000 0.036000 56.571429 91.060257 96.266297
0.036000 0.036000 0.036000 56.571429 94.853468 0.036000 0.036000 56.571429 88.714286 96.266297
0.036000 0.036000 0.036000 56.571429 96.266297 0.036000 0.036000 57.358950 86.419077 96.266297
0.036000 0.036000 0.036000 56.571429 96.266297 0.036000 0.036000 57.358950 83.540070 96.979592
0.036000 0.036000 0.036000 56.571429 94.153846 0.036000 0.036000 58.327022 80.432432 95.557604
0.036000 0.036000 0.036000 56.571429 96.266297 0.036000 0.036000 56.639636 77.714286 95.557604
0.036000 0.036000 0.036000 56.571429 96.979592 0.036000 0.036000 61.546127 84.490921 95.557604
0.036000 0.036000 0.036000 56.571429 96.266297 0.036000 0.036000 66.461538 84.809816 95.557604
0.036000 0.036000 0.036000 56.571429 96.979592 0.036000 0.036000 69.702906 81.974498 95.557604
0.036000 0.036000 0.036000 56.571429 96.266297 0.036000 0.036000 73.913621 79.822070 95.557604
0.036000 0.036000 0.036000 56.571429 96.979592 0.036000 0.036000 79.518258 77.120068 95.557604
0.036000 0.036000 0.036000 56.571429 96.266297 0.036000 0.036000 84.490921 75.067669 95.557604
0.036000 0.036000 0.036000 56.571429 96.266297 0.036000 0.036000 91.740095 72.489796 95.557604
0.036000 0.036000 0.036000 56.571429 96.979592 0.036000 0.036000 98.058261 69.428571 96.266297
0.036000 0.036000 0.036000 56.571429 96.266297 0.036000 0.036000 102.480628 67.261637 94.853468
0.036000 0.036000 0.036000 56.571429 97.697534 0.036000 0.036000 102.105363 64.881316 96.266297
0.036000 0.036000 0.036000 56.571429 96.979592 0.036000 0.036000 97.697534 62.559687 96.979592
0.036000 0.036000 0.036000 56.571429 96.979592 0.036000 0.036000 92.081633 60.294607 95.557604
0.036000 0.036000 0.036000 56.571429 98.420168 0.036000 0.036000 98.783259 66.461538 94.853468
0.036000 0.036000 0.036000 56.571429 96.979592 0.036000 0.036000 104.758703 65.931859 97.697534
0.036000 0.036000 0.036000 56.571429 97.697534 0.036000 0.036000 107.868581 71.645320 96.266297
0.036000 0.036000 0.036000 56.571429 98.420168 0.036000 0.036000 112.695652 77.714286 96.266297
0.036000 0.036000 0.036000 56.571429 97.697534 0.036000 0.036000 113.934066 85.129691 96.266297
0.036000 0.036000 0.036000 56.571429 96.979592 0.036000 0.036000 107.475219 93.112782 96.266297
0.036000 0.036000 0.036000 56.571429 97.697534 0.036000 0.036000 101.358562 100.987013 96.266297
0.036000 0.036000 0.036000 56.571429 98.420168 0.036000 0.036000 93.458695 98.420168 96.979592
0.036000 0.036000 0.036000 56.571429 98.420168 0.036000 0.036000 88.053405 94.853468 95.557604
0.036000 0.036000 0.036000 56.571429 98.420168 0.036000 0.036000 83.225049 91.399638 95.557604
0.036000 0.036000 0.036000 56.571429 98.420168 0.036000 0.036000 79.215352 88.383330 95.557604
0.036000 0.036000 0.036000 56.571429 98.420168 0.036000 0.036000 76.235294 85.450549 94.853468
0.036000 0.036000 0.036000 56.571429 97.697534 0.036000 0.036000 79.518258 92.767971 94.853468
0.036000 0.036000 0.036000 56.571429 97.697534 0.036000 0.036000 82.597876 100.616690 94.853468
0.036000 0.036000 0.036000 56.571429 97.697534 0.036000 0.036000 86.095238 109.056751 95.557604
0.036000 0.036000 0.036000 56.571429 96.979592 0.036000 0.036000 84.173001 118.157600 95.557604
0.036000 0.036000 0.036000 56.571429 97.697534 0.036000 0.036000 79.518258 127.072219 96.266297
0.036000 0.036000 0.036000 56.571429 97.697534 0.036000 0.036000 74.777894 136.669951 96.979592
0.036000 0.036000 0.036000 56.571429 97.697534 0.036000 0.036000 70.808093 148.658460 96.979592
0.036000 0.036000 0.036000 56.571429 98.420168 0.036000 0.036000 66.994190 152.529617 97.697534
0.036000 0.036000 0.036000 56.571429 99.879699 0.036000 0.036000 63.842365 146.494746 96.266297
0.036000 0.036000 0.036000 56.571429 97.697534 0.036000 0.036000 60.294607 142.268940 95.557604
0.036000 0.036000 0.036000 56.571429 96.979592 0.036000 0.036000 56.639636 136.669951 96.979592
0.036000 0.036000 0.036000 56.571429 99.147541 0.036000 0.036000 56.571429 131.302064 97.697534
0.036000 0.036000 0.036000 56.571429 98.420168 0.036000 0.036000 57.358950 141.233083 96.266297
0.036000 0.036000 0.036000 56.571429 98.420168 0.036000 0.036000 61.546127 153.655977 96.266297
0.036000 0.036000 0.036000 56.571429 97.697534 0.036000 0.036000 62.814815 167.302539 96.266297
0.036000 0.036000 0.036000 56.571429 97.697534 0.036000 0.036000 64.360403 176.287606 96.266297
0.036000 0.036000 0.036000 56.571429 97.697534 0.036000 0.036000 65.931859 169.182266 96.979592
0.036000 0.036000 0.036000 56.571429 97.697534 0.036000 0.036000 67.261637 163.009042 96.979592
0.036000 0.036000 0.036000 56.571429 97.697534 0.036000 0.036000 68.068507 156.512518 96.979592
0.036000 0.036000 0.036000 56.571429 97.697534 0.036000 0.036000 61.294461 150.857143 96.979592
0.036000 0.036000 0.036000 56.571429 97.697534 0.036000 0.036000 56.571429 145.959184 96.979592
0.036000 0.036000 0.036000 56.571429 97.697534 0.036000 0.036000 56.571429 140.718177 97.697534
0.036000 0.036000 0.036000 56.571429 97.697534 0.036000 0.036000 56.571429 135.677208 96.266297
0.036000 0.036000 0.036000 56.571429 98.420168 0.036000 0.036000 56.571429 129.876333 96.266297
0.036000 0.036000 0.036000 56.571429 98.420168 0.036000 0.036000 56.571429 139.185410 96.979592
0.036000 0.036000 0.036000 56.571429 98.420168 0.036000 0.036000 56.571429 143.312939 95.557604
0.036000 0.036000 0.036000 56.571429 98.420168 0.036000 0.036000 56.571429 138.173410 94.853468
0.036000 0.036000 0.036000 58.084034 97.697534 0.036000 0.036000 56.571429 134.692015 95.557604
0.036000 0.036000 0.036000 58.570663 97.697534 0.036000 0.036000 56.571429 130.825040 96.266297
0.036000 0.036000 0.036000 58.084034 97.697534 0.036000 0.036000 57.600000 127.072219 94.153846
0.036000 0.036000 0.036000 57.118541 96.979592 0.036000 0.036000 63.584416 123.878220 95.557604
0.036000 0.036000 0.036000 56.571429 96.979592 0.036000 0.036000 69.428571 119.889401 95.557604
0.036000 0.036000 0.036000 56.571429 97.697534 0.036000 0.036000 73.627203 116.027211 95.557604
0.036000 0.036000 0.036000 56.571429 98.420168 0.036000 0.036000 67.529837 112.285714 95.557604
0.036000 0.036000 0.036000 56.571429 97.697534 0.036000 0.036000 66.461538 109.455526 95.557604
0.036000 0.036000 0.036000 56.571429 98.420168 0.036000 0.036000 61.294461 105.915058 96.979592
0.036000 0.036000 0.036000 56.571429 99.147541 0.036000 0.036000 64.360403 114.766917 95.557604
0.036000 0.036000 0.036000 56.571429 99.147541 0.036000 0.036000 68.338983 120.326237 95.557604
0.036000 0.036000 0.036000 56.571429 97.697534 0.036000 0.036000 73.056853 116.027211 97.697534
0.036000 0.036000 0.036000 56.571429 96.979592 0.036000 0.036000 78.312036 113.107018 96.266297
0.036000 0.036000 0.036000 56.571429 97.697534 0.036000 0.036000 83.856052 109.455526 96.266297
0.036000 0.036000 0.036000 56.571429 96.979592 0.036000 0.036000 90.384702 106.303118 96.266297
0.036000 0.036000 0.036000 56.571429 96.979592 0.036000 0.036000 94.853468 102.857143 96.979592
0.036000 0.036000 0.036000 56.571429 97.697534 0.036000 0.036000 100.616690 99.513019 96.979592
0.036000 0.036000 0.036000 56.571429 97.697534 0.036000 0.036000 108.263286 95.911378 97.697534
0.036000 0.036000 0.036000 56.571429 98.420168 0.036000 0.036000 103.613951 92.767971 96.266297
0.036000 0.036000 0.036000 56.571429 97.697534 0.036000 0.036000 98.058261 90.384702 96.266297
0.036000 0.036000 0.036000 56.571429 99.147541 0.036000 0.036000 93.458695 87.396628 96.266297
0.036000 0.036000 0.036000 56.571429 96.979592 0.036000 0.036000 98.420168 95.557604 96.266297
0.036000 0.036000 0.036000 56.571429 96.979592 0.036000 0.036000 103.234915 96.266297 96.979592
0.036000 0.036000 0.036000 56.571429 97.697534 0.036000 0.036000 109.455526 93.458695 95.557604
0.036000 0.036000 0.036000 56.571429 96.979592 0.036000 0.036000 117.300912 90.721947 95.557604
0.036000 0.036000 0.036000 56.571429 97.697534 0.036000 0.036000 125.237049 87.396628 95.557604
0.036000 0.036000 0.036000 56.571429 96.979592 0.036000 0.036000 131.780881 84.809816 95.557604
0.036000 0.036000 0.036000 56.571429 97.697534 0.036000 0.036000 138.678434 81.974498 95.557604
0.036000 0.036000 0.036000 56.571429 98.420168 0.036000 0.036000 146.494746 78.913349 95.557604
0.036000 0.036000 0.036000 56.571429 98.420168 0.036000 0.036000 158.254890 76.824273 95.557604
0.036000 0.036000 0.036000 56.571429 96.979592 0.036000 0.036000 156.512518 74.200873 96.266297
0.036000 0.036000 0.036000 56.571429 96.979592 0.036000 0.036000 146.494746 71.365444 94.853468
0.036000 0.036000 0.036000 56.571429 96.979592 0.036000 0.036000 137.169180 68.882234 94.853468
0.036000 0.036000 0.036000 56.571429 96.979592 0.036000 0.036000 142.268940 75.067669 95.557604
0.036000 0.036000 0.036000 56.571429 97.697534 0.036000 0.036000 145.959184 81.354880 95.557604
0.036000 0.036000 0.036000 56.571429 96.266297 0.036000 0.036000 157.671695 88.383330 95.557604
0.036000 0.036000 0.036000 56.571429 96.979592 0.036000 0.036000 148.658460 95.204969 96.266297
0.036000 0.036000 0.036000 56.571429 96.266297 0.036000 0.036000 140.205270 103.234915 96.266297
0.036000 0.036000 0.036000 56.571429 97.697534 0.036000 0.036000 132.261501 111.064397 96.266297
0.036000 0.036000 0.036000 56.571429 96.266297 0.036000 0.036000 126.610892 119.889401 96.979592
0.036000 0.036000 0.036000 56.571429 96.266297 0.036000 0.036000 122.534161 125.693316 95.557604
0.036000 0.036000 0.036000 56.571429 96.266297 0.036000 0.036000 114.349762 121.204633 95.557604
0.036000 0.036000 0.036000 56.571429 96.266297 0.036000 0.036000 107.475219 116.874842 96.266297
0.036000 0.036000 0.036000 56.571429 96.266297 0.036000 0.036000 100.987013 112.695652 94.853468
0.036000 0.036000 0.036000 56.571429 96.266297 0.036000 0.036000 96.266297 108.659341 94.853468
0.036000 0.036000 0.036000 56.571429 95.557604 0.036000 0.036000 102.480628 117.728495 94.853468
0.036000 0.036000 0.036000 56.571429 95.557604 0.036000 0.036000 107.868581 127.072219 94.853468
0.036000 0.036000 0.036000 56.571429 95.557604 0.036000 0.036000 111.877197 137.169180 94.853468
0.036000 0.036000 0.036000 56.571429 96.266297 0.036000 0.036000 105.528306 148.114286 94.853468
0.036000 0.036000 0.036000 56.571429 94.853468 0.036000 0.036000 99.147541 159.428571 95.557604
0.036000 0.036000 0.036000 56.571429 94.153846 0.036000 0.036000 94.853468 172.369748 96.266297
0.036000 0.036000 0.036000 56.571429 96.979592 0.036000 0.036000 87.396628 185.142857 94.853468
0.036000 0.036000 0.036000 56.571429 96.266297 0.036000 0.036000 82.597876 198.304672 94.853468
0.036000 0.036000 0.036000 56.571429 96.979592 0.036000 0.036000 79.215352 189.408822 94.853468
0.036000 0.036000 0.036000 56.571429 96.979592 0.036000 0.036000 74.200873 182.362934 94.853468
0.036000 0.036000 0.036000 56.571429 96.979592 0.036000 0.036000 70.253923 175.627439 94.853468
0.036000 0.036000 0.036000 56.571429 96.979592 0.036000 0.036000 67.261637 169.182266 94.853468
0.036000 0.036000 0.036000 56.571429 97.697534 0.036000 0.036000 72.489796 183.746606 94.853468
0.036000 0.036000 0.036000 56.571429 95.557604 0.036000 0.036000 76.824273 199.068884 94.853468
0.036000 0.036000 0.036000 56.571429 96.266297 0.036000 0.036000 82.597876 190.857143 94.853468
0.036000 0.036000 0.036000 56.571429 96.266297 0.036000 0.036000 87.069767 183.746606 95.557604
0.036000 0.036000 0.036000 56.571429 95.557604 0.036000 0.036000 90.721947 177.616725 94.153846
0.036000 0.036000 0.036000 56.571429 96.266297 0.036000 0.036000 93.805714 170.448980 94.153846
0.036000 0.036000 0.036000 56.571429 96.979592 0.036000 0.036000 94.503096 163.009042 95.557604
0.036000 0.036000 0.036000 56.571429 96.979592 0.036000 0.036000 95.204969 157.090909 93.458695
0.036000 0.036000 0.036000 56.571429 96.266297 0.036000 0.036000 93.805714 150.304147 95.557604
0.036000 0.036000 0.036000 56.571429 96.979592 0.036000 0.036000 86.419077 144.365173 94.153846
0.036000 0.036000 0.036000 56.571429 97.697534 0.036000 0.036000 79.518258 138.173410 94.853468
0.036000 0.036000 0.036000 56.571429 95.557604 0.036000 0.036000 71.645320 132.743935 95.557604
0.036000 0.036000 0.036000 56.571429 97.697534 0.036000 0.036000 73.341615 142.789916 95.557604
0.036000 0.036000 0.036000 56.571429 96.266297 0.036000 0.036000 74.777894 141.233083 95.557604
0.036000 0.036000 0.036000 56.571429 96.266297 0.036000 0.036000 78.012717 135.677208 96.266297
0.036000 0.036000 0.036000 56.571429 96.266297 0.036000 0.036000 81.046472 130.349800 94.853468
0.036000 0.036000 0.036000 56.571429 96.979592 0.036000 0.036000 86.419077 125.237049 94.853468
0.036000 0.036000 0.036000 56.571429 96.979592 0.036000 0.036000 95.557604 121.204633 94.853468
0.036000 0.036000 0.036000 56.571429 97.697534 0.036000 0.036000 104.375839 117.300912 94.853468
0.036000 0.036000 0.036000 56.571429 98.420168 0.036000 0.036000 109.455526 113.934066 94.853468
0.036000 0.036000 0.036000 56.571429 96.979592 0.036000 0.036000 115.185539 111.064397 94.853468
0.036000 0.036000 0.036000 56.571429 96.266297 0.036000 0.036000 116.450278 107.868581 94.853468
0.036000 0.036000 0.036000 56.571429 97.697534 0.036000 0.036000 110.257192 105.528306 94.853468
0.036000 0.036000 0.036000 56.571429 96.266297 0.036000 0.036000 103.234915 102.480628 95.557604
0.036000 0.036000 0.036000 56.571429 95.557604 0.036000 0.036000 109.455526 111.877197 96.979592
0.036000 0.036000 0.036000 56.571429 96.266297 0.036000 0.036000 116.027211 111.064397 94.853468
0.036000 0.036000 0.036000 56.571429 95.557604 0.036000 0.036000 123.428571 107.868581 96.266297
0.036000 0.036000 0.036000 56.571429 96.266297 0.036000 0.036000 129.404629 104.375839 96.266297
0.036000 0.036000 0.036000 56.571429 96.979592 0.036000 0.036000 137.670330 100.616690 96.266297
0.036000 0.036000 0.036000 56.571429 96.266297 0.036000 0.036000 142.789916 97.697534 96.979592
0.036000 0.036000 0.036000 56.571429 96.979592 0.036000 0.036000 151.969864 94.503096 94.853468
0.036000 0.036000 0.036000 56.571429 97.697534 0.036000 0.036000 160.019087 91.399638 96.979592
0.036000 0.036000 0.036000 56.571429 99.147541 0.036000 0.036000 166.681319 88.053405 95.557604
0.036000 0.036000 0.036000 56.571429 96.979592 0.036000 0.036000 164.833485 85.772397 95.557604
0.036000 0.036000 0.036000 56.571429 95.557604 0.036000 0.036000 157.090909 83.540070 96.266297
0.036000 0.036000 0.036000 56.571429 97.697534 0.036000 0.036000 146.494746 80.738990 96.979592
0.036000 0.036000 0.036000 56.571429 97.697534 0.036000 0.036000 153.655977 88.053405 95.557604
0.036000 0.036000 0.036000 56.571429 96.979592 0.036000 0.036000 164.222760 95.204969 95.557604
0.036000 0.036000 0.036000 56.571429 95.557604 0.036000 0.036000 168.552995 103.994257 95.557604
0.036000 0.036000 0.036000 56.571429 97.697534 0.036000 0.036000 158.254890 112.285714 95.557604
0.036000 0.036000 0.036000 56.571429 99.147541 0.036000 0.036000 149.204819 121.646209 96.266297
0.036000 0.036000 0.036000 56.571429 97.697534 0.036000 0.036000 142.268940 131.302064 94.153846
0.036000 0.036000 0.036000 56.571429 98.420168 0.036000 0.036000 135.183673 142.268940 95.557604
0.036000 0.036000 0.036000 56.571429 98.420168 0.036000 0.036000 125.693316 154.222612 95.557604
0.036000 0.036000 0.036000 56.571429 98.420168 0.036000 0.036000 120.764645 149.753377 95.557604
0.036000 0.036000 0.036000 56.571429 98.420168 0.036000 0.036000 114.349762 144.894410 95.557604
0.036000 0.036000 0.036000 56.571429 98.420168 0.036000 0.036000 107.083192 140.205270 95.557604
0.036000 0.036000 0.036000 56.571429 99.147541 0.036000 0.036000 102.105363 135.677208 95.557604
0.036000 0.036000 0.036000 56.571429 96.266297 0.036000 0.036000 109.455526 148.114286 95.557604
0.036000 0.036000 0.036000 56.571429 96.979592 0.036000 0.036000 116.027211 161.805522 95.557604
0.036000 0.036000 0.036000 56.571429 96.979592 0.036000 0.036000 120.764645 174.970173 96.979592
0.036000 0.036000 0.036000 56.571429 97.697534 0.036000 0.036000 113.519820 189.408822 95.557604
0.036000 0.036000 0.036000 56.571429 96.266297 0.036000 0.036000 107.475219 206.113731 95.557604
0.036000 0.036000 0.036000 56.571429 95.557604 0.036000 0.036000 102.857143 224.703297 96.266297
0.036000 0.036000 0.036000 56.571429 96.979592 0.036000 0.036000 98.058261 245.515528 96.266297
0.036000 0.036000 0.036000 56.571429 97.697534 0.036000 0.036000 92.767971 261.193039 96.266297
0.036000 0.036000 0.036000 56.571429 96.979592 0.036000 0.036000 88.383330 251.630624 96.266297
0.036000 0.036000 0.036000 56.571429 97.697534 0.036000 0.036000 82.597876 241.548387 96.266297
0.036000 0.036000 0.036000 56.571429 97.697534 0.036000 0.036000 77.714286 231.066020 96.266297
0.036000 0.036000 0.036000 56.571429 97.697534 0.036000 0.036000 73.913621 221.168963 96.266297
0.036000 0.036000 0.036000 56.571429 97.697534 0.036000 0.036000 78.012717 240.569897 96.266297
0.036000 0.036000 0.036000 56.571429 97.697534 0.036000 0.036000 82.285714 261.193039 96.979592
0.036000 0.036000 0.036000 56.571429 98.420168 0.036000 0.036000 87.069767 250.597403 96.979592
0.036000 0.036000 0.036000 56.571429 96.979592 0.036000 0.036000 92.767971 240.569897 97.697534
0.036000 0.036000 0.036000 56.571429 96.979592 0.036000 0.036000 99.147541 231.066020 97.697534
0.036000 0.036000 0.036000 56.571429 97.697534 0.036000 0.036000 104.375839 220.296564 97.697534
0.036000 0.036000 0.036000 56.571429 96.979592 0.036000 0.036000 110.660099 212.639321 97.697534
0.036000 0.036000 0.036000 56.571429 97.697534 0.036000 0.036000 115.605634 202.945055 97.697534
0.036000 0.036000 0.036000 56.571429 96.266297 0.036000 0.036000 114.766917 193.794393 97.697534
0.036000 0.036000 0.036000 56.571429 96.266297 0.036000 0.036000 103.994257 185.142857 97.697534
0.036000 0.036000 0.036000 56.571429 96.266297 0.036000 0.036000 95.911378 177.616725 97.697534
0.036000 0.036000 0.036000 56.571429 96.979592 0.036000 0.036000 90.048518 169.814255 97.697534
0.036000 0.036000 0.036000 56.571429 96.266297 0.036000 0.036000 91.399638 184.443149 96.979592
0.036000 0.036000 0.036000 56.571429 97.697534 0.036000 0.036000 90.721947 193.794393 97.697534
0.036000 0.036000 0.036000 56.571429 96.266297 0.036000 0.036000 93.112782 185.845753 96.266297
0.036000 0.036000 0.036000 56.571429 96.266297 0.036000 0.036000 93.458695 177.616725 96.266297
0.036000 0.036000 0.036000 56.571429 95.557604 0.036000 0.036000 95.204969 171.726708 96.266297
0.036000 0.036000 0.036000 56.571429 95.557604 0.036000 0.036000 99.513019 164.222760 96.266297
0.036000 0.036000 0.036000 56.571429 96.266297 0.036000 0.036000 106.692494 157.090909 96.266297
0.036000 0.036000 0.036000 56.571429 96.266297 0.036000 0.036000 118.157600 151.969864 96.266297
0.036000 0.036000 0.036000 56.571429 95.557604 0.036000 0.036000 126.151261 148.114286 96.266297
0.036000 0.036000 0.036000 56.571429 96.266297 0.036000 0.036000 119.020408 143.312939 96.266297
0.036000 0.036000 0.036000 56.571429 96.979592 0.036000 0.036000 113.107018 139.185410 96.266297
0.036000 0.036000 0.036000 56.571429 94.853468 0.036000 0.036000 107.868581 135.183673 96.266297
0.036000 0.036000 0.036000 56.571429 96.266297 0.036000 0.036000 115.605634 147.032442 96.266297
0.036000 0.036000 0.036000 56.571429 96.266297 0.036000 0.036000 122.089383 149.204819 96.266297
0.036000 0.036000 0.036000 56.571429 96.979592 0.036000 0.036000 127.072219 144.365173 96.266297
0.036000 0.036000 0.036000 56.571429 96.979592 0.036000 0.036000 132.261501 141.233083 96.979592
0.036000 0.036000 0.036000 56.571429 96.266297 0.036000 0.036000 141.750000 136.669951 95.557604
0.036000 0.036000 0.036000 56.571429 96.266297 0.036000 0.036000 149.204819 131.780881 95.557604
0.036000 0.036000 0.036000 56.571429 97.697534 0.036000 0.036000 157.671695 128.466472 95.557604
0.036000 0.036000 0.036000 56.571429 96.979592 0.036000 0.036000 169.814255 124.329510 95.557604
0.036000 0.036000 0.036000 56.571429 96.266297 0.036000 0.036000 179.632653 121.204633 95.557604
0.036000 0.036000 0.036000 56.571429 96.266297 0.036000 0.036000 178.957684 116.874842 96.266297
0.036000 0.036000 0.036000 56.571429 96.979592 0.036000 0.036000 171.086458 112.695652 94.853468
0.036000 0.036000 0.036000 56.571429 96.266297 0.036000 0.036000 159.428571 109.855670 94.153846
0.036000 0.036000 0.036000 56.571429 95.557604 0.036000 0.036000 170.448980 119.889401 95.557604
0.036000 0.036000 0.036000 56.571429 96.979592 0.036000 0.036000 182.362934 129.404629 95.557604
0.036000 0.036000 0.036000 56.571429 96.266297 0.036000 0.036000 185.142857 140.205270 96.266297
0.036000 0.036000 0.036000 56.571429 96.979592 0.036000 0.036000 172.369748 151.412377 94.853468
0.036000 0.036000 0.036000 56.571429 96.266297 0.036000 0.036000 163.009042 165.446809 94.853468
0.036000 0.036000 0.036000 56.571429 95.557604 0.036000 0.036000 154.222612 180.991672 95.557604
0.036000 0.036000 0.036000 56.571429 96.979592 0.036000 0.036000 147.032442 196.787062 94.153846
0.036000 0.036000 0.036000 56.571429 96.266297 0.036000 0.036000 140.205270 213.473236 94.153846
0.036000 0.036000 0.036000 56.571429 94.853468 0.036000 0.036000 130.825040 209.344538 94.153846
0.036000 0.036000 0.036000 56.571429 96.266297 0.036000 0.036000 123.878220 202.162384 94.153846
0.036000 0.036000 0.036000 56.571429 96.979592 0.036000 0.036000 118.588235 194.537303 94.853468
0.036000 0.036000 0.036000 56.571429 95.557604 0.036000 0.036000 108.263286 187.973788 94.153846
0.036000 0.036000 0.036000 56.571429 95.557604 0.036000 0.036000 114.766917 204.521739 94.153846
0.036000 0.036000 0.036000 56.571429 95.557604 0.036000 0.036000 123.428571 222.045802 94.153846
0.036000 0.036000 0.036000 56.571429 95.557604 0.036000 0.036000 125.693316 242.532152 94.853468
0.036000 0.036000 0.036000 56.571429 96.979592 0.036000 0.036000 132.261501 260.106538 94.153846
0.036000 0.036000 0.036000 56.571429 95.557604 0.036000 0.036000 141.233083 248.547945 94.153846
0.036000 0.036000 0.036000 56.571429 96.266297 0.036000 0.036000 148.114286 240.569897 94.153846
0.036000 0.036000 0.036000 56.571429 96.979592 0.036000 0.036000 157.090909 230.142857 94.853468
0.036000 0.036000 0.036000 56.571429 95.557604 0.036000 0.036000 151.412377 220.296564 95.557604
0.036000 0.036000 0.036000 56.571429 95.557604 0.036000 0.036000 143.312939 211.809524 95.557604
0.036000 0.036000 0.036000 56.571429 95.557604 0.036000 0.036000 138.173410 202.945055 95.557604
0.036000 0.036000 0.036000 56.571429 96.266297 0.036000 0.036000 129.876333 195.283702 95.557604
0.036000 0.036000 0.036000 56.571429 94.853468 0.036000 0.036000 122.089383 187.973788 95.557604
0.036000 0.036000 0.036000 56.571429 94.853468 0.036000 0.036000 129.876333 203.731497 95.557604
0.036000 0.036000 0.036000 56.571429 95.557604 0.036000 0.036000 137.169180 199.836735 95.557604
0.036000 0.036000 0.036000 56.571429 95.557604 0.036000 0.036000 143.312939 192.318937 96.266297
0.036000 0.036000 0.036000 56.571429 95.557604 0.036000 0.036000 151.969864 185.142857 96.979592
0.036000 0.036000 0.036000 56.571429 95.557604 0.036000 0.036000 161.805522 178.285714 95.557604
0.036000 0.036000 0.036000 56.571429 96.266297 0.036000 0.036000 172.369748 170.448980 95.557604
0.036000 0.036000 0.036000 56.571429 96.979592 0.036000 0.036000 182.362934 163.009042 96.266297
0.036000 0.036000 0.036000 56.571429 97.697534 0.036000 0.036000 193.794393 157.090909 94.853468
0.036000 0.036000 0.036000 56.571429 95.557604 0.036000 0.036000 201.383459 151.969864 94.853468
0.036000 0.036000 0.036000 56.571429 95.557604 0.036000 0.036000 201.383459 145.959184 94.853468
0.036000 0.036000 0.036000 56.571429 95.557604 0.036000 0.036000 185.142857 139.694352 94.853468
0.036000 0.036000 0.036000 56.571429 96.266297 0.036000 0.036000 170.448980 133.714286 94.853468
0.036000 0.036000 0.036000 56.571429 96.979592 0.036000 0.036000 171.726708 143.838020 95.557604
0.036000 0.036000 0.036000 56.571429 97.697534 0.036000 0.036000 174.970173 148.114286 95.557604
0.036000 0.036000 0.036000 56.571429 97.697534 0.036000 0.036000 183.746606 143.312939 96.266297
0.036000 0.036000 0.036000 56.571429 95.557604 0.036000 0.036000 187.973788 138.173410 94.853468
0.036000 0.036000 0.036000 56.571429 95.557604 0.036000 0.036000 190.131310 148.658460 94.853468
0.036000 0.036000 0.036000 56.571429 95.557604 0.036000 0.036000 181.675762 160.019087 94.853468
0.036000 0.036000 0.036000 56.571429 96.266297 0.036000 0.036000 177.616725 171.726708 95.557604
0.036000 0.036000 0.036000 56.571429 97.697534 0.036000 0.036000 174.970173 179.632653 95.557604
0.036000 0.036000 0.036000 56.571429 95.557604 0.036000 0.036000 170.448980 173.664270 96.266297
0.036000 0.036000 0.036000 56.571429 96.979592 0.036000 0.036000 164.833485 167.302539 94.853468
0.036000 0.036000 0.036000 56.571429 97.697534 0.036000 0.036000 158.840511 161.207547 94.853468
0.036000 0.036000 0.036000 56.571429 96.266297 0.036000 0.036000 151.969864 157.090909 94.853468
0.036000 0.036000 0.036000 56.571429 96.266297 0.036000 0.036000 163.614618 171.086458 95.557604
0.036000 0.036000 0.036000 56.571429 96.266297 0.036000 0.036000 173.015596 186.551859 94.153846
0.036000 0.036000 0.036000 56.571429 96.266297 0.036000 0.036000 179.632653 202.945055 94.153846
0.036000 0.036000 0.036000 56.571429 96.266297 0.036000 0.036000 169.182266 222.045802 94.153846
0.036000 0.036000 0.036000 56.571429 96.979592 0.036000 0.036000 157.671695 243.521236 94.853468
0.036000 0.036000 0.036000 56.571429 96.266297 0.036000 0.036000 148.114286 268.974401 94.853468
0.036000 0.036000 0.036000 56.571429 97.697534 0.036000 0.036000 139.694352 295.619048 95.557604
0.036000 0.036000 0.036000 56.571429 96.266297 0.036000 0.036000 131.302064 320.268908 95.557604
0.036000 0.036000 0.036000 56.571429 96.266297 0.036000 0.036000 123.878220 306.227848 96.266297
0.036000 0.036000 0.036000 56.571429 96.266297 0.036000 0.036000 117.728495 294.329670 94.853468
0.036000 0.036000 0.036000 56.571429 96.266297 0.036000 0.036000 110.257192 283.072712 95.557604
0.036000 0.036000 0.036000 56.571429 94.853468 0.036000 0.036000 103.613951 270.111801 95.557604
0.036000 0.036000 0.036000 56.571429 94.153846 0.036000 0.036000 109.455526 294.329670 96.266297
0.036000 0.036000 0.036000 56.571429 96.266297 0.036000 0.036000 117.300912 299.535381 94.853468
0.036000 0.036000 0.036000 56.571429 95.557604 0.036000 0.036000 124.782450 283.072712 94.853468
0.036000 0.036000 0.036000 56.571429 96.266297 0.036000 0.036000 131.780881 268.974401 94.853468
0.036000 0.036000 0.036000 56.571429 96.266297 0.036000 0.036000 140.718177 257.951846 95.557604
0.036000 0.036000 0.036000 56.571429 96.266297 0.036000 0.036000 148.658460 248.547945 94.153846
0.036000 0.036000 0.036000 56.571429 96.979592 0.036000 0.036000 156.512518 238.628571 94.153846
0.036000 0.036000 0.036000 56.571429 95.557604 0.036000 0.036000 163.614618 230.142857 94.853468
0.036000 0.036000 0.036000 56.571429 95.557604 0.036000 0.036000 173.664270 221.168963 92.767971
0.036000 0.036000 0.036000 56.571429 96.266297 0.036000 0.036000 167.302539 212.639321 94.153846
0.036000 0.036000 0.036000 56.571429 94.853468 0.036000 0.036000 161.207547 204.521739 94.853468
0.036000 0.036000 0.036000 56.571429 94.853468 0.036000 0.036000 148.658460 196.787062 93.458695
0.036000 0.036000 0.036000 56.571429 96.266297 0.036000 0.036000 155.362863 211.809524 94.153846
0.036000 0.036000 0.036000 56.571429 94.153846 0.036000 0.036000 164.833485 208.530912 94.153846
0.036000 0.036000 0.036000 56.571429 95.557604 0.036000 0.036000 174.315789 200.608251 94.153846
0.036000 0.036000 0.036000 56.571429 96.979592 0.036000 0.036000 183.053209 191.586344 94.853468
0.036000 0.036000 0.036000 56.571429 95.557604 0.036000 0.036000 182.362934 185.142857 95.557604
0.036000 0.036000 0.036000 56.571429 94.853468 0.036000 0.036000 187.261196 178.285714 95.557604
0.036000 0.036000 0.036000 56.571429 96.979592 0.036000 0.036000 193.794393 171.726708 96.266297
0.036000 0.036000 0.036000 56.571429 95.557604 0.036000 0.036000 190.131310 165.446809 94.853468
0.036000 0.036000 0.036000 56.571429 95.557604 0.036000 0.036000 193.794393 160.019087 94.853468
0.036000 0.036000 0.036000 56.571429 95.557604 0.036000 0.036000 187.973788 154.222612 94.853468
0.036000 0.036000 0.036000 56.571429 94.853468 0.036000 0.036000 171.086458 147.572284 94.853468
0.036000 0.036000 0.036000 56.571429 94.853468 0.036000 0.036000 163.009042 142.268940 94.853468
0.036000 0.036000 0.036000 56.571429 94.853468 0.036000 0.036000 180.310642 154.222612 94.853468
0.036000 0.036000 0.036000 56.571429 95.557604 0.036000 0.036000 191.586344 165.446809 95.557604
0.036000 0.036000 0.036000 56.571429 95.557604 0.036000 0.036000 203.731497 178.957684 95.557604
0.036000 0.036000 0.036000 56.571429 96.266297 0.036000 0.036000 204.521739 194.537303 96.266297
0.036000 0.036000 0.036000 56.571429 95.557604 0.036000 0.036000 195.283702 210.983814 96.266297
0.036000 0.036000 0.036000 56.571429 96.266297 0.036000 0.036000 185.845753 229.224490 96.266297
0.036000 0.036000 0.036000 56.571429 96.979592 0.036000 0.036000 175.627439 251.630624 96.266297
0.036000 0.036000 0.036000 56.571429 95.557604 0.036000 0.036000 165.446809 253.714286 96.266297
0.036000 0.036000 0.036000 56.571429 95.557604 0.036000 0.036000 157.090909 244.515679 96.266297
0.036000 0.036000 0.036000 56.571429 96.979592 0.036000 0.036000 148.114286 235.755102 96.266297
0.036000 0.036000 0.036000 56.571429 94.853468 0.036000 0.036000 138.678434 230.142857 96.979592
0.036000 0.036000 0.036000 56.571429 95.557604 0.036000 0.036000 129.404629 222.045802 95.557604
0.036000 0.036000 0.036000 56.571429 94.853468 0.036000 0.036000 134.692015 244.515679 95.557604
0.036000 0.036000 0.036000 56.571429 95.557604 0.036000 0.036000 142.268940 267.843557 95.557604
0.036000 0.036000 0.036000 56.571429 94.853468 0.036000 0.036000 151.969864 295.619048 95.557604
0.036000 0.036000 0.036000 56.571429 95.557604 0.036000 0.036000 146.494746 326.145695 95.557604
0.036000 0.036000 0.036000 56.571429 96.979592 0.036000 0.036000 154.222612 341.542074 96.266297
0.036000 0.036000 0.036000 56.571429 94.853468 0.036000 0.036000 166.681319 330.656474 96.266297
0.036000 0.036000 0.036000 56.571429 95.557604 0.036000 0.036000 178.285714 317.387755 96.266297
0.036000 0.036000 0.036000 56.571429 94.853468 0.036000 0.036000 167.302539 306.227848 96.266297
0.036000 0.036000 0.036000 56.571429 96.266297 0.036000 0.036000 158.254890 294.329670 96.266297
0.036000 0.036000 0.036000 56.571429 94.153846 0.036000 0.036000 147.572284 284.293436 96.266297
0.036000 0.036000 0.036000 56.571429 94.853468 0.036000 0.036000 137.670330 273.563910 95.557604
0.036000 0.036000 0.036000 56.571429 94.153846 0.036000 0.036000 130.825040 264.489796 95.557604
0.036000 0.036000 0.036000 56.571429 94.153846 0.036000 0.036000 138.173410 290.508711 95.557604
0.036000 0.036000 0.036000 56.571429 94.153846 0.036000 0.036000 146.494746 298.221828 95.557604
0.036000 0.036000 0.036000 56.571429 94.153846 0.036000 0.036000 155.936508 285.521515 95.557604
0.036000 0.036000 0.036000 56.571429 94.153846 0.036000 0.036000 167.926426 274.728111 96.266297
0.036000 0.036000 0.036000 56.571429 95.557604 0.036000 0.036000 176.287606 262.285714 94.853468
0.036000 0.036000 0.036000 56.571429 94.853468 0.036000 0.036000 185.142857 250.597403 94.853468
0.036000 0.036000 0.036000 56.571429 95.557604 0.036000 0.036000 193.794393 239.596639 96.979592
0.036000 0.036000 0.036000 56.571429 96.266297 0.036000 0.036000 205.315808 230.142857 96.979592
0.036000 0.036000 0.036000 56.571429 96.979592 0.036000 0.036000 220.296564 221.168963 96.979592
0.036000 0.036000 0.036000 56.571429 96.979592 0.036000 0.036000 212.639321 214.311301 97.697534
0.036000 0.036000 0.036000 56.571429 96.979592 0.036000 0.036000 204.521739 206.915537 98.420168
0.036000 0.036000 0.036000 56.571429 96.266297 0.036000 0.036000 192.318937 199.068884 96.266297
0.036000 0.036000 0.036000 56.571429 96.266297 0.036000 0.036000 190.857143 216.000000 97.697534
0.036000 0.036000 0.036000 56.571429 96.266297 0.036000 0.036000 202.162384 219.428571 98.420168
0.036000 0.036000 0.036000 56.571429 96.979592 0.036000 0.036000 206.113731 209.344538 96.979592
0.036000 0.036000 0.036000 56.571429 96.979592 0.036000 0.036000 213.473236 200.608251 96.266297
0.036000 0.036000 0.036000 56.571429 96.979592 0.036000 0.036000 216.000000 193.794393 96.266297
0.036000 0.036000 0.036000 56.571429 96.979592 0.036000 0.036000 221.168963 186.551859 96.266297
0.036000 0.036000 0.036000 56.571429 96.979592 0.036000 0.036000 224.703297 179.632653 96.979592
0.036000 0.036000 0.036000 56.571429 97.697534 0.036000 0.036000 218.564951 172.369748 95.557604
0.036000 0.036000 0.036000 56.571429 97.697534 0.036000 0.036000 206.915537 166.062747 95.557604
0.036000 0.036000 0.036000 56.571429 98.420168 0.036000 0.036000 213.473236 160.019087 95.557604
0.036000 0.036000 0.036000 56.571429 96.266297 0.036000 0.036000 226.497791 154.222612 95.557604
0.036000 0.036000 0.036000 56.571429 96.979592 0.036000 0.036000 222.927114 149.753377 96.266297
0.036000 0.036000 0.036000 56.571429 96.979592 0.036000 0.036000 237.665653 161.805522 94.853468
0.036000 0.036000 0.036000 56.571429 96.979592 0.036000 0.036000 241.548387 166.062747 94.853468
0.036000 0.036000 0.036000 56.571429 96.979592 0.036000 0.036000 245.515528 160.612074 94.853468
0.036000 0.036000 0.036000 56.571429 97.697534 0.036000 0.036000 245.515528 174.315789 95.557604
0.036000 0.036000 0.036000 56.571429 96.266297 0.036000 0.036000 244.515679 189.408822 95.557604
0.036000 0.036000 0.036000 56.571429 96.979592 0.036000 0.036000 243.521236 206.915537 95.557604
0.036000 0.036000 0.036000 56.571429 97.697534 0.036000 0.036000 239.596639 226.497791 95.557604
0.036000 0.036000 0.036000 56.571429 97.697534 0.036000 0.036000 227.401993 249.569859 95.557604
0.036000 0.036000 0.036000 56.571429 96.979592 0.036000 0.036000 214.311301 246.520825 95.557604
0.036000 0.036000 0.036000 56.571429 95.557604 0.036000 0.036000 204.521739 238.628571 96.266297
0.036000 0.036000 0.036000 56.571429 98.420168 0.036000 0.036000 195.283702 230.142857 94.853468
0.036000 0.036000 0.036000 56.571429 96.266297 0.036000 0.036000 185.845753 222.927114 94.853468
0.036000 0.036000 0.036000 56.571429 96.979592 0.036000 0.036000 197.544073 243.521236 94.853468
0.036000 0.036000 0.036000 56.571429 97.697534 0.036000 0.036000 205.315808 266.719212 96.266297
0.036000 0.036000 0.036000 56.571429 96.979592 0.036000 0.036000 213.473236 295.619048 94.853468
0.036000 0.036000 0.036000 56.571429 96.266297 0.036000 0.036000 199.068884 329.142857 94.853468
0.036000 0.036000 0.036000 56.571429 96.979592 0.036000 0.036000 187.973788 363.207373 94.853468
0.036000 0.036000 0.036000 56.571429 94.853468 0.036000 0.036000 175.627439 406.928571 94.853468
0.036000 0.036000 0.036000 56.571429 94.853468 0.036000 0.036000 166.681319 456.791209 95.557604
0.036000 0.036000 0.036000 56.571429 94.853468 0.036000 0.036000 158.254890 511.017356 94.853468
0.036000 0.036000 0.036000 56.571429 95.557604 0.036000 0.036000 149.204819 482.693878 94.153846
0.036000 0.036000 0.036000 56.571429 94.153846 0.036000 0.036000 139.185410 459.281422 96.979592
0.036000 0.036000 0.036000 56.571429 94.853468 0.036000 0.036000 132.261501 433.011710 95.557604
0.036000 0.036000 0.036000 56.571429 95.557604 0.036000 0.036000 125.693316 409.008403 96.266297
0.036000 0.036000 0.036000 56.571429 96.979592 0.036000 0.036000 131.780881 454.322188 96.266297
0.036000 0.036000 0.036000 56.571429 94.853468 0.036000 0.036000 139.694352 517.002695 96.266297
0.036000 0.036000 0.036000 56.571429 94.853468 0.036000 0.036000 141.233083 587.416604 96.266297
0.036000 0.036000 0.036000 56.571429 95.557604 0.036000 0.036000 134.202223 670.556391 96.266297
0.036000 0.036000 0.036000 56.571429 94.153846 0.036000 0.036000 139.185410 730.479784 96.979592
0.036000 0.036000 0.036000 56.571429 94.153846 0.036000 0.036000 148.658460 675.226891 95.557604
0.036000 0.036000 0.036000 56.571429 94.853468 0.036000 0.036000 158.254890 630.857143 95.557604
0.036000 0.036000 0.036000 56.571429 93.458695 0.036000 0.036000 157.090909 591.157895 96.266297
0.036000 0.036000 0.036000 56.571429 93.458695 0.036000 0.036000 148.658460 555.428571 94.853468
0.036000 0.036000 0.036000 56.571429 93.458695 0.036000 0.036000 140.205270 523.102041 94.853468
0.036000 0.036000 0.036000 56.571429 94.153846 0.036000 0.036000 135.183673 488.154440 94.853468
0.036000 0.036000 0.036000 56.571429 94.153846 0.036000 0.036000 124.782450 461.793103 95.557604
0.036000 0.036000 0.036000 56.571429 94.153846 0.036000 0.036000 131.302064 520.037915 96.266297
0.036000 0.036000 0.036000 56.571429 95.557604 0.036000 0.036000 139.694352 508.066445 94.853468
0.036000 0.036000 0.036000 56.571429 93.458695 0.036000 0.036000 149.753377 480.000000 94.853468
0.036000 0.036000 0.036000 56.571429 96.266297 0.036000 0.036000 158.254890 451.874092 94.853468
0.036000 0.036000 0.036000 56.571429 95.557604 0.036000 0.036000 169.182266 424.036866 94.853468
0.036000 0.036000 0.036000 56.571429 95.557604 0.036000 0.036000 178.285714 404.864925 94.853468
0.036000 0.036000 0.036000 56.571429 95.557604 0.036000 0.036000 182.362934 386.990333 94.853468
0.036000 0.036000 0.036000 56.571429 96.979592 0.036000 0.036000 187.973788 366.720990 94.853468
0.036000 0.036000 0.036000 56.571429 94.853468 0.036000 0.036000 190.857143 349.642608 94.853468
0.036000 0.036000 0.036000 56.571429 95.557604 0.036000 0.036000 185.845753 333.714286 95.557604
0.036000 0.036000 0.036000 56.571429 96.979592 0.036000 0.036000 173.015596 317.387755 95.557604
0.036000 0.036000 0.036000 56.571429 96.266297 0.036000 0.036000 160.612074 300.857143 95.557604
0.036000 0.036000 0.036000 56.571429 96.266297 0.036000 0.036000 160.612074 332.180249 96.266297
0.036000 0.036000 0.036000 56.571429 95.557604 0.036000 0.036000 159.428571 339.955144 96.266297
0.036000 0.036000 0.036000 56.571429 95.557604 0.036000 0.036000 161.207547 323.187970 96.266297
0.036000 0.036000 0.036000 56.571429 95.557604 0.036000 0.036000 164.833485 306.227848 96.266297
0.036000 0.036000 0.036000 56.571429 95.557604 0.036000 0.036000 168.552995 291.774574 96.266297
0.036000 0.036000 0.036000 56.571429 95.557604 0.036000 0.036000 167.926426 279.454006 96.266297
0.036000 0.036000 0.036000 56.571429 95.557604 0.036000 0.036000 178.957684 268.974401 96.979592
0.036000 0.036000 0.036000 56.571429 96.266297 0.036000 0.036000 194.537303 257.951846 96.979592
0.036000 0.036000 0.036000 56.571429 96.266297 0.036000 0.036000 207.721254 250.597403 96.979592
0.036000 0.036000 0.036000 56.571429 96.266297 0.036000 0.036000 216.850698 242.532152 96.979592
0.036000 0.036000 0.036000 56.571429 96.266297 0.036000 0.036000 221.168963 233.864662 96.979592
0.036000 0.036000 0.036000 56.571429 96.979592 0.036000 0.036000 205.315808 226.497791 97.697534
0.036000 0.036000 0.036000 56.571429 96.266297 0.036000 0.036000 209.344538 247.531616 96.979592
0.036000 0.036000 0.036000 56.571429 96.266297 0.036000 0.036000 218.564951 260.106538 96.266297
0.036000 0.036000 0.036000 56.571429 96.266297 0.036000 0.036000 226.497791 250.597403 97.697534
0.036000 0.036000 0.036000 56.571429 96.979592 0.036000 0.036000 225.598237 241.548387 98.420168
0.036000 0.036000 0.036000 56.571429 96.266297 0.036000 0.036000 223.812934 234.807388 96.979592
0.036000 0.036000 0.036000 56.571429 97.697534 0.036000 0.036000 229.224490 226.497791 96.266297
0.036000 0.036000 0.036000 56.571429 95.557604 0.036000 0.036000 237.665653 220.296564 97.697534
0.036000 0.036000 0.036000 56.571429 96.266297 0.036000 0.036000 243.521236 212.639321 98.420168
0.036000 0.036000 0.036000 56.571429 96.266297 0.036000 0.036000 247.531616 204.521739 96.979592
0.036000 0.036000 0.036000 56.571429 97.697534 0.036000 0.036000 252.669569 197.544073 96.266297
0.036000 0.036000 0.036000 56.571429 95.557604 0.036000 0.036000 255.821229 192.318937 97.697534
0.036000 0.036000 0.036000 56.571429 96.266297 0.036000 0.036000 260.106538 185.142857 98.420168
0.036000 0.036000 0.036000 56.571429 95.557604 0.036000 0.036000 271.255814 202.162384 96.979592
0.036000 0.036000 0.036000 56.571429 96.266297 0.036000 0.036000 279.454006 220.296564 96.979592
0.036000 0.036000 0.036000 56.571429 95.557604 0.036000 0.036000 285.521515 241.548387 96.979592
0.036000 0.036000 0.036000 56.571429 96.266297 0.036000 0.036000 289.250543 264.489796 96.266297
0.036000 0.036000 0.036000 56.571429 96.979592 0.036000 0.036000 294.329670 290.508711 96.266297
0.036000 0.036000 0.036000 56.571429 96.979592 0.036000 0.036000 293.048203 323.187970 96.266297
0.036000 0.036000 0.036000 56.571429 95.557604 0.036000 0.036000 272.406497 358.030395 96.266297
0.036000 0.036000 0.036000 56.571429 95.557604 0.036000 0.036000 259.026157 396.768473 96.266297
0.036000 0.036000 0.036000 56.571429 95.557604 0.036000 0.036000 245.515528 394.782988 96.266297
0.036000 0.036000 0.036000 56.571429 95.557604 0.036000 0.036000 232.926884 377.573010 96.266297
0.036000 0.036000 0.036000 56.571429 95.557604 0.036000 0.036000 218.564951 361.469388 96.979592
0.036000 0.036000 0.036000 56.571429 96.266297 0.036000 0.036000 206.113731 343.139912 95.557604
0.036000 0.036000 0.036000 56.571429 96.979592 0.036000 0.036000 216.000000 377.573010 96.266297
0.036000 0.036000 0.036000 56.571429 97.697534 0.036000 0.036000 226.497791 417.493455 96.266297
0.036000 0.036000 0.036000 56.571429 96.979592 0.036000 0.036000 237.665653 469.459763 96.266297
0.036000 0.036000 0.036000 56.571429 96.266297 0.036000 0.036000 224.703297 535.656033 96.266297
0.036000 0.036000 0.036000 56.571429 96.979592 0.036000 0.036000 239.596639 610.471042 96.266297
0.036000 0.036000 0.036000 56.571429 96.979592 0.036000 0.036000 260.106538 576.424153 96.266297
0.036000 0.036000 0.036000 56.571429 96.979592 0.036000 0.036000 275.899160 542.117647 96.266297
0.036000 0.036000 0.036000 56.571429 96.979592 0.036000 0.036000 255.821229 508.066445 96.266297
0.036000 0.036000 0.036000 56.571429 96.979592 0.036000 0.036000 238.628571 480.000000 96.979592
0.036000 0.036000 0.036000 56.571429 96.979592 0.036000 0.036000 226.497791 454.322188 95.557604
0.036000 0.036000 0.036000 56.571429 98.420168 0.036000 0.036000 211.809524 426.253326 95.557604
0.036000 0.036000 0.036000 56.571429 96.266297 0.036000 0.036000 198.304672 404.864925 95.557604
0.036000 0.036000 0.036000 56.571429 97.697534 0.036000 0.036000 210.983814 451.874092 96.266297
0.036000 0.036000 0.036000 56.571429 98.420168 0.036000 0.036000 223.812934 485.411915 96.266297
0.036000 0.036000 0.036000 56.571429 96.979592 0.036000 0.036000 236.707844 454.322188 96.266297
0.036000 0.036000 0.036000 56.571429 97.697534 0.036000 0.036000 252.669569 430.740525 96.266297
0.036000 0.036000 0.036000 56.571429 97.697534 0.036000 0.036000 266.719212 406.928571 96.266297
0.036000 0.036000 0.036000 56.571429 98.420168 0.036000 0.036000 284.293436 383.181237 96.266297
0.036000 0.036000 0.036000 56.571429 96.979592 0.036000 0.036000 296.916409 363.207373 96.266297
0.036000 0.036000 0.036000 56.571429 96.979592 0.036000 0.036000 303.525606 343.139912 96.979592
0.036000 0.036000 0.036000 56.571429 96.979592 0.036000 0.036000 302.187192 326.145695 95.557604
0.036000 0.036000 0.036000 56.571429 98.420168 0.036000 0.036000 307.591837 310.345961 94.853468
0.036000 0.036000 0.036000 56.571429 97.697534 0.036000 0.036000 300.857143 295.619048 96.266297
0.036000 0.036000 0.036000 56.571429 97.697534 0.036000 0.036000 281.859275 281.859275 96.266297
0.036000 0.036000 0.036000 56.571429 98.420168 0.036000 0.036000 296.916409 307.591837 96.266297
0.036000 0.036000 0.036000 56.571429 97.697534 0.036000 0.036000 302.187192 315.961165 96.266297
0.036000 0.036000 0.036000 56.571429 96.979592 0.036000 0.036000 308.964513 302.187192 96.266297
0.036000 0.036000 0.036000 56.571429 96.979592 0.036000 0.036000 313.135508 290.508711 96.266297
0.036000 0.036000 0.036000 56.571429 96.266297 0.036000 0.036000 311.736264 279.454006 96.266297
0.036000 0.036000 0.036000 56.571429 96.979592 0.036000 0.036000 307.591837 265.601310 96.979592
0.036000 0.036000 0.036000 56.571429 97.697534 0.036000 0.036000 299.535381 252.669569 96.979592
0.036000 0.036000 0.036000 56.571429 98.420168 0.036000 0.036000 283.072712 243.521236 96.979592
0.036000 0.036000 0.036000 56.571429 96.979592 0.036000 0.036000 278.262046 233.864662 96.979592
0.036000 0.036000 0.036000 56.571429 96.979592 0.036000 0.036000 270.111801 225.598237 96.979592
0.036000 0.036000 0.036000 56.571429 96.979592 0.036000 0.036000 251.630624 216.850698 97.697534
0.036000 0.036000 0.036000 56.571429 96.266297 0.036000 0.036000 244.515679 208.530912 97.697534
0.036000 0.036000 0.036000 56.571429 96.979592 0.036000 0.036000 235.755102 224.703297 97.697534
0.036000 0.036000 0.036000 56.571429 96.266297 0.036000 0.036000 223.812934 231.066020 97.697534
0.036000 0.036000 0.036000 56.571429 96.266297 0.036000 0.036000 209.344538 221.168963 98.420168
0.036000 0.036000 0.036000 56.571429 96.266297 0.036000 0.036000 205.315808 238.628571 98.420168
0.036000 0.036000 0.036000 56.571429 96.266297 0.036000 0.036000 210.983814 259.026157 98.420168
0.036000 0.036000 0.036000 56.571429 96.979592 0.036000 0.036000 222.045802 284.293436 98.420168
0.036000 0.036000 0.036000 56.571429 95.557604 0.036000 0.036000 233.864662 313.135508 97.697534
0.036000 0.036000 0.036000 56.571429 95.557604 0.036000 0.036000 241.548387 346.368759 98.420168
0.036000 0.036000 0.036000 56.571429 95.557604 0.036000 0.036000 231.994016 386.990333 96.979592
0.036000 0.036000 0.036000 56.571429 95.557604 0.036000 0.036000 220.296564 435.301587 96.266297
0.036000 0.036000 0.036000 56.571429 95.557604 0.036000 0.036000 206.915537 464.326531 97.697534
0.036000 0.036000 0.036000 56.571429 96.266297 0.036000 0.036000 196.787062 444.652720 98.420168
0.036000 0.036000 0.036000 56.571429 96.979592 0.036000 0.036000 209.344538 505.142857 96.266297
0.036000 0.036000 0.036000 56.571429 97.697534 0.036000 0.036000 222.927114 576.424153 96.979592
0.036000 0.036000 0.036000 56.571429 98.420168 0.036000 0.036000 236.707844 569.282799 96.979592
0.036000 0.036000 0.036000 56.571429 98.420168 0.036000 0.036000 241.548387 538.871080 96.979592
0.036000 0.036000 0.036000 56.571429 99.147541 0.036000 0.036000 251.630624 511.017356 96.979592
0.036000 0.036000 0.036000 56.571429 99.147541 0.036000 0.036000 260.106538 490.921784 96.979592
0.036000 0.036000 0.036000 56.571429 96.979592 0.036000 0.036000 261.193039 472.060150 96.979592
0.036000 0.036000 0.036000 56.571429 95.557604 0.036000 0.036000 259.026157 454.322188 98.420168
0.036000 0.036000 0.036000 56.571429 97.697534 0.036000 0.036000 268.974401 430.740525 96.979592
0.036000 0.036000 0.036000 56.571429 97.697534 0.036000 0.036000 278.262046 409.008403 96.979592
0.036000 0.036000 0.036000 56.571429 97.697534 0.036000 0.036000 284.293436 388.916442 96.979592
0.036000 0.036000 0.036000 56.571429 97.697534 0.036000 0.036000 284.293436 372.087591 96.979592
0.036000 0.036000 0.036000 56.571429 97.697534 0.036000 0.036000 296.916409 415.346939 96.979592
0.036000 0.036000 0.036000 56.571429 97.697534 0.036000 0.036000 302.187192 442.285714 96.979592
0.036000 0.036000 0.036000 56.571429 97.697534 0.036000 0.036000 311.736264 421.838210 96.266297
0.036000 0.036000 0.036000 56.571429 99.147541 0.036000 0.036000 314.543779 398.769231 96.266297
0.036000 0.036000 0.036000 56.571429 98.420168 0.036000 0.036000 311.736264 377.573010 96.266297
0.036000 0.036000 0.036000 56.571429 97.697534 0.036000 0.036000 318.823639 361.469388 96.979592
0.036000 0.036000 0.036000 56.571429 96.979592 0.036000 0.036000 326.145695 348.000000 94.853468
0.036000 0.036000 0.036000 56.571429 96.979592 0.036000 0.036000 332.180249 332.180249 96.266297
0.036000 0.036000 0.036000 56.571429 96.979592 0.036000 0.036000 333.714286 315.961165 96.266297
0.036000 0.036000 0.036000 56.571429 96.979592 0.036000 0.036000 330.656474 302.187192 97.697534
0.036000 0.036000 0.036000 56.571429 97.697534 0.036000 0.036000 330.656474 285.521515 96.266297
0.036000 0.036000 0.036000 56.571429 97.697534 0.036000 0.036000 327.639298 273.563910 96.266297
0.036000 0.036000 0.036000 56.571429 97.697534 0.036000 0.036000 332.180249 299.535381 96.266297
0.036000 0.036000 0.036000 56.571429 96.979592 0.036000 0.036000 332.180249 304.872465 96.266297
0.036000 0.036000 0.036000 56.571429 98.420168 0.036000 0.036000 329.142857 289.250543 96.266297
0.036000 0.036000 0.036000 56.571429 96.979592 0.036000 0.036000 329.142857 277.077118 96.266297
0.036000 0.036000 0.036000 56.571429 97.697534 0.036000 0.036000 333.714286 263.384615 96.266297
0.036000 0.036000 0.036000 56.571429 96.979592 0.036000 0.036000 333.714286 253.714286 96.266297
0.036000 0.036000 0.036000 56.571429 96.979592 0.036000 0.036000 327.639298 242.532152 96.266297
0.036000 0.036000 0.036000 56.571429 96.979592 0.036000 0.036000 314.543779 231.066020 96.266297
0.036000 0.036000 0.036000 56.571429 96.979592 0.036000 0.036000 295.619048 220.296564 96.979592
0.036000 0.036000 0.036000 56.571429 96.266297 0.036000 0.036000 273.563910 212.639321 96.979592
0.036000 0.036000 0.036000 56.571429 96.266297 0.036000 0.036000 265.601310 202.945055 96.979592
0.036000 0.036000 0.036000 56.571429 96.266297 0.036000 0.036000 257.951846 194.537303 97.697534
0.036000 0.036000 0.036000 56.571429 96.266297 0.036000 0.036000 244.515679 209.344538 96.266297
0.036000 0.036000 0.036000 56.571429 96.266297 0.036000 0.036000 236.707844 226.497791 96.266297
0.036000 0.036000 0.036000 56.571429 96.979592 0.036000 0.036000 247.531616 245.515528 96.979592
0.036000 0.036000 0.036000 56.571429 96.979592 0.036000 0.036000 252.669569 266.719212 96.266297
0.036000 0.036000 0.036000 56.571429 96.979592 0.036000 0.036000 255.821229 290.508711 95.557604
0.036000 0.036000 0.036000 56.571429 97.697534 0.036000 0.036000 254.764823 317.387755 97.697534
0.036000 0.036000 0.036000 56.571429 96.266297 0.036000 0.036000 254.764823 351.296703 96.979592
0.036000 0.036000 0.036000 56.571429 95.557604 0.036000 0.036000 259.026157 390.857143 94.853468
0.036000 0.036000 0.036000 56.571429 97.697534 0.036000 0.036000 254.764823 439.938352 96.266297
0.036000 0.036000 0.036000 56.571429 96.266297 0.036000 0.036000 250.597403 502.246215 96.266297
0.036000 0.036000 0.036000 56.571429 96.266297 0.036000 0.036000 236.707844 562.285714 96.266297
0.036000 0.036000 0.036000 56.571429 96.979592 0.036000 0.036000 219.428571 614.459627 96.266297
0.036000 0.036000 0.036000 56.571429 96.266297 0.036000 0.036000 230.142857 661.377374 96.979592
0.036000 0.036000 0.036000 56.571429 97.697534 0.036000 0.036000 237.665653 689.573995 96.979592
0.036000 0.036000 0.036000 56.571429 94.853468 0.036000 0.036000 245.515528 719.872227 96.979592
0.036000 0.036000 0.036000 56.571429 96.266297 0.036000 0.036000 254.764823 741.357598 97.697534
0.036000 0.036000 0.036000 56.571429 96.979592 0.036000 0.036000 256.883553 758.204082 95.557604
0.036000 0.036000 0.036000 56.571429 95.557604 0.036000 0.036000 262.285714 769.804511 94.853468
0.036000 0.036000 0.036000 56.571429 96.979592 0.036000 0.036000 265.601310 746.901099 96.979592
0.036000 0.036000 0.036000 56.571429 97.697534 0.036000 0.036000 268.974401 699.428571 95.557604
0.036000 0.036000 0.036000 56.571429 96.266297 0.036000 0.036000 274.728111 656.866995 95.557604
0.036000 0.036000 0.036000 56.571429 96.266297 0.036000 0.036000 277.077118 618.491803 96.266297
0.036000 0.036000 0.036000 56.571429 96.266297 0.036000 0.036000 284.293436 583.714286 94.853468
0.036000 0.036000 0.036000 56.571429 96.266297 0.036000 0.036000 286.757013 552.051173 94.153846
0.036000 0.036000 0.036000 56.571429 96.266297 0.036000 0.036000 290.508711 635.071030 96.266297
0.036000 0.036000 0.036000 56.571429 96.266297 0.036000 0.036000 294.329670 630.857143 94.853468
0.036000 0.036000 0.036000 56.571429 96.979592 0.036000 0.036000 293.048203 587.416604 94.853468
0.036000 0.036000 0.036000 56.571429 97.697534 0.036000 0.036000 293.048203 548.707214 96.266297
0.036000 0.036000 0.036000 56.571429 97.697534 0.036000 0.036000 295.619048 523.102041 96.979592
0.036000 0.036000 0.036000 56.571429 95.557604 0.036000 0.036000 296.916409 490.921784 95.557604
0.036000 0.036000 0.036000 56.571429 96.979592 0.036000 0.036000 300.857143 461.793103 94.853468
0.036000 0.036000 0.036000 56.571429 96.979592 0.036000 0.036000 304.872465 435.301587 96.979592
0.036000 0.036000 0.036000 56.571429 96.979592 0.036000 0.036000 302.187192 413.217391 96.266297
0.036000 0.036000 0.036000 56.571429 98.420168 0.036000 0.036000 310.345961 388.916442 95.557604
0.036000 0.036000 0.036000 56.571429 96.266297 0.036000 0.036000 313.135508 370.285714 97.697534
0.036000 0.036000 0.036000 56.571429 97.697534 0.036000 0.036000 314.543779 352.962406 96.266297
0.036000 0.036000 0.036000 56.571429 98.420168 0.036000 0.036000 318.823639 390.857143 96.266297
0.036000 0.036000 0.036000 56.571429 96.979592 0.036000 0.036000 323.187970 390.857143 96.266297
0.036000 0.036000 0.036000 56.571429 96.979592 0.036000 0.036000 321.723653 372.087591 96.266297
0.036000 0.036000 0.036000 56.571429 96.979592 0.036000 0.036000 317.387755 354.639839 96.266297
0.036000 0.036000 0.036000 56.571429 96.979592 0.036000 0.036000 308.964513 339.955144 96.979592
0.036000 0.036000 0.036000 56.571429 97.697534 0.036000 0.036000 289.250543 321.723653 95.557604
0.036000 0.036000 0.036000 56.571429 97.697534 0.036000 0.036000 268.974401 307.591837 96.266297
0.036000 0.036000 0.036000 56.571429 98.420168 0.036000 0.036000 255.821229 294.329670 96.266297
0.036000 0.036000 0.036000 56.571429 96.266297 0.036000 0.036000 242.532152 281.859275 96.979592
0.036000 0.036000 0.036000 56.571429 96.266297 0.036000 0.036000 231.994016 268.974401 94.853468
0.036000 0.036000 0.036000 56.571429 96.266297 0.036000 0.036000 220.296564 255.821229 96.266297
0.036000 0.036000 0.036000 56.571429 96.266297 0.036000 0.036000 211.809524 243.521236 96.979592
0.036000 0.036000 0.036000 56.571429 96.266297 0.036000 0.036000 208.530912 263.384615 94.853468
0.036000 0.036000 0.036000 56.571429 96.266297 0.036000 0.036000 204.521739 270.111801 94.853468
0.036000 0.036000 0.036000 56.571429 96.979592 0.036000 0.036000 197.544073 257.951846 94.853468
0.036000 0.036000 0.036000 56.571429 96.266297 0.036000 0.036000 191.586344 246.520825 94.853468
0.036000 0.036000 0.036000 56.571429 95.557604 0.036000 0.036000 199.836735 237.665653 95.557604
0.036000 0.036000 0.036000 56.571429 96.979592 0.036000 0.036000 209.344538 231.066020 95.557604
0.036000 0.036000 0.036000 56.571429 96.979592 0.036000 0.036000 217.705671 224.703297 95.557604
0.036000 0.036000 0.036000 56.571429 97.697534 0.036000 0.036000 222.927114 217.705671 95.557604
0.036000 0.036000 0.036000 56.571429 96.266297 0.036000 0.036000 226.497791 210.162162 96.979592
0.036000 0.036000 0.036000 56.571429 96.266297 0.036000 0.036000 231.066020 203.731497 95.557604
0.036000 0.036000 0.036000 56.571429 97.697534 0.036000 0.036000 232.926884 198.304672 95.557604
0.036000 0.036000 0.036000 56.571429 95.557604 0.036000 0.036000 232.926884 193.054945 95.557604
0.036000 0.036000 0.036000 56.571429 96.266297 0.036000 0.036000 231.994016 209.344538 96.979592
0.036000 0.036000 0.036000 56.571429 95.557604 0.036000 0.036000 232.926884 213.473236 95.557604
0.036000 0.036000 0.036000 56.571429 96.266297 0.036000 0.036000 237.665653 206.113731 95.557604
0.036000 0.036000 0.036000 56.571429 96.266297 0.036000 0.036000 237.665653 199.068884 95.557604
0.036000 0.036000 0.036000 56.571429 97.697534 0.036000 0.036000 241.548387 191.586344 95.557604
0.036000 0.036000 0.036000 56.571429 95.557604 0.036000 0.036000 245.515528 186.551859 95.557604
0.036000 0.036000 0.036000 56.571429 96.266297 0.036000 0.036000 252.669569 179.632653 95.557604
0.036000 0.036000 0.036000 56.571429 96.979592 0.036000 0.036000 256.883553 173.664270 95.557604
0.036000 0.036000 0.036000 56.571429 96.266297 0.036000 0.036000 260.106538 168.552995 95.557604
0.036000 0.036000 0.036000 56.571429 96.979592 0.036000 0.036000 264.489796 163.009042 95.557604
0.036000 0.036000 0.036000 56.571429 97.697534 0.036000 0.036000 272.406497 157.671695 95.557604
0.036000 0.036000 0.036000 56.571429 97.697534 0.036000 0.036000 277.077118 151.969864 96.266297
0.036000 0.036000 0.036000 56.571429 98.420168 0.036000 0.036000 284.293436 164.833485 96.266297
0.036000 0.036000 0.036000 56.571429 97.697534 0.036000 0.036000 285.521515 168.552995 96.266297
0.036000 0.036000 0.036000 56.571429 97.697534 0.036000 0.036000 289.250543 163.009042 96.266297
0.036000 0.036000 0.036000 56.571429 98.420168 0.036000 0.036000 284.293436 176.287606 96.979592
0.036000 0.036000 0.036000 56.571429 99.147541 0.036000 0.036000 289.250543 191.586344 95.557604
0.036000 0.036000 0.036000 56.571429 97.697534 0.036000 0.036000 290.508711 208.530912 96.266297
0.036000 0.036000 0.036000 56.571429 97.697534 0.036000 0.036000 288.000000 227.401993 96.979592
0.036000 0.036000 0.036000 56.571429 97.697534 0.036000 0.036000 289.250543 248.547945 97.697534
0.036000 0.036000 0.036000 56.571429 97.697534 0.036000 0.036000 288.000000 272.406497 96.266297
0.036000 0.036000 0.036000 56.571429 97.697534 0.036000 0.036000 288.000000 299.535381 96.266297
0.036000 0.036000 0.036000 56.571429 98.420168 0.036000 0.036000 294.329670 330.656474 95.557604
0.036000 0.036000 0.036000 56.571429 96.266297 0.036000 0.036000 298.221828 366.720990 95.557604
0.036000 0.036000 0.036000 56.571429 96.979592 0.036000 0.036000 296.916409 404.864925 95.557604
0.036000 0.036000 0.036000 56.571429 96.979592 0.036000 0.036000 299.535381 454.322188 95.557604
0.036000 0.036000 0.036000 56.571429 95.557604 0.036000 0.036000 307.591837 513.995976 95.557604
0.036000 0.036000 0.036000 56.571429 95.557604 0.036000 0.036000 307.591837 587.416604 95.557604
0.036000 0.036000 0.036000 56.571429 94.853468 0.036000 0.036000 298.221828 656.866995 95.557604
0.036000 0.036000 0.036000 56.571429 95.557604 0.036000 0.036000 295.619048 714.666667 96.266297
0.036000 0.036000 0.036000 56.571429 95.557604 0.036000 0.036000 294.329670 763.966387 94.853468
0.036000 0.036000 0.036000 56.571429 94.853468 0.036000 0.036000 273.563910 800.186589 94.853468
0.036000 0.036000 0.036000 56.571429 94.153846 0.036000 0.036000 260.106538 832.708249 94.853468
0.036000 0.036000 0.036000 56.571429 94.153846 0.036000 0.036000 248.547945 846.367347 94.853468
0.036000 0.036000 0.036000 56.571429 94.153846 0.036000 0.036000 228.310881 846.367347 95.557604
0.036000 0.036000 0.036000 56.571429 94.853468 0.036000 0.036000 216.850698 846.367347 94.153846
0.036000 0.036000 0.036000 56.571429 94.853468 0.036000 0.036000 226.497791 839.489362 93.458695
0.036000 0.036000 0.036000 56.571429 94.853468 0.036000 0.036000 241.548387 832.708249 94.853468
0.036000 0.036000 0.036000 56.571429 95.557604 0.036000 0.036000 256.883553 812.926108 95.557604
0.036000 0.036000 0.036000 56.571429 95.557604 0.036000 0.036000 234.807388 819.428571 94.853468
0.036000 0.036000 0.036000 56.571429 96.266297 0.036000 0.036000 249.569859 800.186589 94.853468
0.036000 0.036000 0.036000 56.571429 96.266297 0.036000 0.036000 268.974401 793.945946 94.853468
0.036000 0.036000 0.036000 56.571429 96.266297 0.036000 0.036000 285.521515 793.945946 94.853468
0.036000 0.036000 0.036000 56.571429 96.979592 0.036000 0.036000 295.619048 787.789070 94.853468
0.036000 0.036000 0.036000 56.571429 96.266297 0.036000 0.036000 294.329670 769.804511 95.557604
0.036000 0.036000 0.036000 56.571429 96.266297 0.036000 0.036000 296.916409 735.884268 96.266297
0.036000 0.036000 0.036000 56.571429 96.979592 0.036000 0.036000 294.329670 679.952663 96.979592
0.036000 0.036000 0.036000 56.571429 96.979592 0.036000 0.036000 299.535381 635.071030 96.979592
0.036000 0.036000 0.036000 56.571429 96.979592 0.036000 0.036000 303.525606 684.734694 96.979592
0.036000 0.036000 0.036000 56.571429 96.979592 0.036000 0.036000 306.227848 704.445993 96.979592
0.036000 0.036000 0.036000 56.571429 96.979592 0.036000 0.036000 310.345961 656.866995 97.697534
0.036000 0.036000 0.036000 56.571429 97.697534 0.036000 0.036000 306.227848 614.459627 97.697534
0.036000 0.036000 0.036000 56.571429 96.266297 0.036000 0.036000 302.187192 576.424153 97.697534
0.036000 0.036000 0.036000 56.571429 96.979592 0.036000 0.036000 295.619048 535.656033 97.697534
0.036000 0.036000 0.036000 56.571429 97.697534 0.036000 0.036000 290.508711 505.142857 97.697534
0.036000 0.036000 0.036000 56.571429 96.266297 0.036000 0.036000 289.250543 480.000000 97.697534
0.036000 0.036000 0.036000 56.571429 96.979592 0.036000 0.036000 284.293436 451.874092 98.420168
0.036000 0.036000 0.036000 56.571429 96.266297 0.036000 0.036000 268.974401 428.487805 96.979592
0.036000 0.036000 0.036000 56.571429 96.266297 0.036000 0.036000 254.764823 402.817276 96.979592
0.036000 0.036000 0.036000 56.571429 95.557604 0.036000 0.036000 252.669569 383.181237 96.979592
0.036000 0.036000 0.036000 56.571429 95.557604 0.036000 0.036000 242.532152 421.838210 96.979592
0.036000 0.036000 0.036000 56.571429 95.557604 0.036000 0.036000 229.224490 411.104612 96.979592
0.036000 0.036000 0.036000 56.571429 95.557604 0.036000 0.036000 222.045802 386.990333 97.697534
0.036000 0.036000 0.036000 56.571429 96.266297 0.036000 0.036000 213.473236 366.720990 97.697534
0.036000 0.036000 0.036000 56.571429 96.266297 0.036000 0.036000 206.915537 351.296703 98.420168
0.036000 0.036000 0.036000 56.571429 96.979592 0.036000 0.036000 199.836735 336.813559 96.266297
0.036000 0.036000 0.036000 56.571429 95.557604 0.036000 0.036000 186.551859 323.187970 97.697534
0.036000 0.036000 0.036000 56.571429 95.557604 0.036000 0.036000 176.950695 308.964513 97.697534
0.036000 0.036000 0.036000 63.584416 95.557604 0.036000 0.036000 169.814255 298.221828 98.420168
0.036000 0.036000 0.036000 69.978022 95.557604 0.036000 0.036000 161.207547 288.000000 96.979592
0.036000 0.036000 0.036000 75.067669 96.266297 0.036000 0.036000 157.671695 278.262046 96.979592
0.036000 0.036000 0.036000 81.664221 94.853468 0.036000 0.036000 151.969864 267.843557 96.979592
0.036000 0.036000 0.036000 84.809816 95.557604 0.036000 0.036000 151.969864 294.329670 96.266297
0.036000 0.036000 0.036000 81.664221 96.266297 0.036000 0.036000 161.207547 295.619048 96.979592
0.036000 0.036000 0.036000 79.822070 95.557604 0.036000 0.036000 170.448980 288.000000 95.557604
0.036000 0.036000 0.036000 76.824273 96.979592 0.036000 0.036000 177.616725 277.077118 95.557604
0.036000 0.036000 0.036000 74.488963 94.853468 0.036000 0.036000 183.746606 268.974401 95.557604
0.036000 0.036000 0.036000 71.086369 95.557604 0.036000 0.036000 189.408822 259.026157 96.266297
0.036000 0.036000 0.036000 69.428571 95.557604 0.036000 0.036000 194.537303 249.569859 94.853468
0.036000 0.036000 0.036000 66.727491 96.266297 0.036000 0.036000 199.836735 240.569897 94.853468
0.036000 0.036000 0.036000 64.620499 95.557604 0.036000 0.036000 206.113731 233.864662 94.853468
0.036000 0.036000 0.036000 61.546127 96.979592 0.036000 0.036000 212.639321 224.703297 95.557604
0.036000 0.036000 0.036000 59.551791 95.557604 0.036000 0.036000 219.428571 216.000000 94.153846
0.036000 0.036000 0.036000 58.570663 94.853468 0.036000 0.036000 227.401993 208.530912 94.153846
0.036000 0.036000 0.036000 56.571429 96.979592 0.036000 0.036000 232.926884 227.401993 94.853468
0.036000 0.036000 0.036000 56.571429 97.697534 0.036000 0.036000 241.548387 235.755102 94.853468
0.036000 0.036000 0.036000 56.571429 97.697534 0.036000 0.036000 251.630624 229.224490 94.853468
0.036000 0.036000 0.036000 56.571429 95.557604 0.036000 0.036000 263.384615 222.927114 94.853468
0.036000 0.036000 0.036000 56.571429 95.557604 0.036000 0.036000 274.728111 215.153545 95.557604
0.036000 0.036000 0.036000 56.571429 96.979592 0.036000 0.036000 283.072712 209.344538 94.153846
0.036000 0.036000 0.036000 56.571429 96.266297 0.036000 0.036000 288.000000 201.383459 94.153846
0.036000 0.036000 0.036000 56.571429 96.266297 0.036000 0.036000 291.774574 193.794393 94.853468
0.036000 0.036000 0.036000 56.571429 96.979592 0.036000 0.036000 291.774574 187.261196 94.853468
0.036000 0.036000 0.036000 56.571429 97.697534 0.036000 0.036000 304.872465 180.310642 94.853468
0.036000 0.036000 0.036000 56.571429 96.979592 0.036000 0.036000 304.872465 175.627439 95.557604
0.036000 0.036000 0.036000 56.571429 97.697534 0.036000 0.036000 310.345961 169.814255 95.557604
0.036000 0.036000 0.036000 56.571429 96.979592 0.036000 0.036000 321.723653 185.142857 96.266297
0.036000 0.036000 0.036000 56.571429 96.979592 0.036000 0.036000 330.656474 178.957684 96.979592
0.036000 0.036000 0.036000 56.571429 97.697534 0.036000 0.036000 336.813559 172.369748 95.557604
0.036000 0.036000 0.036000 56.571429 98.420168 0.036000 0.036000 330.656474 166.062747 96.266297
0.036000 0.036000 0.036000 56.571429 99.147541 0.036000 0.036000 321.723653 180.310642 96.266297
0.036000 0.036000 0.036000 56.571429 98.420168 0.036000 0.036000 324.661952 197.544073 96.266297
0.036000 0.036000 0.036000 56.571429 99.147541 0.036000 0.036000 330.656474 215.153545 96.979592
0.036000 0.036000 0.036000 56.571429 99.879699 0.036000 0.036000 326.145695 234.807388 96.266297
0.036000 0.036000 0.036000 56.571429 99.879699 0.036000 0.036000 318.823639 257.951846 96.979592
0.036000 0.036000 0.036000 56.571429 99.147541 0.036000 0.036000 318.823639 283.072712 97.697534
0.036000 0.036000 0.036000 56.571429 98.420168 0.036000 0.036000 324.661952 314.543779 96.266297
0.036000 0.036000 0.036000 56.571429 98.420168 0.036000 0.036000 324.661952 348.000000 96.266297
0.036000 0.036000 0.036000 56.571429 98.420168 0.036000 0.036000 326.145695 386.990333 95.557604
0.036000 0.036000 0.036000 56.571429 98.420168 0.036000 0.036000 320.268908 430.740525 95.557604
0.036000 0.036000 0.036000 56.571429 98.420168 0.036000 0.036000 324.661952 482.693878 95.557604
0.036000 0.036000 0.036000 56.571429 97.697534 0.036000 0.036000 326.145695 555.428571 95.557604
0.036000 0.036000 0.036000 56.571429 97.697534 0.036000 0.036000 327.639298 635.071030 95.557604
0.036000 0.036000 0.036000 56.571429 97.697534 0.036000 0.036000 320.268908 704.445993 96.266297
0.036000 0.036000 0.036000 56.571429 98.420168 0.036000 0.036000 313.135508 769.804511 94.853468
0.036000 0.036000 0.036000 56.571429 96.979592 0.036000 0.036000 315.961165 826.021978 94.853468
0.036000 0.036000 0.036000 56.571429 96.266297 0.036000 0.036000 318.823639 867.603754 94.853468
0.036000 0.036000 0.036000 56.571429 95.557604 0.036000 0.036000 317.387755 897.409237 95.557604
0.036000 0.036000 0.036000 56.571429 95.557604 0.036000 0.036000 318.823639 905.142857 94.153846
0.036000 0.036000 0.036000 56.571429 95.557604 0.036000 0.036000 310.345961 905.142857 94.153846
0.036000 0.036000 0.036000 56.571429 95.557604 0.036000 0.036000 315.961165 897.409237 94.853468
0.036000 0.036000 0.036000 56.571429 95.557604 0.036000 0.036000 317.387755 897.409237 94.853468
0.036000 0.036000 0.036000 56.571429 96.266297 0.036000 0.036000 317.387755 867.603754 95.557604
0.036000 0.036000 0.036000 56.571429 96.979592 0.036000 0.036000 318.823639 846.367347 95.557604
0.036000 0.036000 0.036000 56.571429 98.420168 0.036000 0.036000 313.135508 832.708249 96.979592
0.036000 0.036000 0.036000 56.571429 96.979592 0.036000 0.036000 308.964513 826.021978 95.557604
0.036000 0.036000 0.036000 56.571429 96.266297 0.036000 0.036000 313.135508 826.021978 95.557604
0.036000 0.036000 0.036000 56.571429 97.697534 0.036000 0.036000 311.736264 826.021978 95.557604
0.036000 0.036000 0.036000 56.571429 99.147541 0.036000 0.036000 311.736264 787.789070 96.266297
0.036000 0.036000 0.036000 56.571429 96.979592 0.036000 0.036000 310.345961 730.479784 95.557604
0.036000 0.036000 0.036000 56.571429 96.266297 0.036000 0.036000 304.872465 684.734694 95.557604
0.036000 0.036000 0.036000 56.571429 96.979592 0.036000 0.036000 306.227848 630.857143 95.557604
0.036000 0.036000 0.036000 56.571429 96.979592 0.036000 0.036000 306.227848 675.226891 95.557604
0.036000 0.036000 0.036000 56.571429 96.979592 0.036000 0.036000 304.872465 670.556391 95.557604
0.036000 0.036000 0.036000 56.571429 98.420168 0.036000 0.036000 304.872465 622.568289 96.266297
0.036000 0.036000 0.036000 56.571429 96.979592 0.036000 0.036000 295.619048 576.424153 94.853468
0.036000 0.036000 0.036000 56.571429 98.420168 0.036000 0.036000 295.619048 545.396200 94.853468
0.036000 0.036000 0.036000 56.571429 98.420168 0.036000 0.036000 296.916409 517.002695 94.853468
0.036000 0.036000 0.036000 56.571429 96.979592 0.036000 0.036000 299.535381 488.154440 94.853468
0.036000 0.036000 0.036000 56.571429 97.697534 0.036000 0.036000 302.187192 459.281422 94.853468
0.036000 0.036000 0.036000 56.571429 96.979592 0.036000 0.036000 298.221828 435.301587 95.557604
0.036000 0.036000 0.036000 56.571429 97.697534 0.036000 0.036000 296.916409 411.104612 95.557604
0.036000 0.036000 0.036000 56.571429 98.420168 0.036000 0.036000 299.535381 392.812602 95.557604
0.036000 0.036000 0.036000 56.571429 95.557604 0.036000 0.036000 294.329670 373.902669 95.557604
0.036000 0.036000 0.036000 56.571429 96.979592 0.036000 0.036000 289.250543 415.346939 95.557604
0.036000 0.036000 0.036000 56.571429 96.266297 0.036000 0.036000 274.728111 419.657143 96.266297
0.036000 0.036000 0.036000 56.571429 96.266297 0.036000 0.036000 267.843557 400.785438 96.266297
0.036000 0.036000 0.036000 56.571429 96.266297 0.036000 0.036000 257.951846 381.297929 96.266297
0.036000 0.036000 0.036000 56.571429 96.979592 0.036000 0.036000 241.548387 363.207373 96.979592
0.036000 0.036000 0.036000 56.571429 95.557604 0.036000 0.036000 230.142857 346.368759 95.557604
0.036000 0.036000 0.036000 56.571429 96.266297 0.036000 0.036000 218.564951 327.639298 95.557604
0.036000 0.036000 0.036000 56.571429 96.979592 0.036000 0.036000 216.000000 310.345961 95.557604
0.036000 0.036000 0.036000 56.571429 97.697534 0.036000 0.036000 210.983814 298.221828 96.979592
0.036000 0.036000 0.036000 56.571429 95.557604 0.036000 0.036000 199.836735 285.521515 95.557604
0.036000 0.036000 0.036000 56.571429 95.557604 0.036000 0.036000 189.408822 273.563910 96.979592
0.036000 0.036000 0.036000 56.571429 95.557604 0.036000 0.036000 184.443149 262.285714 98.420168
0.036000 0.036000 0.036000 56.571429 96.266297 0.036000 0.036000 176.287606 252.669569 96.979592
0.036000 0.036000 0.036000 60.046332 95.557604 0.036000 0.036000 169.814255 242.532152 96.979592
0.036000 0.036000 0.036000 62.051522 94.853468 0.036000 0.036000 175.627439 234.807388 96.979592
0.036000 0.036000 0.036000 61.546127 96.979592 0.036000 0.036000 185.845753 227.401993 97.697534
0.036000 0.036000 0.036000 60.543554 95.557604 0.036000 0.036000 194.537303 220.296564 96.266297
0.036000 0.036000 0.036000 58.084034 95.557604 0.036000 0.036000 201.383459 212.639321 96.266297
0.036000 0.036000 0.036000 56.639636 96.979592 0.036000 0.036000 208.530912 206.915537 95.557604
0.036000 0.036000 0.036000 56.571429 95.557604 0.036000 0.036000 214.311301 201.383459 96.266297
0.036000 0.036000 0.036000 56.571429 94.853468 0.036000 0.036000 218.564951 194.537303 94.153846
0.036000 0.036000 0.036000 56.571429 95.557604 0.036000 0.036000 220.296564 187.261196 96.266297
0.036000 0.036000 0.036000 56.571429 96.979592 0.036000 0.036000 221.168963 180.991672 94.853468
0.036000 0.036000 0.036000 56.571429 94.153846 0.036000 0.036000 222.927114 176.287606 94.853468
0.036000 0.036000 0.036000 56.571429 96.979592 0.036000 0.036000 221.168963 170.448980 94.853468
0.036000 0.036000 0.036000 56.571429 95.557604 0.036000 0.036000 227.401993 164.833485 94.853468
0.036000 0.036000 0.036000 56.571429 95.557604 0.036000 0.036000 234.807388 158.840511 94.853468
0.036000 0.036000 0.036000 56.571429 96.266297 0.036000 0.036000 238.628571 153.655977 95.557604
0.036000 0.036000 0.036000 56.571429 96.979592 0.036000 0.036000 243.521236 148.658460 94.153846
0.036000 0.036000 0.036000 56.571429 96.266297 0.036000 0.036000 252.669569 144.894410 94.153846
0.036000 0.036000 0.036000 56.571429 97.697534 0.036000 0.036000 260.106538 140.205270 94.153846
0.036000 0.036000 0.036000 56.571429 95.557604 0.036000 0.036000 265.601310 136.172630 94.853468
0.036000 0.036000 0.036000 56.571429 95.557604 0.036000 0.036000 270.111801 131.780881 92.767971
0.036000 0.036000 0.036000 56.571429 97.697534 0.036000 0.036000 279.454006 127.535252 94.153846
0.036000 0.036000 0.036000 56.571429 96.979592 0.036000 0.036000 288.000000 124.329510 94.153846
0.036000 0.036000 0.036000 56.571429 97.697534 0.036000 0.036000 294.329670 120.326237 94.853468
0.036000 0.036000 0.036000 56.571429 96.979592 0.036000 0.036000 273.563910 116.874842 94.853468
0.036000 0.036000 0.036000 56.571429 97.697534 0.036000 0.036000 252.669569 113.107018 94.853468
0.036000 0.036000 0.036000 56.571429 96.979592 0.036000 0.036000 233.864662 109.855670 95.557604
0.036000 0.036000 0.036000 56.571429 98.420168 0.036000 0.036000 222.927114 106.303118 94.153846
0.036000 0.036000 0.036000 56.571429 97.697534 0.036000 0.036000 209.344538 102.480628 94.153846
0.036000 0.036000 0.036000 56.571429 98.420168 0.036000 0.036000 198.304672 98.783259 94.153846
0.036000 0.036000 0.036000 56.571429 97.697534 0.036000 0.036000 183.746606 96.266297 94.153846
0.036000 0.036000 0.036000 56.571429 97.697534 0.036000 0.036000 170.448980 93.112782 94.853468
0.036000 0.036000 0.036000 56.571429 97.697534 0.036000 0.036000 158.254890 90.048518 95.557604
0.036000 0.036000 0.036000 56.571429 98.420168 0.036000 0.036000 149.753377 86.743919 96.266297
0.036000 0.036000 0.036000 56.571429 96.979592 0.036000 0.036000 141.750000 83.856052 94.853468
0.036000 0.036000 0.036000 56.571429 96.979592 0.036000 0.036000 134.692015 81.046472 94.853468
0.036000 0.036000 0.036000 56.571429 97.697534 0.036000 0.036000 127.535252 77.714286 94.853468
0.036000 0.036000 0.036000 56.571429 97.697534 0.036000 0.036000 119.454127 75.067669 95.557604
0.036000 0.036000 0.036000 56.571429 97.697534 0.036000 0.036000 115.185539 72.489796 95.557604
0.036000 0.036000 0.036000 56.571429 94.853468 0.036000 0.036000 109.855670 69.978022 96.266297
0.036000 0.036000 0.036000 56.571429 96.979592 0.036000 0.036000 103.234915 66.994190 94.853468
0.036000 0.036000 0.036000 56.571429 96.266297 0.036000 0.036000 96.979592 64.101026 94.853468
0.036000 0.036000 0.036000 56.571429 96.266297 0.036000 0.036000 91.740095 62.051522 95.557604
0.036000 0.036000 0.036000 56.571429 96.979592 0.036000 0.036000 86.419077 59.305518 95.557604
0.036000 0.036000 0.036000 56.571429 96.979592 0.036000 0.036000 81.664221 57.358950 96.266297
0.036000 0.036000 0.036000 56.571429 97.697534 0.036000 0.036000 77.714286 56.571429 94.853468
0.036000 0.036000 0.036000 56.571429 96.979592 0.036000 0.036000 73.056853 56.571429 95.557604
0.036000 0.036000 0.036000 56.571429 96.979592 0.036000 0.036000 68.882234 56.571429 96.266297
0.036000 0.036000 0.036000 56.571429 96.979592 0.036000 0.036000 64.881316 56.571429 94.853468
0.036000 0.036000 0.036000 56.571429 96.979592 0.036000 0.036000 61.043478 56.571429 94.853468
0.036000 0.036000 0.036000 56.571429 96.979592 0.036000 0.036000 57.841694 56.571429 95.557604
0.036000 0.036000 0.036000 56.571429 97.697534 0.036000 0.036000 56.571429 56.571429 94.153846
0.036000 0.036000 0.036000 56.571429 96.266297 0.036000 0.036000 56.571429 56.571429 94.153846
0.036000 0.036000 0.036000 56.571429 96.266297 0.036000 0.036000 56.571429 56.571429 94.153846
0.036000 0.036000 0.036000 56.571429 96.266297 0.036000 0.036000 56.571429 56.571429 94.153846
0.036000 0.036000 0.036000 56.571429 96.266297 0.036000 0.036000 56.571429 56.571429 94.853468
0.036000 0.036000 0.036000 56.571429 97.697534 0.036000 0.036000 56.571429 56.571429 94.153846
0.036000 0.036000 0.036000 56.571429 96.979592 0.036000 0.036000 56.571429 56.571429 94.153846
0.036000 0.036000 0.036000 56.571429 95.557604 0.036000 0.036000 56.571429 56.571429 94.153846
0.036000 0.036000 0.036000 56.571429 98.420168 0.036000 0.036000 56.571429 56.571429 94.853468
0.036000 0.036000 0.036000 56.571429 96.979592 0.036000 0.036000 56.571429 56.571429 94.853468
0.036000 0.036000 0.036000 56.571429 96.979592 0.036000 0.036000 56.571429 56.571429 94.853468
0.036000 0.036000 0.036000 56.571429 98.420168 0.036000 0.036000 56.571429 56.571429 94.853468
0.036000 0.036000 0.036000 56.571429 96.979592 0.036000 0.036000 56.571429 56.571429 95.557604
0.036000 0.036000 0.036000 56.571429 96.266297 0.036000 0.036000 56.571429 56.571429 95.557604
0.036000 0.036000 0.036000 56.571429 98.420168 0.036000 0.036000 56.571429 56.571429 95.557604
0.036000 0.036000 0.036000 56.571429 96.979592 0.036000 0.036000 56.571429 56.571429 95.557604
0.036000 0.036000 0.036000 56.571429 96.266297 0.036000 0.036000 56.571429 56.571429 96.266297
0.036000 0.036000 0.036000 56.571429 96.979592 0.036000 0.036000 56.571429 56.571429 94.153846
