33 32 31 30 29 28 27 26 25 24 211 23 10 9 8 7 6 5 1 2 3 4 11 12 201 13 202 14 203 15 204 16 205 17 206 18 207 19 208 20 209 21 210 22
1.500000 2.000000 1.500000 2.000000 1.500000 2.000000 1.500000 2.000000 1.500000 2.000000 26.280001 1.500000 2.000000 1.500000 2.000000 1.500000 2.000000 120.000000 120.000000 60.000000 20.000000 20.000000 1.500000 2.000000 53.639999 1.500000 65.520003 2.000000 39.959999 1.500000 26.280001 2.000000 92.880003 1.500000 65.520003 2.000000 53.639999 1.500000 39.959999 2.000000 65.520003 1.500000 27.360000 2.000000
1.500000 2.000000 1.500000 2.000000 1.500000 2.000000 1.500000 2.000000 1.500000 2.000000 26.280001 1.500000 2.000000 1.500000 2.000000 1.500000 2.000000 120.000000 120.000000 60.000000 20.000000 20.000000 1.500000 2.000000 53.639999 1.500000 65.520003 2.000000 39.959999 1.500000 26.280001 2.000000 92.880003 1.500000 65.520003 2.000000 53.639999 1.500000 39.959999 2.000000 65.520003 1.500000 27.360000 2.000000
1.500000 2.000000 1.500000 2.000000 1.500000 2.000000 1.500000 2.000000 1.500000 2.000000 26.280001 1.500000 2.000000 1.500000 2.000000 1.500000 2.000000 120.000000 120.000000 60.000000 20.000000 20.000000 1.500000 2.000000 53.639999 1.500000 65.520003 2.000000 39.959999 1.500000 26.280001 2.000000 92.880003 1.500000 65.520003 2.000000 53.639999 1.500000 39.959999 2.000000 65.520003 1.500000 27.360000 2.000000
1.500000 2.000000 1.500000 2.000000 1.500000 2.000000 1.500000 2.000000 1.500000 2.000000 26.280001 1.500000 2.000000 1.500000 2.000000 1.500000 2.000000 120.000000 120.000000 60.000000 20.000000 20.000000 1.500000 2.000000 53.639999 1.500000 65.520003 2.000000 39.959999 1.500000 26.280001 2.000000 92.880003 1.500000 65.520003 2.000000 53.639999 1.500000 39.959999 2.000000 65.520003 1.500000 27.360000 2.000000
1.500000 2.000000 1.500000 2.000000 1.500000 2.000000 1.500000 2.000000 1.500000 2.000000 26.280001 1.500000 2.000000 1.500000 2.000000 1.500000 2.000000 120.000000 120.000000 60.000000 20.000000 20.000000 1.500000 2.000000 53.639999 1.500000 65.520003 2.000000 40.009936 1.500000 26.280001 2.000000 92.880003 1.500000 65.520003 2.000000 53.639999 1.500000 39.959999 2.000000 65.520003 1.500000 27.360000 2.000000
1.500000 2.000000 1.500000 2.000000 1.500000 2.000000 1.500000 2.000000 1.500000 2.000000 26.280001 1.500000 2.000000 1.500000 2.000000 1.500000 2.000000 120.000000 120.000000 60.000000 20.000000 20.000000 1.500000 2.000000 53.639999 1.500000 65.520003 2.000000 42.374139 1.500000 26.280001 2.000000 92.880003 1.500000 65.520003 2.000000 53.639999 1.500000 39.959999 2.000000 65.520003 1.500000 27.360000 2.000000
1.500000 2.000000 1.500000 2.000000 1.500000 2.000000 1.500000 2.000000 1.500000 2.000000 26.445784 1.500000 2.000000 1.500000 2.000000 1.500000 2.000000 120.000000 120.000000 60.000000 20.000000 20.000000 1.500000 2.000000 53.639999 1.500000 65.520003 2.000000 39.959999 1.500000 26.280001 2.000000 92.880003 1.500000 65.520003 2.000000 54.045649 1.500000 50.537093 2.000000 76.006401 1.500000 27.610344 2.000000
1.500000 2.000000 1.500000 2.000000 1.500000 2.000000 1.500000 2.000000 1.500000 2.000000 29.711921 1.500000 2.000000 1.500000 2.000000 1.500000 2.000000 120.000000 120.000000 60.000000 20.000000 20.000000 1.500000 2.000000 53.639999 1.500000 65.520003 2.000000 39.959999 1.500000 26.280001 2.000000 92.880003 1.500000 65.520003 2.000000 61.036504 1.500000 64.026563 2.000000 93.666482 1.500000 31.324583 2.000000
1.500000 2.000000 1.500000 2.000000 1.500000 2.000000 1.500000 2.000000 1.500000 2.000000 31.503180 1.500000 2.000000 1.500000 2.000000 1.500000 2.000000 120.000000 120.000000 60.000000 20.000000 20.000000 1.500000 2.000000 53.639999 1.500000 65.520003 2.000000 39.959999 1.500000 26.280001 2.000000 92.880003 1.500000 65.520003 2.000000 64.718537 1.500000 55.077954 2.000000 86.509133 1.500000 33.215357 2.000000
1.500000 2.000000 1.500000 2.000000 1.500000 2.000000 1.500000 2.000000 1.500000 2.000000 31.599946 1.500000 2.000000 1.500000 2.000000 1.500000 2.000000 120.000000 120.000000 60.000000 20.000000 20.000000 1.500000 2.000000 53.639999 1.500000 65.520003 2.000000 39.959999 1.500000 26.280001 2.000000 92.880003 1.500000 65.520003 2.000000 64.917444 1.500000 43.397877 2.000000 73.257093 1.500000 33.317498 2.000000
1.500000 2.000000 1.500000 2.000000 1.500000 2.000000 1.500000 2.000000 1.500000 2.000000 31.794862 1.500000 2.000000 1.500000 2.000000 1.500000 2.000000 120.000000 120.000000 60.000000 20.000000 20.000000 1.500000 2.000000 56.783989 1.500000 67.549555 2.000000 40.367699 1.500000 27.714179 2.000000 92.893893 1.500000 65.520003 2.000000 65.318106 1.500000 39.959999 2.000000 65.927364 1.500000 33.523244 2.000000
1.500000 2.000000 1.500000 2.000000 1.500000 2.000000 1.500000 2.000000 1.500000 2.000000 31.951252 1.500000 2.000000 1.500000 2.000000 1.500000 2.000000 120.000000 120.000000 60.000000 20.000000 20.000000 1.500000 2.000000 72.574037 1.500000 80.874827 2.000000 45.622052 1.500000 35.324776 2.000000 102.108492 1.500000 65.520003 2.000000 65.639573 1.500000 39.959999 2.000000 65.520003 1.500000 33.688321 2.000000
1.500000 2.000000 1.500000 2.000000 1.500000 2.000000 1.500000 2.000000 1.500000 2.000000 31.736628 1.500000 2.000000 1.500000 2.000000 1.500000 2.000000 120.000000 120.000000 60.000000 20.000000 20.000000 1.500000 2.000000 88.128721 1.500000 90.224914 2.000000 47.404996 1.500000 42.891920 2.000000 116.378433 1.500000 65.520003 2.000000 65.198403 1.500000 39.959999 2.000000 65.520003 1.500000 33.461775 2.000000
1.500000 2.000000 1.500000 2.000000 1.500000 2.000000 1.500000 2.000000 1.500000 2.000000 31.310144 1.500000 2.000000 1.500000 2.000000 1.500000 2.000000 120.000000 120.000000 60.000000 20.000000 20.000000 1.500000 2.000000 66.989956 1.500000 79.709402 2.000000 47.580089 1.500000 32.637649 2.000000 98.849590 1.500000 65.520003 2.000000 64.321741 1.500000 39.984351 2.000000 67.077650 1.500000 33.011597 2.000000
1.500000 2.000000 1.500000 2.000000 1.500000 2.000000 1.500000 2.000000 1.500000 2.000000 31.833896 1.500000 2.000000 1.500000 2.000000 1.500000 2.000000 120.000000 120.000000 60.000000 20.000000 20.000000 1.500000 2.000000 53.976660 1.500000 70.196758 2.000000 47.786981 1.500000 26.403910 2.000000 92.880003 1.500000 65.520003 2.000000 65.398342 1.500000 51.243845 2.000000 82.818670 1.500000 33.564446 2.000000
1.500000 2.000000 1.500000 2.000000 1.500000 2.000000 1.500000 2.000000 1.500000 2.000000 31.814696 1.500000 2.000000 1.500000 2.000000 1.500000 2.000000 120.000000 120.000000 60.000000 20.000000 20.000000 1.500000 2.000000 53.639999 1.500000 66.411585 2.000000 47.933298 1.500000 26.280001 2.000000 92.880003 1.500000 65.520003 2.000000 65.358875 1.500000 59.490757 2.000000 91.233452 1.500000 33.544179 2.000000
1.500000 2.000000 1.500000 2.000000 1.500000 2.000000 1.500000 2.000000 1.500000 2.000000 31.368003 1.500000 2.000000 1.500000 2.000000 1.500000 2.000000 120.000000 120.000000 60.000000 20.000000 20.000000 1.500000 2.000000 53.639999 1.500000 66.681456 2.000000 48.110473 1.500000 26.280001 2.000000 92.880003 1.500000 65.520003 2.000000 64.440672 1.500000 46.753048 2.000000 77.960146 1.500000 33.072669 2.000000
1.500000 2.000000 1.500000 2.000000 1.500000 2.000000 1.500000 2.000000 1.500000 2.000000 31.697088 1.500000 2.000000 1.500000 2.000000 1.500000 2.000000 120.000000 120.000000 60.000000 20.000000 20.000000 1.500000 2.000000 59.856173 1.500000 75.680413 2.000000 47.903769 1.500000 29.207031 2.000000 93.791976 1.500000 65.520003 2.000000 65.117125 1.500000 40.448801 2.000000 68.971513 1.500000 33.420037 2.000000
1.500000 2.000000 1.500000 2.000000 1.500000 2.000000 1.500000 2.000000 1.500000 2.000000 32.108535 1.500000 2.000000 1.500000 2.000000 1.500000 2.000000 120.000000 120.000000 60.000000 20.000000 20.000000 1.500000 2.000000 65.681537 1.500000 79.845141 2.000000 48.052181 1.500000 31.999398 2.000000 97.070212 1.500000 65.520003 2.000000 65.962877 1.500000 44.083027 2.000000 74.625795 1.500000 33.854342 2.000000
1.500000 2.000000 1.500000 2.000000 1.500000 2.000000 1.500000 2.000000 1.500000 2.000000 32.089345 1.500000 2.000000 1.500000 2.000000 1.500000 2.000000 120.000000 120.000000 60.000000 20.000000 20.000000 1.500000 2.000000 54.414827 1.500000 71.639736 2.000000 48.171257 1.500000 26.615349 2.000000 92.880003 1.500000 65.520003 2.000000 65.923431 1.500000 64.297042 2.000000 96.314385 1.500000 33.834086 2.000000
1.500000 2.000000 1.500000 2.000000 1.500000 2.000000 1.500000 2.000000 1.500000 2.000000 32.068862 1.500000 2.000000 1.500000 2.000000 1.500000 2.000000 120.000000 120.000000 60.000000 20.000000 20.000000 1.500000 2.000000 53.639999 1.500000 68.384727 2.000000 48.377386 1.500000 26.280001 2.000000 92.880003 1.500000 65.520003 2.000000 65.881328 1.500000 76.297297 2.000000 108.294157 1.500000 33.812466 2.000000
1.500000 2.000000 1.500000 2.000000 1.500000 2.000000 1.500000 2.000000 1.500000 2.000000 32.069118 1.500000 2.000000 1.500000 2.000000 1.500000 2.000000 120.000000 120.000000 60.000000 20.000000 20.000000 1.500000 2.000000 53.639999 1.500000 68.085815 2.000000 47.875000 1.500000 26.280001 2.000000 92.880003 1.500000 65.520003 2.000000 65.881855 1.500000 62.565675 2.000000 94.562792 1.500000 33.812736 2.000000
1.500000 2.000000 1.500000 2.000000 1.500000 2.000000 1.500000 2.000000 1.500000 2.000000 32.089342 1.500000 2.000000 1.500000 2.000000 1.500000 2.000000 120.000000 120.000000 60.000000 20.000000 20.000000 1.500000 2.000000 61.244741 1.500000 77.084803 2.000000 48.288801 1.500000 29.868686 2.000000 94.364378 1.500000 65.520003 2.000000 65.923426 1.500000 52.070038 2.000000 84.087379 1.500000 33.834084 2.000000
1.500000 2.000000 1.500000 2.000000 1.500000 2.000000 1.500000 2.000000 1.500000 2.000000 31.912093 1.500000 2.000000 1.500000 2.000000 1.500000 2.000000 120.000000 120.000000 60.000000 20.000000 20.000000 1.500000 2.000000 87.996996 1.500000 90.630266 2.000000 47.874430 1.500000 42.827837 2.000000 116.246708 1.500000 65.520003 2.000000 65.559079 1.500000 42.928729 2.000000 73.558246 1.500000 33.646987 2.000000
1.500000 2.000000 1.500000 2.000000 1.500000 2.000000 1.500000 2.000000 1.500000 2.000000 31.658307 1.500000 2.000000 1.500000 2.000000 1.500000 2.000000 120.000000 120.000000 60.000000 20.000000 20.000000 1.500000 2.000000 86.102957 1.500000 89.767900 2.000000 47.933488 1.500000 41.906413 2.000000 114.352669 1.500000 65.520003 2.000000 65.037410 1.500000 52.707154 2.000000 84.094281 1.500000 33.379102 2.000000
1.500000 2.000000 1.500000 2.000000 1.500000 2.000000 1.500000 2.000000 1.500000 2.000000 31.484473 1.500000 2.000000 1.500000 2.000000 1.500000 2.000000 120.000000 120.000000 60.000000 20.000000 20.000000 1.500000 2.000000 62.289998 1.500000 77.042632 2.000000 47.550940 1.500000 30.377189 2.000000 95.504175 1.500000 65.520003 2.000000 64.680083 1.500000 81.782314 2.000000 113.194785 1.500000 33.195610 2.000000
1.500000 2.000000 1.500000 2.000000 1.500000 2.000000 1.500000 2.000000 1.500000 2.000000 31.619777 1.500000 2.000000 1.500000 2.000000 1.500000 2.000000 120.000000 120.000000 60.000000 20.000000 20.000000 1.500000 2.000000 58.499064 1.500000 75.342317 2.000000 47.434521 1.500000 28.532951 2.000000 92.880003 1.500000 65.520003 2.000000 64.958208 1.500000 83.001484 2.000000 114.549259 1.500000 33.338431 2.000000
1.500000 2.000000 1.500000 2.000000 1.500000 2.000000 1.500000 2.000000 1.500000 2.000000 31.775537 1.500000 2.000000 1.500000 2.000000 1.500000 2.000000 120.000000 120.000000 60.000000 20.000000 20.000000 1.500000 2.000000 65.123895 1.500000 78.885837 2.000000 47.609618 1.500000 31.741977 2.000000 97.524515 1.500000 65.520003 2.000000 65.278381 1.500000 60.647192 2.000000 92.350728 1.500000 33.502844 2.000000
1.500000 2.000000 1.500000 2.000000 1.500000 2.000000 1.500000 2.000000 1.500000 2.000000 31.698356 1.500000 2.000000 1.500000 2.000000 1.500000 2.000000 120.000000 120.000000 60.000000 20.000000 20.000000 1.500000 2.000000 95.667861 1.500000 94.598844 2.000000 48.111237 1.500000 46.559609 2.000000 123.917572 1.500000 65.520003 2.000000 65.119733 1.500000 48.265494 2.000000 79.891850 1.500000 33.421376 2.000000
1.500000 2.000000 1.500000 2.000000 1.500000 2.000000 1.500000 2.000000 1.500000 2.000000 32.109428 1.500000 2.000000 1.500000 2.000000 1.500000 2.000000 120.000000 120.000000 60.000000 20.000000 20.000000 1.500000 2.000000 92.050535 1.500000 92.513668 2.000000 47.785840 1.500000 44.799829 2.000000 120.300247 1.500000 65.520003 2.000000 65.964714 1.500000 63.348853 2.000000 95.386280 1.500000 33.855285 2.000000
1.500000 2.000000 1.500000 2.000000 1.500000 2.000000 1.500000 2.000000 1.500000 2.000000 31.794988 1.500000 2.000000 1.500000 2.000000 1.500000 2.000000 120.000000 120.000000 60.000000 20.000000 20.000000 1.500000 2.000000 66.819333 1.500000 80.322978 2.000000 48.080753 1.500000 32.552920 2.000000 98.263394 1.500000 65.520003 2.000000 65.318364 1.500000 106.587602 2.000000 138.310587 1.500000 33.523376 2.000000
1.500000 2.000000 1.500000 2.000000 1.500000 2.000000 1.500000 2.000000 1.500000 2.000000 31.834024 1.500000 2.000000 1.500000 2.000000 1.500000 2.000000 120.000000 120.000000 60.000000 20.000000 20.000000 1.500000 2.000000 65.980947 1.500000 80.765113 2.000000 48.765303 1.500000 32.131192 2.000000 96.940980 1.500000 65.520003 2.000000 65.398605 1.500000 107.796229 2.000000 139.558249 1.500000 33.564581 2.000000
1.500000 2.000000 1.500000 2.000000 1.500000 2.000000 1.500000 2.000000 1.500000 2.000000 31.503305 1.500000 2.000000 1.500000 2.000000 1.500000 2.000000 120.000000 120.000000 60.000000 20.000000 20.000000 1.500000 2.000000 70.358897 1.500000 82.433643 2.000000 48.258503 1.500000 34.247140 2.000000 99.516492 1.500000 65.520003 2.000000 64.718793 1.500000 81.390442 2.000000 112.821745 1.500000 33.215488 2.000000
1.500000 2.000000 1.500000 2.000000 1.500000 2.000000 1.500000 2.000000 1.500000 2.000000 31.658181 1.500000 2.000000 1.500000 2.000000 1.500000 2.000000 120.000000 120.000000 60.000000 20.000000 20.000000 1.500000 2.000000 101.201563 1.500000 97.084016 2.000000 47.904337 1.500000 49.251681 2.000000 129.451274 1.500000 65.520003 2.000000 65.037149 1.500000 65.190715 2.000000 96.776895 1.500000 33.378969 2.000000
1.500000 2.000000 1.500000 2.000000 1.500000 2.000000 1.500000 2.000000 1.500000 2.000000 31.522631 1.500000 2.000000 1.500000 2.000000 1.500000 2.000000 120.000000 120.000000 60.000000 20.000000 20.000000 1.500000 2.000000 100.740397 1.500000 96.419191 2.000000 47.463864 1.500000 49.027330 2.000000 128.990108 1.500000 65.520003 2.000000 64.758520 1.500000 87.187188 2.000000 118.637817 1.500000 33.235889 2.000000
1.500000 2.000000 1.500000 2.000000 1.500000 2.000000 1.500000 2.000000 1.500000 2.000000 31.406412 1.500000 2.000000 1.500000 2.000000 1.500000 2.000000 120.000000 120.000000 60.000000 20.000000 20.000000 1.500000 2.000000 91.272004 1.500000 91.812757 2.000000 47.463674 1.500000 44.421085 2.000000 119.521716 1.500000 65.520003 2.000000 64.519626 1.500000 111.151651 2.000000 142.486060 1.500000 33.113213 2.000000
1.500000 2.000000 1.500000 2.000000 1.500000 2.000000 1.500000 2.000000 1.500000 2.000000 31.425993 1.500000 2.000000 1.500000 2.000000 1.500000 2.000000 120.000000 120.000000 60.000000 20.000000 20.000000 1.500000 2.000000 113.896195 1.500000 103.141859 2.000000 47.786414 1.500000 55.427448 2.000000 142.145906 1.500000 65.520003 2.000000 64.559874 1.500000 84.252767 2.000000 115.606757 1.500000 33.133881 2.000000
1.500000 2.000000 1.500000 2.000000 1.500000 2.000000 1.500000 2.000000 1.500000 2.000000 31.659063 1.500000 2.000000 1.500000 2.000000 1.500000 2.000000 120.000000 120.000000 60.000000 20.000000 20.000000 1.500000 2.000000 117.141231 1.500000 104.631937 2.000000 47.697825 1.500000 57.006114 2.000000 145.390942 1.500000 65.520003 2.000000 65.038963 1.500000 78.900203 2.000000 110.487264 1.500000 33.379900 2.000000
1.500000 2.000000 1.500000 2.000000 1.500000 2.000000 1.500000 2.000000 1.500000 2.000000 31.561289 1.500000 2.000000 1.500000 2.000000 1.500000 2.000000 120.000000 120.000000 60.000000 20.000000 20.000000 1.500000 2.000000 96.331607 1.500000 94.391354 2.000000 47.580843 1.500000 46.882513 2.000000 124.581318 1.500000 65.520003 2.000000 64.837982 1.500000 127.734120 2.000000 159.223404 1.500000 33.276694 2.000000
1.500000 2.000000 1.500000 2.000000 1.500000 2.000000 1.500000 2.000000 1.500000 2.000000 31.368127 1.500000 2.000000 1.500000 2.000000 1.500000 2.000000 120.000000 120.000000 60.000000 20.000000 20.000000 1.500000 2.000000 97.786434 1.500000 94.836741 2.000000 47.318476 1.500000 47.590267 2.000000 126.036145 1.500000 65.520003 2.000000 64.440928 1.500000 123.215189 2.000000 154.511312 1.500000 33.072801 2.000000
1.500000 2.000000 1.500000 2.000000 1.500000 2.000000 1.500000 2.000000 1.500000 2.000000 31.310393 1.500000 2.000000 1.500000 2.000000 1.500000 2.000000 120.000000 120.000000 60.000000 20.000000 20.000000 1.500000 2.000000 120.396938 1.500000 106.010795 2.000000 47.492826 1.500000 58.589972 2.000000 148.646649 1.500000 65.520003 2.000000 64.322252 1.500000 88.253504 2.000000 119.491894 1.500000 33.011859 2.000000
1.500000 2.000000 1.500000 2.000000 1.500000 2.000000 1.500000 2.000000 1.500000 2.000000 31.387209 1.500000 2.000000 1.500000 2.000000 1.500000 2.000000 120.000000 120.000000 60.000000 20.000000 20.000000 1.500000 2.000000 116.397761 1.500000 104.623837 2.000000 48.051414 1.500000 56.644426 2.000000 144.647471 1.500000 65.520003 2.000000 64.480151 1.500000 107.168380 2.000000 138.483586 1.500000 33.092943 2.000000
1.500000 2.000000 1.500000 2.000000 1.500000 2.000000 1.500000 2.000000 1.500000 2.000000 31.194920 1.500000 2.000000 1.500000 2.000000 1.500000 2.000000 120.000000 120.000000 60.000000 20.000000 20.000000 1.500000 2.000000 101.855533 1.500000 97.489801 2.000000 47.991974 1.500000 49.569829 2.000000 130.105245 1.500000 65.520003 2.000000 64.084890 1.500000 147.811626 2.000000 178.934541 1.500000 32.889971 2.000000
1.500000 2.000000 1.500000 2.000000 1.500000 2.000000 1.500000 2.000000 1.500000 2.000000 31.292057 1.500000 2.000000 1.500000 2.000000 1.500000 2.000000 120.000000 120.000000 60.000000 20.000000 20.000000 1.500000 2.000000 123.304771 1.500000 108.133957 2.000000 48.201367 1.500000 60.004593 2.000000 151.554482 1.500000 65.520003 2.000000 64.284561 1.500000 123.913814 2.000000 155.133867 1.500000 32.992504 2.000000
1.500000 2.000000 1.500000 2.000000 1.500000 2.000000 1.500000 2.000000 1.500000 2.000000 31.794863 1.500000 2.000000 1.500000 2.000000 1.500000 2.000000 120.000000 120.000000 60.000000 20.000000 20.000000 1.500000 2.000000 143.711340 1.500000 118.119963 2.000000 48.259853 1.500000 69.932114 2.000000 171.961050 1.500000 65.520003 2.000000 65.318108 1.500000 92.027162 2.000000 123.750023 1.500000 33.523245 2.000000
1.500000 2.000000 1.500000 2.000000 1.500000 2.000000 1.500000 2.000000 1.500000 2.000000 31.795116 1.500000 2.000000 1.500000 2.000000 1.500000 2.000000 120.000000 120.000000 60.000000 20.000000 20.000000 1.500000 2.000000 152.814784 1.500000 121.986448 2.000000 47.697635 1.500000 74.360816 2.000000 181.064494 1.500000 65.520003 2.000000 65.318627 1.500000 103.094649 2.000000 134.817761 1.500000 33.523511 2.000000
1.500000 2.000000 1.500000 2.000000 1.500000 2.000000 1.500000 2.000000 1.500000 2.000000 31.388332 1.500000 2.000000 1.500000 2.000000 1.500000 2.000000 120.000000 120.000000 60.000000 20.000000 20.000000 1.500000 2.000000 114.976193 1.500000 103.579434 2.000000 47.698585 1.500000 55.952852 2.000000 143.225903 1.500000 65.520003 2.000000 64.482461 1.500000 194.075266 2.000000 225.391591 1.500000 33.094129 2.000000
1.500000 2.000000 1.500000 2.000000 1.500000 2.000000 1.500000 2.000000 1.500000 2.000000 30.965701 1.500000 2.000000 1.500000 2.000000 1.500000 2.000000 120.000000 120.000000 60.000000 20.000000 20.000000 1.500000 2.000000 95.279050 1.500000 94.232135 2.000000 47.933678 1.500000 46.370458 2.000000 123.528762 1.500000 65.520003 2.000000 63.613720 1.500000 286.931746 2.000000 317.825436 1.500000 32.648018 2.000000
1.500000 2.000000 1.500000 2.000000 1.500000 2.000000 1.500000 2.000000 1.500000 2.000000 31.310885 1.500000 2.000000 1.500000 2.000000 1.500000 2.000000 120.000000 120.000000 60.000000 20.000000 20.000000 1.500000 2.000000 112.557484 1.500000 102.313799 2.000000 47.609618 1.500000 54.776183 2.000000 140.807195 1.500000 65.520003 2.000000 64.323264 1.500000 201.877395 2.000000 233.116272 1.500000 33.012379 2.000000
1.500000 2.000000 1.500000 2.000000 1.500000 2.000000 1.500000 2.000000 1.500000 2.000000 31.444819 1.500000 2.000000 1.500000 2.000000 1.500000 2.000000 120.000000 120.000000 60.000000 20.000000 20.000000 1.500000 2.000000 123.768084 1.500000 108.535372 2.000000 48.377386 1.500000 60.229988 2.000000 152.017794 1.500000 65.520003 2.000000 64.598572 1.500000 139.752589 2.000000 171.125403 1.500000 33.153753 2.000000
1.500000 2.000000 1.500000 2.000000 1.500000 2.000000 1.500000 2.000000 1.500000 2.000000 31.600198 1.500000 2.000000 1.500000 2.000000 1.500000 2.000000 120.000000 120.000000 60.000000 20.000000 20.000000 1.500000 2.000000 158.707631 1.500000 125.862051 2.000000 48.706448 1.500000 77.227607 2.000000 186.957340 1.500000 65.520003 2.000000 64.917963 1.500000 111.434028 2.000000 142.962223 1.500000 33.317765 2.000000
1.500000 2.000000 1.500000 2.000000 1.500000 2.000000 1.500000 2.000000 1.500000 2.000000 31.444944 1.500000 2.000000 1.500000 2.000000 1.500000 2.000000 120.000000 120.000000 60.000000 20.000000 20.000000 1.500000 2.000000 176.481911 1.500000 134.061051 2.000000 48.258501 1.500000 85.874554 2.000000 204.731620 1.500000 65.520003 2.000000 64.598830 1.500000 157.284253 2.000000 188.657191 1.500000 33.153885 2.000000
1.500000 2.000000 1.500000 2.000000 1.500000 2.000000 1.500000 2.000000 1.500000 2.000000 31.794737 1.500000 2.000000 1.500000 2.000000 1.500000 2.000000 120.000000 120.000000 60.000000 20.000000 20.000000 1.500000 2.000000 157.652127 1.500000 124.752396 2.000000 48.110282 1.500000 76.714118 2.000000 185.901836 1.500000 65.520003 2.000000 65.317848 1.500000 241.815255 2.000000 273.537983 1.500000 33.523111 2.000000
1.500000 2.000000 1.500000 2.000000 1.500000 2.000000 1.500000 2.000000 1.500000 2.000000 31.990542 1.500000 2.000000 1.500000 2.000000 1.500000 2.000000 120.000000 120.000000 60.000000 20.000000 20.000000 1.500000 2.000000 183.249030 1.500000 137.205133 2.000000 48.110472 1.500000 89.166666 2.000000 211.498739 1.500000 65.520003 2.000000 65.720335 1.500000 188.901662 2.000000 220.820197 1.500000 33.729794 2.000000
1.500000 2.000000 1.500000 2.000000 1.500000 2.000000 1.500000 2.000000 1.500000 2.000000 31.853605 1.500000 2.000000 1.500000 2.000000 1.500000 2.000000 120.000000 120.000000 60.000000 20.000000 20.000000 1.500000 2.000000 194.435122 1.500000 142.973564 2.000000 48.437021 1.500000 94.608549 2.000000 222.684830 1.500000 65.520003 2.000000 65.438856 1.500000 130.966817 2.000000 162.748418 1.500000 33.585250 2.000000
1.500000 2.000000 1.500000 2.000000 1.500000 2.000000 1.500000 2.000000 1.500000 2.000000 31.483600 1.500000 2.000000 1.500000 2.000000 1.500000 2.000000 120.000000 120.000000 60.000000 20.000000 20.000000 1.500000 2.000000 147.961118 1.500000 120.903445 2.000000 48.975876 1.500000 71.999573 2.000000 176.210828 1.500000 65.520003 2.000000 64.678289 1.500000 160.438582 2.000000 191.850177 1.500000 33.194689 2.000000
1.500000 2.000000 1.500000 2.000000 1.500000 2.000000 1.500000 2.000000 1.500000 2.000000 32.030723 1.500000 2.000000 1.500000 2.000000 1.500000 2.000000 120.000000 120.000000 60.000000 20.000000 20.000000 1.500000 2.000000 171.486578 1.500000 131.928486 2.000000 48.556099 1.500000 83.444392 2.000000 199.736287 1.500000 65.520003 2.000000 65.802931 1.500000 238.319144 2.000000 270.277859 1.500000 33.772208 2.000000
1.500000 2.000000 1.500000 2.000000 1.500000 2.000000 1.500000 2.000000 1.500000 2.000000 31.990671 1.500000 2.000000 1.500000 2.000000 1.500000 2.000000 120.000000 120.000000 60.000000 20.000000 20.000000 1.500000 2.000000 215.136962 1.500000 152.866785 2.000000 48.259077 1.500000 104.679714 2.000000 243.386670 1.500000 65.520003 2.000000 65.720601 1.500000 178.148359 2.000000 210.067024 1.500000 33.729930 2.000000
1.500000 2.000000 1.500000 2.000000 1.500000 2.000000 1.500000 2.000000 1.500000 2.000000 31.794863 1.500000 2.000000 1.500000 2.000000 1.500000 2.000000 120.000000 120.000000 60.000000 20.000000 20.000000 1.500000 2.000000 208.861423 1.500000 149.872688 2.000000 48.317944 1.500000 101.626749 2.000000 237.111131 1.500000 65.520003 2.000000 65.318108 1.500000 124.696454 2.000000 156.419313 1.500000 33.523245 2.000000
1.500000 2.000000 1.500000 2.000000 1.500000 2.000000 1.500000 2.000000 1.500000 2.000000 31.677887 1.500000 2.000000 1.500000 2.000000 1.500000 2.000000 120.000000 120.000000 60.000000 20.000000 20.000000 1.500000 2.000000 166.384660 1.500000 129.090201 2.000000 48.199827 1.500000 80.962378 2.000000 194.634369 1.500000 65.520003 2.000000 65.077656 1.500000 184.080058 2.000000 215.685938 1.500000 33.399769 2.000000
1.500000 2.000000 1.500000 2.000000 1.500000 2.000000 1.500000 2.000000 1.500000 2.000000 31.600448 1.500000 2.000000 1.500000 2.000000 1.500000 2.000000 120.000000 120.000000 60.000000 20.000000 20.000000 1.500000 2.000000 176.329203 1.500000 133.781583 2.000000 48.053324 1.500000 85.800263 2.000000 204.578912 1.500000 65.520003 2.000000 64.918476 1.500000 341.604496 2.000000 373.132930 1.500000 33.318028 2.000000
1.500000 2.000000 1.500000 2.000000 1.500000 2.000000 1.500000 2.000000 1.500000 2.000000 31.775662 1.500000 2.000000 1.500000 2.000000 1.500000 2.000000 120.000000 120.000000 60.000000 20.000000 20.000000 1.500000 2.000000 202.381844 1.500000 146.455079 2.000000 48.052562 1.500000 98.474521 2.000000 230.631552 1.500000 65.520003 2.000000 65.278639 1.500000 243.309025 2.000000 275.012678 1.500000 33.502977 2.000000
1.500000 2.000000 1.500000 2.000000 1.500000 2.000000 1.500000 2.000000 1.500000 2.000000 31.814698 1.500000 2.000000 1.500000 2.000000 1.500000 2.000000 120.000000 120.000000 60.000000 20.000000 20.000000 1.500000 2.000000 185.639549 1.500000 138.427529 2.000000 48.169913 1.500000 90.329621 2.000000 213.889258 1.500000 65.520003 2.000000 65.358880 1.500000 159.295094 2.000000 191.037787 1.500000 33.544182 2.000000
1.500000 2.000000 1.500000 2.000000 1.500000 2.000000 1.500000 2.000000 1.500000 2.000000 31.639105 1.500000 2.000000 1.500000 2.000000 1.500000 2.000000 120.000000 120.000000 60.000000 20.000000 20.000000 1.500000 2.000000 144.415311 1.500000 117.959277 2.000000 47.756695 1.500000 70.274586 2.000000 172.665021 1.500000 65.520003 2.000000 64.997938 1.500000 114.801128 2.000000 146.368229 1.500000 33.358833 2.000000
1.500000 2.000000 1.500000 2.000000 1.500000 2.000000 1.500000 2.000000 1.500000 2.000000 31.658685 1.500000 2.000000 1.500000 2.000000 1.500000 2.000000 120.000000 120.000000 60.000000 20.000000 20.000000 1.500000 2.000000 168.831639 1.500000 129.984375 2.000000 47.903580 1.500000 82.152800 2.000000 197.081348 1.500000 65.520003 2.000000 65.038186 1.500000 91.729299 2.000000 123.315981 1.500000 33.379501 2.000000
1.500000 2.000000 1.500000 2.000000 1.500000 2.000000 1.500000 2.000000 1.500000 2.000000 32.069374 1.500000 2.000000 1.500000 2.000000 1.500000 2.000000 120.000000 120.000000 60.000000 20.000000 20.000000 1.500000 2.000000 194.505773 1.500000 142.770552 2.000000 48.199637 1.500000 94.642919 2.000000 222.755481 1.500000 65.520003 2.000000 65.882381 1.500000 117.455572 2.000000 149.452943 1.500000 33.813006 2.000000
1.500000 2.000000 1.500000 2.000000 1.500000 2.000000 1.500000 2.000000 1.500000 2.000000 31.214496 1.500000 2.000000 1.500000 2.000000 1.500000 2.000000 120.000000 120.000000 60.000000 20.000000 20.000000 1.500000 2.000000 186.560065 1.500000 138.373919 2.000000 47.668484 1.500000 90.777440 2.000000 214.809774 1.500000 65.520003 2.000000 64.125131 1.500000 344.540034 2.000000 375.682516 1.500000 32.910635 2.000000
1.500000 2.000000 1.500000 2.000000 1.500000 2.000000 1.500000 2.000000 1.500000 2.000000 31.483974 1.500000 2.000000 1.500000 2.000000 1.500000 2.000000 120.000000 120.000000 60.000000 20.000000 20.000000 1.500000 2.000000 181.926493 1.500000 136.150606 2.000000 47.699341 1.500000 88.523269 2.000000 210.176202 1.500000 65.520003 2.000000 64.679058 1.500000 387.583188 2.000000 418.995147 1.500000 33.195084 2.000000
1.500000 2.000000 1.500000 2.000000 1.500000 2.000000 1.500000 2.000000 1.500000 2.000000 31.697340 1.500000 2.000000 1.500000 2.000000 1.500000 2.000000 120.000000 120.000000 60.000000 20.000000 20.000000 1.500000 2.000000 194.263298 1.500000 143.218258 2.000000 48.765305 1.500000 94.524958 2.000000 222.513006 1.500000 65.520003 2.000000 65.117643 1.500000 267.706455 2.000000 299.331784 1.500000 33.420303 2.000000
1.500000 2.000000 1.500000 2.000000 1.500000 2.000000 1.500000 2.000000 1.500000 2.000000 31.386959 1.500000 2.000000 1.500000 2.000000 1.500000 2.000000 120.000000 120.000000 60.000000 20.000000 20.000000 1.500000 2.000000 129.995355 1.500000 111.923249 2.000000 48.735780 1.500000 63.259472 2.000000 160.912091 1.500000 66.404722 2.000000 64.479638 1.500000 168.337851 2.000000 199.652804 1.500000 33.092679 2.000000
1.500000 2.000000 1.500000 2.000000 1.500000 2.000000 1.500000 2.000000 1.500000 2.000000 31.387209 1.500000 2.000000 1.500000 2.000000 1.500000 2.000000 120.000000 120.000000 60.000000 20.000000 20.000000 1.500000 2.000000 128.659001 1.500000 110.265463 2.000000 47.728112 1.500000 62.609354 2.000000 164.003866 1.500000 68.003568 2.000000 64.480151 1.500000 127.380379 2.000000 158.695583 1.500000 33.092943 2.000000
1.500000 2.000000 1.500000 2.000000 1.500000 2.000000 1.500000 2.000000 1.500000 2.000000 31.736626 1.500000 2.000000 1.500000 2.000000 1.500000 2.000000 120.000000 120.000000 60.000000 20.000000 20.000000 1.500000 2.000000 187.218519 1.500000 138.518212 2.000000 47.492448 1.500000 91.097769 2.000000 215.468228 1.500000 65.520003 2.000000 65.198398 1.500000 102.035926 2.000000 133.700549 1.500000 33.461772 2.000000
1.500000 2.000000 1.500000 2.000000 1.500000 2.000000 1.500000 2.000000 1.500000 2.000000 32.287074 1.500000 2.000000 1.500000 2.000000 1.500000 2.000000 120.000000 120.000000 60.000000 20.000000 20.000000 1.500000 2.000000 219.233484 1.500000 154.889027 2.000000 48.288416 1.500000 106.672617 2.000000 247.483191 1.500000 65.520003 2.000000 66.329875 1.500000 113.949212 2.000000 146.164283 1.500000 34.042801 2.000000
1.500000 2.000000 1.500000 2.000000 1.500000 2.000000 1.500000 2.000000 1.500000 2.000000 31.854872 1.500000 2.000000 1.500000 2.000000 1.500000 2.000000 120.000000 120.000000 60.000000 20.000000 20.000000 1.500000 2.000000 215.286761 1.500000 152.319917 2.000000 47.639333 1.500000 104.752590 2.000000 243.536469 1.500000 65.520003 2.000000 65.441458 1.500000 348.639988 2.000000 380.422846 1.500000 33.586587 2.000000
1.500000 2.000000 1.500000 2.000000 1.500000 2.000000 1.500000 2.000000 1.500000 2.000000 31.756846 1.500000 2.000000 1.500000 2.000000 1.500000 2.000000 120.000000 120.000000 60.000000 20.000000 20.000000 1.500000 2.000000 210.247279 1.500000 150.073845 2.000000 47.844902 1.500000 102.300949 2.000000 238.496986 1.500000 65.520003 2.000000 65.239962 1.500000 402.262028 2.000000 433.946858 1.500000 33.483115 2.000000
1.500000 2.000000 1.500000 2.000000 1.500000 2.000000 1.500000 2.000000 1.500000 2.000000 31.932308 1.500000 2.000000 1.500000 2.000000 1.500000 2.000000 120.000000 120.000000 60.000000 20.000000 20.000000 1.500000 2.000000 201.565649 1.500000 145.703084 2.000000 47.697635 1.500000 98.077454 2.000000 229.815357 1.500000 65.520003 2.000000 65.600633 1.500000 257.024837 2.000000 288.885135 1.500000 33.668325 2.000000
1.500000 2.000000 1.500000 2.000000 1.500000 2.000000 1.500000 2.000000 1.500000 2.000000 31.561415 1.500000 2.000000 1.500000 2.000000 1.500000 2.000000 120.000000 120.000000 60.000000 20.000000 20.000000 1.500000 2.000000 155.923885 1.500000 124.001758 2.000000 48.200410 1.500000 75.873352 2.000000 184.173595 1.500000 65.520003 2.000000 64.838243 1.500000 170.212746 2.000000 201.702155 1.500000 33.276827 2.000000
1.500000 2.000000 1.500000 2.000000 1.500000 2.000000 1.500000 2.000000 1.500000 2.000000 31.368378 1.500000 2.000000 1.500000 2.000000 1.500000 2.000000 120.000000 120.000000 60.000000 20.000000 20.000000 1.500000 2.000000 135.102575 1.500000 113.754723 2.000000 48.082661 1.500000 65.744065 2.000000 164.164061 1.500000 65.520003 2.000000 64.441444 1.500000 105.774493 2.000000 137.070867 1.500000 33.073066 2.000000
1.500000 2.000000 1.500000 2.000000 1.500000 2.000000 1.500000 2.000000 1.500000 2.000000 31.639483 1.500000 2.000000 1.500000 2.000000 1.500000 2.000000 120.000000 120.000000 60.000000 20.000000 20.000000 1.500000 2.000000 172.467273 1.500000 131.108905 2.000000 47.259422 1.500000 83.921487 2.000000 200.716982 1.500000 65.520003 2.000000 64.998715 1.500000 71.772735 2.000000 103.340216 1.500000 33.359232 2.000000
1.500000 2.000000 1.500000 2.000000 1.500000 2.000000 1.500000 2.000000 1.500000 2.000000 31.990542 1.500000 2.000000 1.500000 2.000000 1.500000 2.000000 120.000000 120.000000 60.000000 20.000000 20.000000 1.500000 2.000000 130.619112 1.500000 110.954594 2.000000 47.463676 1.500000 63.562921 2.000000 158.868822 1.500000 65.520003 2.000000 65.720335 1.500000 49.139275 2.000000 81.057816 1.500000 33.729794 2.000000
1.500000 2.000000 1.500000 2.000000 1.500000 2.000000 1.500000 2.000000 1.500000 2.000000 31.756204 1.500000 2.000000 1.500000 2.000000 1.500000 2.000000 120.000000 120.000000 60.000000 20.000000 20.000000 1.500000 2.000000 65.689325 1.500000 79.160629 2.000000 47.786032 1.500000 32.017051 2.000000 98.269326 1.500000 65.520003 2.000000 65.238641 1.500000 39.959999 2.000000 66.562423 1.500000 33.482437 2.000000
1.500000 2.000000 1.500000 2.000000 1.500000 2.000000 1.500000 2.000000 1.500000 2.000000 31.736628 1.500000 2.000000 1.500000 2.000000 1.500000 2.000000 120.000000 120.000000 60.000000 20.000000 20.000000 1.500000 2.000000 53.639999 1.500000 66.149545 2.000000 47.288016 1.500000 26.280001 2.000000 92.880003 1.500000 65.520003 2.000000 65.198403 1.500000 39.959999 2.000000 65.520003 1.500000 33.461775 2.000000
