8 106 7 6 5 1 101 2 3 4
0.036000 0.036000 0.036000 56.571429 56.571429 0.036000 0.036000 56.571429 56.571429 56.571429
0.036000 0.036000 0.036000 56.571429 56.571429 0.036000 0.036000 56.571429 56.571429 56.571429
0.036000 0.036000 0.036000 56.571429 56.571429 0.036000 0.036000 56.571429 56.571429 56.571429
0.036000 0.036000 0.036000 56.571429 56.571429 0.036000 0.036000 63.140179 56.571429 58.845847
0.036000 0.036000 0.036000 56.571429 56.571429 0.036000 0.036000 60.683707 56.571429 74.906831
0.036000 0.036000 0.036000 56.571429 59.513572 0.036000 0.036000 56.571429 66.165057 82.267016
0.036000 0.036000 0.036000 56.571429 76.564869 0.036000 0.036000 56.571429 99.828534 60.129350
0.036000 0.036000 0.036000 56.571429 90.676426 0.036000 0.036000 56.571429 127.981122 56.571429
0.036000 0.036000 0.036000 56.571429 96.149719 0.036000 0.036000 56.571429 110.083905 56.571429
0.036000 0.036000 0.036000 56.571429 96.445391 0.036000 0.036000 62.336341 83.143653 59.598578
0.036000 0.036000 0.036000 56.571429 97.040969 0.036000 0.036000 80.964406 62.367643 77.083199
0.036000 0.036000 0.036000 56.571429 97.518827 0.036000 0.036000 107.826811 56.571429 91.172106
0.036000 0.036000 0.036000 56.571429 96.863033 0.036000 0.036000 130.948637 56.571429 94.737993
0.036000 0.036000 0.036000 56.571429 95.559886 0.036000 0.036000 98.282898 67.047025 95.088180
0.036000 0.036000 0.036000 56.571429 97.160239 0.036000 0.036000 68.584314 102.041546 95.501964
0.036000 0.036000 0.036000 56.571429 97.101572 0.036000 0.036000 56.571429 118.909512 95.794598
0.036000 0.036000 0.036000 57.613335 95.736676 0.036000 0.036000 56.854666 93.256285 96.148948
0.036000 0.036000 0.036000 56.571429 96.742214 0.036000 0.036000 84.983074 73.350055 95.735540
0.036000 0.036000 0.036000 56.571429 97.999413 0.036000 0.036000 97.255153 84.957470 96.032363
0.036000 0.036000 0.036000 56.571429 97.940777 0.036000 0.036000 71.819237 128.522080 96.270515
0.036000 0.036000 0.036000 56.571429 97.878192 0.036000 0.036000 61.243539 152.522590 96.682773
0.036000 0.036000 0.036000 57.035725 97.878974 0.036000 0.036000 61.865264 125.059347 95.678002
0.036000 0.036000 0.036000 56.571429 97.940770 0.036000 0.036000 88.097782 104.068072 96.505603
0.036000 0.036000 0.036000 56.571429 97.399173 0.036000 0.036000 130.752830 83.364305 95.676862
0.036000 0.036000 0.036000 56.571429 96.623719 0.036000 0.036000 127.937366 104.943945 95.794978
0.036000 0.036000 0.036000 56.571429 96.092557 0.036000 0.036000 90.223501 163.492624 95.029882
0.036000 0.036000 0.036000 56.571429 96.505987 0.036000 0.036000 85.383817 165.930963 94.797043
0.036000 0.036000 0.036000 56.571429 96.981919 0.036000 0.036000 95.676222 121.222382 95.147238
0.036000 0.036000 0.036000 56.571429 96.746090 0.036000 0.036000 142.155466 96.458986 96.150475
0.036000 0.036000 0.036000 56.571429 98.002143 0.036000 0.036000 136.778361 126.625703 95.499682
0.036000 0.036000 0.036000 56.571429 97.041353 0.036000 0.036000 98.627909 213.103199 96.089507
0.036000 0.036000 0.036000 56.571429 97.160630 0.036000 0.036000 97.887196 215.520452 97.458607
0.036000 0.036000 0.036000 56.571429 96.150099 0.036000 0.036000 104.534034 162.708881 96.445008
0.036000 0.036000 0.036000 56.571429 96.623332 0.036000 0.036000 150.381239 130.309427 95.736676
0.036000 0.036000 0.036000 56.571429 96.209153 0.036000 0.036000 149.695722 174.302372 94.855729
0.036000 0.036000 0.036000 56.571429 95.854039 0.036000 0.036000 135.621085 222.231297 94.855349
0.036000 0.036000 0.036000 56.571429 95.913868 0.036000 0.036000 169.251639 168.433530 95.500828
0.036000 0.036000 0.036000 56.571429 96.626027 0.036000 0.036000 174.075340 157.728402 95.323651
0.036000 0.036000 0.036000 56.571429 96.327272 0.036000 0.036000 143.142116 255.396233 95.089688
0.036000 0.036000 0.036000 56.571429 95.737056 0.036000 0.036000 145.304696 246.358372 94.564954
0.036000 0.036000 0.036000 56.571429 95.560646 0.036000 0.036000 178.914905 176.435004 94.913654
0.036000 0.036000 0.036000 56.571429 95.795361 0.036000 0.036000 172.970182 214.264755 96.030829
0.036000 0.036000 0.036000 56.571429 95.207811 0.036000 0.036000 151.353358 295.551245 95.911950
0.036000 0.036000 0.036000 56.571429 95.504619 0.036000 0.036000 183.237360 247.755622 96.330735
0.036000 0.036000 0.036000 56.571429 97.040973 0.036000 0.036000 213.571449 183.982320 96.447707
0.036000 0.036000 0.036000 56.571429 97.041744 0.036000 0.036000 227.103595 206.117292 95.323272
0.036000 0.036000 0.036000 56.571429 95.798794 0.036000 0.036000 170.857040 388.078523 95.325171
0.036000 0.036000 0.036000 56.571429 94.507422 0.036000 0.036000 141.577505 573.791479 95.795358
0.036000 0.036000 0.036000 56.571429 95.562150 0.036000 0.036000 167.261663 403.682780 95.147238
0.036000 0.036000 0.036000 56.571429 95.971392 0.036000 0.036000 183.926067 279.433170 96.682773
0.036000 0.036000 0.036000 56.571429 96.446162 0.036000 0.036000 235.863232 222.796051 97.340898
0.036000 0.036000 0.036000 56.571429 95.971775 0.036000 0.036000 262.284458 314.496498 96.445004
0.036000 0.036000 0.036000 56.571429 97.040586 0.036000 0.036000 234.294239 483.558499 96.148565
0.036000 0.036000 0.036000 56.571429 97.638878 0.036000 0.036000 272.343689 377.731316 96.148945
0.036000 0.036000 0.036000 56.571429 97.220462 0.036000 0.036000 288.971664 261.861628 96.802043
0.036000 0.036000 0.036000 56.571429 96.089891 0.036000 0.036000 219.888685 320.805157 97.879753
0.036000 0.036000 0.036000 56.571429 97.761656 0.036000 0.036000 254.858963 476.566278 97.040199
0.036000 0.036000 0.036000 56.571429 97.639273 0.036000 0.036000 319.744668 356.224710 96.446155
0.036000 0.036000 0.036000 56.571429 97.040973 0.036000 0.036000 310.416164 249.320902 96.563890
0.036000 0.036000 0.036000 56.571429 96.683544 0.036000 0.036000 247.275032 368.088107 96.327656
0.036000 0.036000 0.036000 56.571429 96.446925 0.036000 0.036000 262.057460 683.136976 96.034649
0.036000 0.036000 0.036000 56.571429 96.982303 0.036000 0.036000 300.784358 486.546038 96.033126
0.036000 0.036000 0.036000 56.571429 97.101580 0.036000 0.036000 275.897163 318.518180 96.267827
0.036000 0.036000 0.036000 56.571429 96.565045 0.036000 0.036000 214.617892 229.530250 95.441391
0.036000 0.036000 0.036000 56.571429 96.624873 0.036000 0.036000 250.912433 183.386593 95.735160
0.036000 0.036000 0.036000 56.571429 97.879757 0.036000 0.036000 289.076685 234.839139 96.327276
0.036000 0.036000 0.036000 56.571429 95.267628 0.036000 0.036000 277.265498 689.008052 95.264970
0.036000 0.036000 0.036000 56.571429 96.091034 0.036000 0.036000 270.377756 775.094359 95.326683
0.036000 0.036000 0.036000 56.571429 96.742985 0.036000 0.036000 288.716249 535.340897 97.458611
0.036000 0.036000 0.036000 61.905480 95.794598 0.036000 0.036000 193.182822 336.603693 97.399561
0.036000 0.036000 0.036000 70.761738 95.795361 0.036000 0.036000 191.196350 254.688752 95.384225
0.036000 0.036000 0.036000 56.571429 96.863025 0.036000 0.036000 278.244281 203.999847 94.912898
0.036000 0.036000 0.036000 56.571429 98.544951 0.036000 0.036000 325.834093 227.826418 96.504833
0.036000 0.036000 0.036000 56.571429 97.224331 0.036000 0.036000 319.967343 697.207960 95.206668
0.036000 0.036000 0.036000 56.571429 96.924809 0.036000 0.036000 312.476220 804.452038 95.617805
0.036000 0.036000 0.036000 56.571429 97.460942 0.036000 0.036000 299.571095 513.977663 95.323272
0.036000 0.036000 0.036000 56.571429 96.327659 0.036000 0.036000 231.725231 340.353484 96.328821
0.036000 0.036000 0.036000 58.194981 95.737823 0.036000 0.036000 200.774635 211.476980 96.093324
0.036000 0.036000 0.036000 56.571429 96.566199 0.036000 0.036000 256.316754 143.473467 94.446845
0.036000 0.036000 0.036000 56.571429 97.638878 0.036000 0.036000 194.110028 98.206548 94.855352
0.036000 0.036000 0.036000 56.571429 96.922846 0.036000 0.036000 95.976822 64.564605 95.500065
0.036000 0.036000 0.036000 56.571429 96.863033 0.036000 0.036000 57.742445 56.571429 94.504033
