timestamp (intervals), bus_transit_link_ID, bus_transit_link_type, passenger_inflow, tt (s), fftt (s)
0 33 3 0.000000 1.500000 1.500000
0 32 3 0.000000 2.000000 2.000000
0 31 3 6.000000 1.500000 1.500000
0 30 3 0.000000 2.000000 2.000000
0 29 3 34.000000 1.850000 1.500000
0 28 3 0.000000 2.000000 2.000000
0 27 3 4.000000 1.500000 1.500000
0 26 3 18.000000 95.400000 2.000000
0 25 3 0.000000 1.500000 1.500000
0 24 3 0.000000 2.000000 2.000000
0 11 3 0.000000 1.500000 1.500000
0 10 3 23.000000 43.000000 2.000000
0 9 3 0.000000 1.500000 1.500000
0 8 3 49.000000 80.600000 2.000000
0 7 3 0.000000 1.500000 1.500000
0 6 3 58.000000 83.100000 2.000000
0 2 3 10.000000 60.000000 60.000000
0 1 3 150.000000 120.000000 120.000000
0 3 3 18.000000 20.000000 20.000000
0 4 3 4.000000 20.000000 20.000000
0 5 3 40.000000 120.000000 120.000000
0 12 3 0.000000 2.000000 2.000000
0 201 2 58.000000 55.912000 53.639999
0 13 3 0.000000 1.500000 1.500000
0 202 2 34.000000 65.520003 65.520003
0 14 3 0.000000 2.000000 2.000000
0 203 2 34.000000 40.963999 39.959999
0 15 3 0.000000 1.500000 1.500000
0 204 2 49.000000 29.524000 26.280001
0 16 3 0.000000 2.000000 2.000000
0 205 2 27.000000 101.592003 92.880003
0 17 3 0.000000 1.500000 1.500000
0 206 2 27.000000 114.260001 65.520003
0 18 3 0.000000 2.000000 2.000000
0 207 2 6.000000 53.639999 53.639999
0 19 3 0.000000 1.500000 1.500000
0 208 2 23.000000 46.963999 39.959999
0 20 3 0.000000 2.000000 2.000000
0 209 2 19.000000 80.812002 65.520003
0 21 3 0.000000 1.500000 1.500000
0 210 2 4.000000 28.888000 27.360000
0 22 3 10.000000 6.800000 2.000000
0 211 2 0.000000 26.652001 26.280001
0 23 3 16.000000 1.500000 1.500000
180 33 3 31.000000 2.200000 1.500000
180 32 3 0.000000 2.000000 2.000000
180 31 3 33.000000 1.850000 1.500000
180 30 3 0.000000 2.000000 2.000000
180 29 3 31.000000 1.500000 1.500000
180 28 3 0.000000 2.000000 2.000000
180 27 3 38.000000 1.500000 1.500000
180 26 3 38.000000 81.600000 2.000000
180 25 3 0.000000 1.500000 1.500000
180 24 3 0.000000 2.000000 2.000000
180 11 3 0.000000 1.500000 1.500000
180 10 3 66.000000 84.400000 2.000000
180 9 3 0.000000 1.500000 1.500000
180 8 3 76.000000 130.500000 2.000000
180 7 3 0.000000 1.500000 1.500000
180 6 3 8.000000 64.500000 2.000000
180 2 3 15.000000 60.000000 60.000000
180 1 3 150.000000 120.000000 120.000000
180 3 3 48.000000 20.000000 20.000000
180 4 3 38.000000 20.000000 20.000000
180 5 3 95.000000 120.000000 120.000000
180 12 3 0.000000 2.000000 2.000000
180 201 2 8.000000 53.639999 53.639999
180 13 3 0.000000 1.500000 1.500000
180 202 2 31.000000 65.520003 65.520003
180 14 3 0.000000 2.000000 2.000000
180 203 2 31.000000 39.959999 39.959999
180 15 3 0.000000 1.500000 1.500000
180 204 2 76.000000 26.280001 26.280001
180 16 3 0.000000 2.000000 2.000000
180 205 2 76.000000 217.576001 92.880003
180 17 3 0.000000 1.500000 1.500000
180 206 2 46.000000 150.104001 65.520003
180 18 3 0.000000 2.000000 2.000000
180 207 2 42.000000 59.912000 53.639999
180 19 3 0.000000 1.500000 1.500000
180 208 2 66.000000 89.984000 39.959999
180 20 3 0.000000 2.000000 2.000000
180 209 2 42.000000 132.156001 65.520003
180 21 3 0.000000 1.500000 1.500000
180 210 2 38.000000 30.652000 27.360000
180 22 3 49.000000 61.000000 2.000000
180 211 2 56.000000 26.280001 26.280001
180 23 3 48.000000 1.850000 1.500000
360 33 3 109.000000 1.850000 1.500000
360 32 3 0.000000 2.000000 2.000000
360 31 3 67.000000 1.850000 1.500000
360 30 3 0.000000 2.000000 2.000000
360 29 3 5.000000 1.500000 1.500000
360 28 3 0.000000 2.000000 2.000000
360 27 3 68.000000 1.500000 1.500000
360 26 3 85.000000 62.300000 2.000000
360 25 3 0.000000 1.500000 1.500000
360 24 3 0.000000 2.000000 2.000000
360 11 3 0.000000 1.500000 1.500000
360 10 3 40.000000 97.700000 2.000000
360 9 3 0.000000 1.500000 1.500000
360 8 3 23.000000 97.900000 2.000000
360 7 3 0.000000 1.500000 1.500000
360 6 3 35.000000 51.000000 2.000000
360 2 3 9.000000 60.000000 60.000000
360 1 3 90.000000 120.000000 120.000000
360 3 3 75.000000 20.000000 20.000000
360 4 3 68.000000 20.000000 20.000000
360 5 3 181.000000 120.000000 120.000000
360 12 3 0.000000 2.000000 2.000000
360 201 2 35.000000 65.412000 53.639999
360 13 3 0.000000 1.500000 1.500000
360 202 2 22.000000 65.968002 65.520003
360 14 3 0.000000 2.000000 2.000000
360 203 2 22.000000 39.959999 39.959999
360 15 3 0.000000 1.500000 1.500000
360 204 2 23.000000 29.024000 26.280001
360 16 3 0.000000 2.000000 2.000000
360 205 2 39.000000 334.500000 92.880003
360 17 3 0.000000 1.500000 1.500000
360 206 2 65.000000 113.260001 65.520003
360 18 3 0.000000 2.000000 2.000000
360 207 2 58.000000 57.912000 53.639999
360 19 3 0.000000 1.500000 1.500000
360 208 2 40.000000 73.976000 39.959999
360 20 3 0.000000 2.000000 2.000000
360 209 2 58.000000 128.604001 65.520003
360 21 3 0.000000 1.500000 1.500000
360 210 2 68.000000 30.652000 27.360000
360 22 3 69.000000 74.600000 2.000000
360 211 2 84.000000 27.896000 26.280001
360 23 3 61.000000 1.500000 1.500000
540 33 3 23.000000 1.500000 1.500000
540 32 3 0.000000 2.000000 2.000000
540 31 3 42.000000 1.500000 1.500000
540 30 3 0.000000 2.000000 2.000000
540 29 3 47.000000 1.500000 1.500000
540 28 3 0.000000 2.000000 2.000000
540 27 3 33.000000 1.500000 1.500000
540 26 3 23.000000 44.700000 2.000000
540 25 3 0.000000 1.500000 1.500000
540 24 3 0.000000 2.000000 2.000000
540 11 3 0.000000 1.500000 1.500000
540 10 3 52.000000 121.700000 2.000000
540 9 3 0.000000 1.500000 1.500000
540 8 3 3.000000 2.000000 2.000000
540 7 3 0.000000 1.500000 1.500000
540 6 3 48.000000 75.100000 2.000000
540 2 3 8.000000 60.500000 60.000000
540 1 3 105.000000 120.000000 120.000000
540 3 3 23.000000 20.000000 20.000000
540 4 3 33.000000 20.000000 20.000000
540 5 3 112.000000 120.000000 120.000000
540 12 3 0.000000 2.000000 2.000000
540 201 2 48.000000 147.228000 53.639999
540 13 3 0.000000 1.500000 1.500000
540 202 2 46.000000 73.416002 65.520003
540 14 3 0.000000 2.000000 2.000000
540 203 2 30.000000 39.963999 39.959999
540 15 3 0.000000 1.500000 1.500000
540 204 2 3.000000 35.152001 26.280001
540 16 3 0.000000 2.000000 2.000000
540 205 2 9.000000 351.000000 92.880003
540 17 3 0.000000 1.500000 1.500000
540 206 2 10.000000 104.260001 65.520003
540 18 3 0.000000 2.000000 2.000000
540 207 2 45.000000 55.775999 53.639999
540 19 3 0.000000 1.500000 1.500000
540 208 2 52.000000 74.980000 39.959999
540 20 3 0.000000 2.000000 2.000000
540 209 2 43.000000 133.156001 65.520003
540 21 3 0.000000 1.500000 1.500000
540 210 2 33.000000 28.124000 27.360000
540 22 3 35.000000 100.100000 2.000000
540 211 2 23.000000 28.024000 26.280001
540 23 3 22.000000 1.500000 1.500000
720 33 3 12.000000 1.500000 1.500000
720 32 3 0.000000 2.000000 2.000000
720 31 3 55.000000 1.500000 1.500000
720 30 3 0.000000 2.000000 2.000000
720 29 3 48.000000 2.200000 1.500000
720 28 3 0.000000 2.000000 2.000000
720 27 3 47.000000 1.500000 1.500000
720 26 3 11.000000 16.900000 2.000000
720 25 3 0.000000 1.500000 1.500000
720 24 3 0.000000 2.000000 2.000000
720 11 3 0.000000 1.500000 1.500000
720 10 3 11.000000 58.500000 2.000000
720 9 3 0.000000 1.500000 1.500000
720 8 3 28.000000 76.100000 2.000000
720 7 3 0.000000 1.500000 1.500000
720 6 3 53.000000 122.700000 2.000000
720 2 3 7.000000 60.500000 60.000000
720 1 3 90.000000 120.000000 120.000000
720 3 3 11.000000 20.000000 20.000000
720 4 3 47.000000 20.000000 20.000000
720 5 3 115.000000 120.000000 120.000000
720 12 3 0.000000 2.000000 2.000000
720 201 2 53.000000 159.728000 53.639999
720 13 3 0.000000 1.500000 1.500000
720 202 2 51.000000 75.416002 65.520003
720 14 3 0.000000 2.000000 2.000000
720 203 2 48.000000 39.959999 39.959999
720 15 3 0.000000 1.500000 1.500000
720 204 2 28.000000 46.896000 26.280001
720 16 3 0.000000 2.000000 2.000000
720 205 2 17.000000 92.880003 92.880003
720 17 3 0.000000 1.500000 1.500000
720 206 2 3.000000 79.416002 65.520003
720 18 3 0.000000 2.000000 2.000000
720 207 2 52.000000 57.412000 53.639999
720 19 3 0.000000 1.500000 1.500000
720 208 2 11.000000 71.980000 39.959999
720 20 3 0.000000 2.000000 2.000000
720 209 2 29.000000 112.760001 65.520003
720 21 3 0.000000 1.500000 1.500000
720 210 2 47.000000 28.124000 27.360000
720 22 3 51.000000 25.200000 2.000000
720 211 2 12.000000 26.280001 26.280001
720 23 3 4.000000 2.200000 1.500000
