4 3 2 1
0.036000 64.000000 0.122764 0.639113
0.036000 64.000000 0.119164 0.620747
0.036000 64.000000 0.115564 0.602381
0.036000 64.000000 0.111963 0.584015
0.036000 64.000000 0.108723 0.565289
0.036000 64.000000 0.105483 0.546563
0.036000 64.000000 0.101883 0.528197
0.036000 64.000000 0.098283 0.509832
0.036000 64.000000 0.094682 0.491467
0.036000 64.000000 0.091082 0.473102
0.036000 64.000000 0.087482 0.454737
0.036000 64.000000 0.083882 0.436373
0.036000 64.000000 0.080282 0.418009
0.036000 64.000000 0.076682 0.399644
0.036000 64.000000 0.073081 0.381280
0.036000 64.000000 0.069481 0.362917
0.036000 64.000000 0.066241 0.344553
0.036000 64.000000 0.062641 0.326190
0.036000 64.000000 0.059401 0.307826
0.036000 64.000000 0.055801 0.289463
0.036000 64.000000 0.052201 0.407926
0.036000 64.000000 0.049681 0.388482
0.036000 64.000000 0.047161 0.369038
0.036000 64.000000 0.045001 0.349594
0.036000 64.000000 0.042481 0.330150
0.036000 64.000000 0.039960 0.310707
0.036000 64.000000 0.037440 0.291264
0.036000 64.000000 0.036000 0.271821
0.036000 64.000000 0.036000 0.252378
0.036000 64.000000 0.036000 0.232935
0.036000 64.000000 0.140405 0.270740
0.036000 64.000000 0.132845 0.256338
0.036000 64.000000 0.125284 0.241936
0.036000 64.000000 0.117724 0.227534
0.036000 64.000000 0.110163 0.213133
0.036000 64.000000 0.102603 0.198731
0.036000 64.000000 0.095043 0.184329
0.036000 64.000000 0.087482 0.169928
0.036000 64.000000 0.079922 0.155527
0.036000 64.000000 0.072721 0.140766
0.036000 64.000000 0.111963 1.126432
0.036000 64.000000 0.110163 2.106872
0.036000 64.000000 0.109083 3.087125
0.036000 64.000000 0.108363 3.338493
0.036000 64.000000 0.107643 3.317214
0.036000 64.000000 0.106923 3.295935
0.036000 64.000000 0.106563 3.274295
0.036000 64.000000 0.105843 3.253017
0.036000 64.000000 0.105123 3.231739
0.036000 64.000000 0.104403 3.210461
0.036000 64.000000 1.103738 3.189183
0.036000 64.000000 2.098943 3.172593
0.036000 64.000000 3.091452 3.159250
0.036000 64.000000 3.183052 3.148070
0.036000 64.000000 3.171872 3.137252
0.036000 64.000000 3.161053 3.126072
0.036000 64.000000 3.149874 3.115253
0.036000 64.000000 3.138694 3.104435
0.036000 64.000000 3.127515 3.093616
0.036000 64.000000 3.116335 3.082798
0.036000 64.000000 3.105156 3.071979
0.036000 64.000000 3.094337 3.061161
0.036000 64.000000 3.083519 3.050342
0.036000 64.000000 3.072700 3.039164
0.036000 64.000000 3.061882 3.027985
0.036000 64.000000 3.051064 3.017167
0.036000 64.000000 3.039885 3.006349
0.036000 64.105925 3.028706 2.995531
0.036000 64.388007 3.017888 2.984352
0.036000 64.583651 3.006709 2.973534
0.036000 64.844964 2.995531 2.962716
0.036000 65.128641 2.984352 2.951899
0.036000 65.369155 2.973534 2.940720
0.036000 65.632035 2.962356 2.929903
0.036000 65.895442 2.951177 2.919085
0.036000 66.159375 2.939999 2.908268
0.036000 66.423838 2.929181 2.897090
0.036000 66.688830 2.918003 2.886272
0.036000 66.932208 2.907186 2.875455
0.036000 67.176034 2.896008 2.864638
0.036000 67.442538 2.884830 2.853821
0.036000 67.687305 2.874013 2.843003
0.036000 67.932524 2.863195 2.832186
0.036000 68.200553 2.852378 2.821009
0.036000 68.469123 2.841561 2.809831
0.036000 68.738236 2.830384 2.799015
0.036000 69.007894 2.819206 2.788198
0.036000 69.278097 2.808029 2.777381
0.036000 69.548849 2.796851 2.766564
0.036000 69.820150 2.785674 2.755748
0.036000 70.092002 2.774497 2.744931
0.036000 70.364407 2.763319 2.734115
0.036000 70.637366 2.752142 2.723299
0.036000 70.910882 2.741326 2.712122
0.036000 71.184955 2.730149 2.701305
0.036000 71.459588 2.718972 2.690489
0.036000 71.734783 2.707795 2.679673
0.036000 72.010540 2.696618 2.668857
0.036000 72.286862 2.685442 2.658041
0.036000 72.563751 2.674265 2.647225
0.036000 72.841208 2.663449 2.636049
0.036000 73.119235 2.652273 2.625233
0.036000 73.374596 2.641457 2.614417
0.036000 73.653720 2.630641 2.603241
0.036000 73.910090 2.619825 2.592426
0.036000 74.166944 2.608649 2.581610
0.036000 74.447703 2.597833 2.570434
0.036000 74.729042 2.586657 2.559619
0.036000 74.987447 2.575481 2.548803
0.036000 75.293468 2.564305 2.537988
0.036000 75.576559 2.553490 2.526812
0.036000 75.836574 2.542675 2.515637
0.036000 76.120792 2.531499 2.504822
0.036000 76.405602 2.520684 2.493646
0.036000 76.667198 2.509508 2.482831
0.036000 76.929293 2.498693 2.472016
0.036000 77.191889 2.487878 2.461202
0.036000 77.478931 2.476703 2.450387
0.036000 77.742580 2.465888 2.439572
0.036000 78.030773 2.455073 2.428397
0.036000 78.319570 2.444258 2.417222
0.036000 78.584832 2.433083 2.406407
0.036000 78.898981 2.421908 2.395593
0.036000 79.165358 2.410733 2.384779
0.036000 79.432248 2.399919 2.373964
0.036000 79.723988 2.389104 2.362790
0.036000 80.016343 2.377930 2.351976
0.036000 80.309315 2.366755 2.341162
0.036000 80.578415 2.355941 2.330348
0.036000 80.848037 2.344766 2.319534
0.036000 81.142766 2.333592 2.308720
0.036000 81.438119 2.322417 2.297906
0.036000 81.734098 2.311603 2.286732
0.036000 82.005964 2.300429 2.275918
0.036000 82.303148 2.289255 2.265104
0.036000 82.600965 2.278081 2.254291
0.036000 82.899415 2.266907 2.243477
0.036000 83.173554 2.255733 2.232664
0.036000 83.498226 2.244559 2.221850
0.036000 83.773536 2.233745 2.211037
0.036000 84.074489 2.222571 2.200224
0.036000 84.350928 2.211758 2.189411
0.036000 84.653118 2.200945 2.178237
0.036000 84.955955 2.190132 2.167064
0.036000 85.208815 2.179319 2.156251
0.036000 85.538211 2.168145 2.145438
0.036000 85.842950 2.157332 2.134265
0.036000 86.148345 2.146159 2.123452
0.036000 86.454398 2.134985 2.112639
0.036000 86.735528 2.124173 2.101826
0.036000 87.042849 2.112999 2.091014
0.036000 87.350834 2.101826 2.080201
0.036000 87.659487 2.090653 2.069389
0.036000 87.968808 2.079480 2.058576
0.036000 88.252942 2.068668 2.047764
0.036000 88.563551 2.057495 2.036952
0.036000 88.874835 2.046683 2.025779
0.036000 89.186797 2.035510 2.014967
0.036000 89.499439 2.024338 2.004155
0.036000 89.812762 2.013165 1.993343
0.036000 90.126770 2.001993 1.982531
0.036000 90.441464 1.990820 1.971719
0.036000 90.756846 1.979648 1.960908
0.036000 91.046554 1.968476 1.950096
0.036000 91.363263 1.957664 1.938924
0.036000 91.680667 1.946492 1.928112
0.036000 91.998768 1.935320 1.917301
0.036000 92.290976 1.924508 1.906129
0.036000 92.583773 1.913697 1.895317
0.036000 92.877163 1.902885 1.884506
0.036000 93.171145 1.891714 1.873695
0.036000 93.492532 1.880542 1.862883
0.036000 93.814630 1.869370 1.852072
0.036000 94.137441 1.858559 1.840901
0.036000 94.460968 1.847388 1.830090
0.036000 94.731121 1.836576 1.819279
0.036000 95.083068 1.825405 1.808468
0.036000 95.408695 1.814234 1.797657
0.036000 95.707823 1.803423 1.786846
0.036000 96.034841 1.792612 1.775675
0.036000 96.362589 1.781801 1.764504
0.036000 96.691068 1.770630 1.753694
0.036000 97.020282 1.759820 1.742523
0.036000 97.350233 1.749009 1.731352
0.036000 97.680923 1.737839 1.720542
0.036000 98.012355 1.727028 1.709371
0.036000 98.344531 1.715857 1.698561
0.036000 98.677454 1.704687 1.687751
0.036000 99.011126 1.693516 1.676941
0.036000 99.345550 1.682706 1.665770
0.036000 99.680729 1.671536 1.654960
0.036000 99.988641 1.660726 1.644151
0.036000 100.297191 1.649916 1.633341
0.036000 100.634521 1.638746 1.622531
0.036000 100.972615 1.627576 1.611721
0.036000 101.311476 1.616405 1.600912
0.036000 101.651107 1.605235 1.590102
0.036000 101.991509 1.594426 1.578932
0.036000 102.332687 1.583256 1.568123
0.036000 102.646116 1.572447 1.556953
