4 3 2 1
0.003000 5.333333 0.010230 0.053259
0.036000 64.000000 0.099873 0.519226
0.036000 64.000000 0.058321 0.354755
0.036000 64.000000 0.084122 0.245987
0.036000 64.000000 0.100983 2.208112
0.036000 64.000000 2.629341 3.134247
0.036000 64.368362 3.034176 3.000910
0.036000 67.053317 2.901657 2.870047
0.036000 70.231434 2.769029 2.739403
0.036000 73.507595 2.636049 2.608830
0.036000 76.799436 2.504221 2.477544
0.036000 80.156042 2.372313 2.346659
0.036000 83.624843 2.239453 2.216294
0.036000 87.202728 2.107383 2.085608
0.036000 90.899007 1.974303 1.955292
0.036000 94.606835 1.842042 1.824715
0.036000 98.508340 1.710273 1.693246
