4 3 2 1
0.000000 0.000000 3.410000 17.750000
0.000000 0.610000 3.310000 17.240000
0.000000 1.220000 3.210000 16.730000
0.000000 1.830000 3.110000 16.220000
0.000000 2.440000 3.020000 15.700000
0.000000 3.050000 2.930000 15.180000
0.000000 3.660000 2.830000 14.670000
0.000000 4.270000 2.730000 14.160000
0.000000 4.880000 2.630000 13.650000
0.000000 5.490000 2.530000 13.140000
0.000000 6.100000 2.430000 12.630000
0.000000 6.710000 2.330000 12.120000
0.000000 7.320000 2.230000 11.610000
0.000000 7.930000 2.130000 11.100000
0.000000 8.540000 2.030000 10.590000
0.000000 9.150000 1.930000 10.080000
0.000000 9.750000 1.840000 9.570000
0.000000 10.360000 1.740000 9.060000
0.000000 10.960000 1.650000 8.550000
0.000000 11.570000 1.550000 8.040000
0.000000 12.180000 1.450000 11.330000
0.000000 12.790000 1.380000 10.790000
0.000000 13.400000 1.310000 10.250000
0.000000 14.000000 1.250000 9.710000
0.000000 14.610000 1.180000 9.170000
0.000000 15.220000 1.110000 8.630000
0.000000 15.830000 1.040000 8.090000
0.000000 16.440000 0.970000 7.550000
0.000000 17.050000 0.900000 7.010000
0.000000 17.660000 0.830000 6.470000
0.000000 18.260000 3.900000 7.520000
0.000000 18.870000 3.690000 7.120000
0.000000 19.480000 3.480000 6.720000
0.000000 20.090000 3.270000 6.320000
0.000000 20.700000 3.060000 5.920000
0.000000 21.310000 2.850000 5.520000
0.000000 21.920000 2.640000 5.120000
0.000000 22.530000 2.430000 4.720000
0.000000 23.140000 2.220000 4.320000
0.000000 23.750000 2.020000 3.910000
0.000000 24.360000 3.110000 31.280000
0.000000 24.970000 3.060000 58.490000
0.000000 25.580000 3.030000 85.680000
0.000000 26.190000 3.010000 92.650000
0.000000 26.800000 2.990000 92.060000
0.000000 27.410000 2.970000 91.470000
0.000000 28.020000 2.960000 90.870000
0.000000 28.630000 2.940000 90.280000
0.000000 29.240000 2.920000 89.690000
0.000000 29.850000 2.900000 89.100000
0.000000 30.460000 30.650000 88.510000
0.000000 31.070000 58.270000 88.050000
0.000000 31.680000 85.800000 87.680000
0.000000 32.290000 88.340000 87.370000
0.000000 32.900000 88.030000 87.070000
0.000000 33.510000 87.730000 86.760000
0.000000 34.120000 87.420000 86.460000
0.000000 34.730000 87.110000 86.160000
0.000000 35.340000 86.800000 85.860000
0.000000 35.950000 86.490000 85.560000
0.000000 36.560000 86.180000 85.260000
0.000000 37.160000 85.880000 84.960000
0.000000 37.760000 85.580000 84.660000
0.000000 38.370000 85.280000 84.350000
0.000000 38.980000 84.980000 84.040000
0.610000 38.970000 84.680000 83.740000
0.610000 38.970000 84.370000 83.440000
0.420000 39.160000 84.060000 83.140000
0.480000 39.290000 83.760000 82.830000
0.520000 39.380000 83.450000 82.530000
0.490000 39.500000 83.140000 82.230000
0.480000 39.630000 82.830000 81.930000
0.500000 39.740000 82.530000 81.620000
0.490000 39.860000 82.220000 81.320000
0.490000 39.980000 81.910000 81.020000
0.490000 40.100000 81.600000 80.720000
0.490000 40.220000 81.300000 80.410000
0.490000 40.340000 80.990000 80.110000
0.490000 40.450000 80.690000 79.810000
0.500000 40.560000 80.380000 79.510000
0.490000 40.680000 80.070000 79.210000
0.490000 40.790000 79.770000 78.910000
0.490000 40.900000 79.470000 78.610000
0.490000 41.020000 79.170000 78.300000
0.490000 41.140000 78.870000 77.990000
0.490000 41.260000 78.560000 77.690000
0.490000 41.380000 78.250000 77.390000
0.490000 41.500000 77.940000 77.090000
0.490000 41.620000 77.630000 76.790000
0.490000 41.740000 77.320000 76.490000
0.490000 41.860000 77.010000 76.190000
0.490000 41.980000 76.700000 75.890000
0.490000 42.100000 76.390000 75.590000
0.490000 42.220000 76.090000 75.280000
0.490000 42.340000 75.780000 74.980000
0.490000 42.460000 75.470000 74.680000
0.490000 42.580000 75.160000 74.380000
0.490000 42.700000 74.850000 74.080000
0.490000 42.820000 74.540000 73.780000
0.490000 42.940000 74.230000 73.480000
0.490000 43.060000 73.930000 73.170000
0.490000 43.180000 73.620000 72.870000
0.490000 43.290000 73.320000 72.570000
0.490000 43.410000 73.020000 72.260000
0.490000 43.520000 72.720000 71.960000
0.500000 43.630000 72.410000 71.660000
0.490000 43.750000 72.110000 71.350000
0.490000 43.870000 71.800000 71.050000
0.500000 43.980000 71.490000 70.750000
0.480000 44.110000 71.180000 70.450000
0.490000 44.230000 70.880000 70.140000
0.500000 44.340000 70.580000 69.830000
0.490000 44.460000 70.270000 69.530000
0.490000 44.580000 69.970000 69.220000
0.500000 44.690000 69.660000 68.920000
0.490000 44.800000 69.360000 68.620000
0.490000 44.910000 69.060000 68.320000
0.490000 45.030000 68.750000 68.020000
0.490000 45.140000 68.450000 67.720000
0.490000 45.260000 68.150000 67.410000
0.490000 45.380000 67.850000 67.100000
0.500000 45.490000 67.540000 66.800000
0.480000 45.620000 67.230000 66.500000
0.500000 45.730000 66.920000 66.200000
0.490000 45.840000 66.620000 65.900000
0.490000 45.960000 66.320000 65.590000
0.490000 46.080000 66.010000 65.290000
0.490000 46.200000 65.700000 64.990000
0.490000 46.310000 65.400000 64.690000
0.500000 46.420000 65.090000 64.390000
0.490000 46.540000 64.780000 64.090000
0.490000 46.660000 64.470000 63.790000
0.490000 46.780000 64.170000 63.480000
0.500000 46.890000 63.860000 63.180000
0.490000 47.010000 63.550000 62.880000
0.490000 47.130000 63.240000 62.580000
0.490000 47.250000 62.930000 62.280000
0.500000 47.360000 62.620000 61.980000
0.480000 47.490000 62.310000 61.680000
0.490000 47.600000 62.010000 61.380000
0.490000 47.720000 61.700000 61.080000
0.490000 47.830000 61.400000 60.780000
0.490000 47.950000 61.100000 60.470000
0.490000 48.070000 60.800000 60.160000
0.500000 48.170000 60.500000 59.860000
0.480000 48.300000 60.190000 59.560000
0.490000 48.420000 59.890000 59.250000
0.490000 48.540000 59.580000 58.950000
0.490000 48.660000 59.270000 58.650000
0.490000 48.770000 58.970000 58.350000
0.490000 48.890000 58.660000 58.050000
0.490000 49.010000 58.350000 57.750000
0.490000 49.130000 58.040000 57.450000
0.490000 49.250000 57.730000 57.150000
0.490000 49.360000 57.430000 56.850000
0.490000 49.480000 57.120000 56.550000
0.490000 49.600000 56.820000 56.240000
0.490000 49.720000 56.510000 55.940000
0.490000 49.840000 56.200000 55.640000
0.490000 49.960000 55.890000 55.340000
0.490000 50.080000 55.580000 55.040000
0.490000 50.200000 55.270000 54.740000
0.490000 50.320000 54.960000 54.440000
0.500000 50.430000 54.650000 54.140000
0.490000 50.550000 54.350000 53.830000
0.490000 50.670000 54.040000 53.530000
0.490000 50.790000 53.730000 53.230000
0.500000 50.900000 53.430000 52.920000
0.490000 51.010000 53.130000 52.620000
0.490000 51.120000 52.830000 52.320000
0.500000 51.230000 52.520000 52.020000
0.490000 51.350000 52.210000 51.720000
0.490000 51.470000 51.900000 51.420000
0.490000 51.590000 51.600000 51.110000
0.490000 51.710000 51.290000 50.810000
0.500000 51.810000 50.990000 50.510000
0.480000 51.940000 50.680000 50.210000
0.490000 52.060000 50.370000 49.910000
0.490000 52.170000 50.070000 49.610000
0.490000 52.290000 49.770000 49.300000
0.490000 52.410000 49.470000 48.990000
0.490000 52.530000 49.160000 48.690000
0.490000 52.650000 48.860000 48.380000
0.490000 52.770000 48.560000 48.070000
0.490000 52.890000 48.250000 47.770000
0.490000 53.010000 47.950000 47.460000
0.490000 53.130000 47.640000 47.160000
0.490000 53.250000 47.330000 46.860000
0.490000 53.370000 47.020000 46.560000
0.490000 53.490000 46.720000 46.250000
0.490000 53.610000 46.410000 45.950000
0.490000 53.720000 46.110000 45.650000
0.490000 53.830000 45.810000 45.350000
0.490000 53.950000 45.500000 45.050000
0.490000 54.070000 45.190000 44.750000
0.490000 54.190000 44.880000 44.450000
0.490000 54.310000 44.570000 44.150000
0.490000 54.430000 44.270000 43.840000
0.490000 54.550000 43.960000 43.540000
0.500000 54.660000 43.660000 43.230000
