4 3 2 1
0.000000 0.000000 0.284167 1.479167
0.000000 3.965000 2.774167 14.420833
0.000000 11.270000 1.620000 9.853333
0.000000 18.569167 2.311667 6.832500
0.000000 25.885000 2.805000 61.285000
0.000000 33.205000 72.976667 86.986667
0.342500 38.909167 84.211667 83.289167
0.490833 40.503333 80.536667 79.660000
0.490000 41.920000 76.858333 76.036667
0.491667 43.345833 73.170000 72.415000
0.490833 44.744167 69.513333 68.773333
0.491667 46.135833 65.854167 65.142500
0.491667 47.539167 62.168333 61.525833
0.489167 48.950833 58.504167 57.900000
0.491667 50.372500 54.811667 54.284167
0.490833 51.762500 51.141667 50.660833
0.490000 53.187500 47.485000 47.012500
