0.000000 383019.133333
0.009339 378155.053333
0.009813 377845.941840
0.009770 378065.374305
0.009492 377227.311770
0.009888 377260.446394
0.009421 376206.497433
0.009365 376072.560385
0.009492 375725.957647
0.009292 374960.833497
0.009135 375327.671954
0.009154 374500.824044
0.008585 373639.190232
0.008514 372631.368877
0.008570 372414.732427
0.008579 372100.906535
0.008235 371151.982666
0.007679 370582.261238
0.007406 369434.697152
0.007086 369434.949664
0.006098 368742.643879
0.005992 368089.371687
0.004918 367063.668954
0.004631 366825.724902
0.004187 366915.472976
0.003816 366201.448751
0.003426 365452.608587
0.003096 365580.608308
0.002871 366412.891485
0.002612 366099.483374
0.002361 366055.687297
0.002178 366060.881153
0.001957 365876.638697
0.001931 366521.220397
0.001643 365877.401139
0.001583 365622.944639
0.001404 365521.902971
0.001254 365851.736650
0.001281 365757.760352
0.001153 365824.087659
0.001080 366071.016075
0.001109 366891.029277
0.000965 366372.569844
0.000840 365796.964602
0.000706 365727.167726
0.000642 365918.445805
0.000632 365873.885116
0.000647 365622.680164
0.000536 365378.069650
0.000467 365616.124568
0.000460 364862.351022
0.000500 366058.964891
0.000483 365535.170900
0.000429 365540.325610
0.000335 365221.768796
0.000369 365041.908446
0.000283 364776.556761
0.000270 364736.496947
0.000269 365190.571221
0.000212 365166.633674
0.000289 364601.252263
0.000255 365421.644261
0.000176 364896.045938
0.000179 364285.281848
0.000374 365214.244143
0.000196 365148.444133
0.000150 365125.136585
0.000132 365060.316707
0.000156 364823.632094
0.000169 365024.052046
0.000105 364606.485591
0.000149 364781.649574
0.000124 364787.911669
0.000180 365117.452858
0.000111 364384.238253
0.000113 364896.161750
0.000069 364699.096454
0.000066 364504.302677
0.000077 364594.644741
0.000113 364623.125816
0.000086 364661.987846
0.000064 364436.192715
0.000056 364134.820581
0.000039 364504.232571
0.000053 364523.229261
0.000035 364237.746460
0.000102 364501.425224
0.000069 364478.888004
0.000085 364968.435907
0.000067 364638.095055
0.000054 364434.679018
0.000017 364334.922332
0.000020 364504.879784
0.000059 364671.800371
0.000044 364512.457768
0.000048 364375.179777
0.000022 364190.805294
0.000032 364673.873188
0.000030 364763.629300
0.000062 364525.674219
