1.583333 1.583333 1.583333 1.583333 1.583333 1.583333 1.583333 1.611111 1.611111 1.611111 1.611111 1.611111 1.611111 1.611111 1.611111 1.638889 1.638889 1.638889 1.638889 1.638889 1.638889 1.638889 1.638889 1.666667 1.666667 1.666667 1.666667 1.694444 1.694444 1.722222 1.722222 1.750000 1.750000 1.805556 1.805556 1.805556 1.805556 1.833333 1.833333 1.861111 1.888889 1.916667 1.944444 2.000000 2.027778 2.055556 2.111111 2.138889 2.194444 2.222222 2.277778 2.277778 2.305556 2.361111 2.444444 2.527778 2.611111 2.694444 2.666667 2.638889
2.777778 2.750000 2.750000 2.750000 2.750000 2.750000 2.750000 2.777778 2.777778 2.777778 2.777778 2.777778 2.777778 2.777778 2.777778 2.805556 2.805556 2.805556 2.805556 2.805556 2.805556 2.805556 2.805556 2.833333 2.833333 2.833333 2.833333 2.861111 2.861111 2.888889 2.888889 2.916667 2.916667 3.000000 3.000000 3.027778 3.027778 3.083333 3.111111 3.166667 3.194444 3.250000 3.305556 3.388889 3.472222 3.500000 3.583333 3.611111 3.694444 3.750000 3.861111 3.888889 3.888889 3.888889 3.944444 4.000000 4.027778 4.083333 4.000000 3.916667
2.944444 2.944444 2.944444 2.944444 2.944444 2.944444 2.944444 2.972222 2.972222 2.972222 2.972222 2.972222 2.972222 2.972222 2.972222 3.000000 3.000000 3.000000 3.000000 3.000000 3.000000 3.000000 3.000000 3.027778 3.027778 3.027778 3.027778 3.055556 3.055556 3.083333 3.083333 3.111111 3.111111 3.194444 3.194444 3.222222 3.222222 3.277778 3.305556 3.361111 3.388889 3.444444 3.500000 3.583333 3.666667 3.694444 3.777778 3.805556 3.888889 3.944444 4.055556 4.083333 4.083333 4.083333 4.138889 4.194444 4.222222 4.277778 4.194444 4.111111
1.333333 1.333333 1.333333 1.333333 1.361111 1.361111 1.361111 1.361111 1.361111 1.361111 1.361111 1.388889 1.388889 1.388889 1.388889 1.388889 1.388889 1.388889 1.416667 1.416667 1.472222 1.444444 1.500000 1.500000 1.500000 1.472222 1.500000 1.527778 1.527778 1.527778 1.555556 1.555556 1.583333 1.583333 1.611111 1.611111 1.611111 1.611111 1.638889 1.638889 1.666667 1.694444 1.722222 1.777778 1.805556 1.833333 1.888889 1.916667 1.944444 2.000000 2.055556 2.000000 1.972222 1.972222 2.027778 2.055556 2.083333 2.166667 2.250000 2.305556
1.500000 1.500000 1.500000 1.500000 1.500000 1.500000 1.500000 1.500000 1.527778 1.527778 1.527778 1.527778 1.527778 1.527778 1.527778 1.527778 1.527778 1.527778 1.555556 1.555556 1.555556 1.555556 1.555556 1.555556 1.555556 1.555556 1.583333 1.583333 1.583333 1.583333 1.583333 1.583333 1.583333 1.583333 1.555556 1.555556 1.555556 1.555556 1.555556 1.555556 1.555556 1.555556 1.583333 1.583333 1.583333 1.583333 1.583333 1.583333 1.583333 1.583333 1.583333 1.555556 1.555556 1.555556 1.583333 1.583333 1.583333 1.611111 1.611111 1.583333
2.500000 2.500000 2.500000 2.527778 2.527778 2.527778 2.527778 2.527778 2.527778 2.527778 2.555556 2.555556 2.555556 2.555556 2.555556 2.555556 2.555556 2.555556 2.583333 2.583333 2.638889 2.611111 2.666667 2.666667 2.666667 2.638889 2.666667 2.694444 2.694444 2.694444 2.722222 2.722222 2.750000 2.750000 2.777778 2.805556 2.833333 2.833333 2.888889 2.888889 2.944444 3.000000 3.055556 3.138889 3.194444 3.250000 3.333333 3.361111 3.388889 3.500000 3.611111 3.555556 3.583333 3.555556 3.555556 3.555556 3.583333 3.583333 3.638889 3.638889
3.500000 3.500000 3.500000 3.500000 3.500000 3.500000 3.500000 3.500000 3.527778 3.527778 3.527778 3.527778 3.527778 3.527778 3.527778 3.527778 3.527778 3.527778 3.555556 3.555556 3.555556 3.555556 3.555556 3.555556 3.555556 3.555556 3.583333 3.583333 3.583333 3.583333 3.583333 3.583333 3.583333 3.583333 3.555556 3.555556 3.555556 3.555556 3.555556 3.555556 3.555556 3.555556 3.583333 3.583333 3.583333 3.583333 3.583333 3.583333 3.583333 3.583333 3.583333 3.555556 3.555556 3.555556 3.583333 3.583333 3.583333 3.611111 3.611111 3.583333
2.694444 2.694444 2.694444 2.722222 2.722222 2.722222 2.722222 2.722222 2.722222 2.722222 2.750000 2.750000 2.750000 2.750000 2.750000 2.750000 2.750000 2.750000 2.777778 2.777778 2.833333 2.805556 2.861111 2.861111 2.861111 2.833333 2.861111 2.888889 2.888889 2.888889 2.916667 2.916667 2.944444 2.944444 2.972222 3.000000 3.027778 3.027778 3.083333 3.083333 3.138889 3.194444 3.250000 3.333333 3.388889 3.444444 3.527778 3.555556 3.583333 3.694444 3.805556 3.750000 3.777778 3.750000 3.750000 3.750000 3.777778 3.777778 3.833333 3.833333
3.805556 3.805556 3.805556 3.805556 3.805556 3.805556 3.805556 3.805556 3.833333 3.833333 3.833333 3.833333 3.833333 3.833333 3.833333 3.833333 3.833333 3.833333 3.861111 3.861111 3.861111 3.861111 3.861111 3.861111 3.861111 3.861111 3.888889 3.888889 3.888889 3.888889 3.888889 3.916667 3.916667 3.944444 3.972222 4.000000 4.027778 3.972222 4.027778 4.083333 4.055556 4.083333 4.111111 4.138889 4.166667 4.194444 4.250000 4.277778 4.277778 4.277778 4.277778 4.472222 4.138889 4.138889 4.166667 4.194444 4.138889 4.138889 4.083333 4.000000
0.750000 0.750000 0.750000 0.750000 0.750000 0.750000 0.750000 0.750000 0.750000 0.750000 0.750000 0.750000 0.750000 0.750000 0.750000 0.750000 0.750000 0.777778 0.777778 0.777778 0.777778 0.777778 0.777778 0.777778 0.777778 0.777778 0.777778 0.777778 0.777778 0.777778 0.777778 0.777778 0.777778 0.777778 0.777778 0.777778 0.777778 0.777778 0.777778 0.777778 0.777778 0.777778 0.777778 0.777778 0.777778 0.805556 0.805556 0.805556 0.805556 0.805556 0.805556 0.805556 0.805556 0.805556 0.805556 0.805556 0.805556 0.805556 0.805556 0.861111
1.055556 1.055556 1.055556 1.055556 1.055556 1.055556 1.055556 1.055556 1.055556 1.055556 1.055556 1.055556 1.055556 1.055556 1.055556 1.083333 1.055556 1.083333 1.083333 1.083333 1.083333 1.083333 1.083333 1.083333 1.083333 1.083333 1.083333 1.083333 1.111111 1.111111 1.111111 1.111111 1.111111 1.138889 1.138889 1.138889 1.166667 1.166667 1.166667 1.222222 1.222222 1.277778 1.305556 1.333333 1.361111 1.305556 1.361111 1.416667 1.388889 1.361111 1.361111 1.416667 1.500000 1.527778 1.583333 1.611111 1.611111 1.611111 1.611111 1.805556
