3.716667 3.816667 3.916667 4.016667 4.116667 4.216667 4.316667 4.416667 4.516667 4.616667 4.716667 4.816667 4.916667 5.016667 5.116667 5.216667 5.316667 5.416667 5.516667 5.616667 5.716667 5.816667 5.916667 6.016667 6.116667 6.216667 6.316667 6.416667 6.516667 6.616667 6.716667 6.816667 6.916667 7.016667 7.116667 7.216667 7.316667 7.416667 7.516667 7.616667 7.716667 7.816667 7.916667 8.016667 8.116667 8.216667 8.316667 8.416667 8.516667 8.616667 8.716667 8.816667 8.916667 9.016667 9.116667 9.216667 9.316667 9.416667 9.516667 9.616667
7.050000 7.150000 7.250000 7.350000 7.450000 7.550000 7.650000 7.750000 7.850000 7.950000 8.050000 8.150000 8.250000 8.350000 8.450000 8.550000 8.650000 8.750000 8.850000 8.950000 9.050000 9.150000 9.250000 9.350000 9.450000 9.550000 9.650000 9.750000 9.850000 9.950000 10.050000 10.150000 10.250000 10.350000 10.450000 10.550000 10.650000 10.750000 10.850000 10.950000 11.050000 11.150000 11.250000 11.350000 11.450000 11.550000 11.650000 11.750000 11.850000 11.950000 12.050000 12.150000 12.250000 12.350000 12.450000 12.550000 12.650000 12.750000 12.850000 12.950000
13.716667 13.816667 13.916667 14.016667 14.116667 14.216667 14.316667 14.416667 14.516667 14.616667 14.716667 14.816667 14.916667 15.016667 15.116667 15.216667 15.316667 15.416667 15.516667 15.616667 15.716667 15.816667 15.916667 16.016667 16.116667 16.216667 16.316667 16.416667 16.516667 16.616667 16.716667 16.816667 16.916667 17.016667 17.116667 17.216667 17.316667 17.416667 17.516667 17.616667 17.716667 17.816667 17.916667 18.016667 18.116667 18.216667 18.316667 18.416667 18.516667 18.616667 18.716667 18.816667 18.916667 19.016667 19.116667 19.216667 19.316667 19.416667 19.516667 19.616667
0.383333 0.483333 0.583333 0.683333 0.783333 0.883333 0.983333 1.083333 1.183333 1.283333 1.383333 1.483333 1.583333 1.683333 1.783333 1.883333 1.983333 2.083333 2.183333 2.283333 2.383333 2.483333 2.583333 2.683333 2.783333 2.883333 2.983333 3.083333 3.183333 3.283333 3.383333 3.483333 3.583333 3.339634 0.007594 0.021200 0.005270 0.004206 0.004309 0.004412 0.004515 0.004618 0.004721 0.004824 0.004927 0.005030 0.005133 0.005236 0.005339 0.005442 0.005545 0.005648 0.005751 0.005854 0.005958 0.006061 0.006164 0.006267 0.006370 0.006473
0.000000 0.000000 0.000000 0.000000 0.000000 0.000000 0.000000 0.000000 0.000000 0.000000 0.000000 0.000000 0.000000 0.000000 0.000000 0.000000 0.000000 0.000000 0.000000 0.000000 0.000000 0.000000 0.000000 0.000000 0.000000 0.000000 0.000000 0.000000 0.000000 0.000000 0.000000 0.000000 0.000000 0.343699 3.775740 3.862133 3.978064 4.079127 4.179024 4.278921 4.378818 4.478715 4.578612 4.678509 4.778406 4.878303 4.978200 5.078097 5.177994 5.277891 5.377788 5.477685 5.577582 5.677479 5.777376 5.877273 5.977170 6.077067 6.176964 6.276861
3.716667 3.816667 3.916667 4.016667 4.116667 4.216667 4.316667 4.416667 4.516667 4.616667 4.716667 4.816667 4.916667 5.016667 5.116667 5.216667 5.316667 5.416667 5.516667 5.616667 5.716667 5.816667 5.916667 6.016667 6.116667 6.216667 6.316667 6.416667 6.516667 6.616667 6.716667 6.816667 6.916667 7.016667 7.116667 7.216667 7.316667 7.416667 7.516667 7.616667 7.716667 7.816667 7.916667 8.016667 8.116667 8.216667 8.316667 8.416019 8.514533 8.611823 8.236063 1.272247 0.051901 1.405335 8.787495 7.262577 5.342616 9.301659 9.290196 0.117794
0.000000 0.000000 0.000000 0.000000 0.000000 0.000000 0.000000 0.000000 0.000000 0.000000 0.000000 0.000000 0.000000 0.000000 0.000000 0.000000 0.000000 0.000000 0.000000 0.000000 0.000000 0.000000 0.000000 0.000000 0.000000 0.000000 0.000000 0.000000 0.000000 0.000000 0.000000 0.000000 0.000000 0.000000 0.000000 0.000000 0.000000 0.000000 0.000000 0.000000 0.000000 0.000000 0.000000 0.000000 0.000000 0.000000 0.000000 0.000648 0.002134 0.004843 0.480603 7.544420 8.864765 7.611332 0.329172 1.954090 3.974051 0.115007 0.226470 9.498873
7.050000 7.150000 7.250000 7.350000 7.450000 7.550000 7.650000 7.750000 7.850000 7.950000 8.050000 8.150000 8.250000 8.350000 8.450000 8.550000 8.650000 8.750000 8.850000 8.950000 9.050000 9.150000 9.250000 9.350000 9.450000 9.550000 9.650000 9.750000 9.850000 9.950000 10.050000 10.150000 10.250000 10.350000 10.450000 10.550000 10.650000 10.750000 10.850000 10.950000 11.050000 11.150000 11.250000 11.350000 11.450000 11.550000 11.650000 11.750000 11.849683 11.948920 12.048509 12.148106 12.246084 12.345709 12.444480 12.544472 12.643458 12.744383 12.845084 12.937762
0.000000 0.000000 0.000000 0.000000 0.000000 0.000000 0.000000 0.000000 0.000000 0.000000 0.000000 0.000000 0.000000 0.000000 0.000000 0.000000 0.000000 0.000000 0.000000 0.000000 0.000000 0.000000 0.000000 0.000000 0.000000 0.000000 0.000000 0.000000 0.000000 0.000000 0.000000 0.000000 0.000000 0.000000 0.000000 0.000000 0.000000 0.000000 0.000000 0.000000 0.000000 0.000000 0.000000 0.000000 0.000000 0.000000 0.000000 0.000000 0.000317 0.001080 0.001491 0.001894 0.003916 0.004291 0.005520 0.005528 0.006542 0.005617 0.004916 0.012238
0.383333 0.483333 0.583333 0.683333 0.783333 0.883333 0.983333 1.083333 1.183333 1.283333 1.383333 1.483333 1.583333 1.683333 1.783333 1.883333 1.983333 2.083333 2.183333 2.283333 2.383333 2.483333 2.583333 2.683333 2.783333 2.883333 2.983333 3.083333 3.183333 3.283333 3.383333 3.483333 3.583333 3.683333 3.783333 3.883333 3.983333 4.083333 4.183333 4.283333 4.383333 4.483333 4.583333 4.683333 4.783333 4.883333 4.983333 5.083333 5.183333 5.283333 5.383333 5.483333 5.583333 5.683333 5.783333 5.883333 5.983333 6.083333 6.183333 6.283333
3.716667 3.816667 3.916667 4.016667 4.116667 4.216667 4.316667 4.416667 4.516667 4.616667 4.716667 4.816667 4.916667 5.016667 5.116667 5.216667 5.316667 5.416667 5.516667 5.616667 5.716667 5.816667 5.916667 6.016667 6.116667 6.216667 6.316667 6.416667 6.516667 6.616667 6.716667 6.816667 6.916667 7.016667 7.116667 7.216667 7.316667 7.416667 7.516667 7.616667 7.716667 7.816667 7.916667 8.016667 8.116667 8.216667 8.316667 8.416667 8.516667 8.616667 8.716667 8.816667 8.916667 9.016667 9.116667 9.216667 9.316667 9.416667 9.516667 9.616667
