33 32 31 30 29 28 27 26 25 24 211 23 10 9 8 7 6 5 1 2 3 4 11 12 201 13 202 14 203 15 204 16 205 17 206 18 207 19 208 20 209 21 210 22
1.500000 2.000000 1.500000 2.000000 1.500000 2.000000 1.500000 2.000000 1.500000 2.000000 26.280001 1.500000 2.000000 1.500000 2.000000 1.500000 2.000000 120.000000 120.000000 60.000000 20.000000 20.000000 1.500000 2.000000 53.639999 1.500000 65.520003 2.000000 39.959999 1.500000 26.280001 2.000000 92.880003 1.500000 65.520003 2.000000 53.639999 1.500000 39.959999 2.000000 65.520003 1.500000 27.360000 2.000000
1.500000 2.000000 1.500000 2.000000 1.500000 2.000000 1.500000 2.000000 1.500000 2.000000 26.280001 1.500000 2.000000 1.500000 2.000000 1.500000 2.000000 120.000000 120.000000 60.000000 20.000000 20.000000 1.500000 2.000000 53.639999 1.500000 65.520003 2.000000 39.959999 1.500000 26.280001 2.000000 92.880003 1.500000 65.520003 2.000000 53.639999 1.500000 39.959999 2.000000 65.520003 1.500000 27.360000 2.000000
1.500000 2.000000 1.500000 2.000000 1.500000 2.000000 1.500000 2.000000 1.500000 2.000000 26.280001 1.500000 2.000000 1.500000 2.000000 1.500000 2.000000 120.000000 120.000000 60.000000 20.000000 20.000000 1.500000 2.000000 53.639999 1.500000 65.520003 2.000000 39.959999 1.500000 26.280001 2.000000 92.880003 1.500000 65.520003 2.000000 53.639999 1.500000 39.959999 2.000000 65.520003 1.500000 27.360000 2.000000
1.500000 2.000000 1.500000 2.000000 1.500000 2.000000 1.500000 2.000000 1.500000 2.000000 26.280001 1.500000 2.000000 1.500000 2.000000 1.500000 2.000000 120.000000 120.000000 60.000000 20.000000 20.000000 1.500000 2.000000 63.280129 1.500000 66.237166 2.000000 39.959999 1.500000 30.841179 2.000000 95.913203 1.500000 65.520003 2.000000 53.639999 1.500000 39.959999 2.000000 65.520003 1.500000 27.360000 2.000000
1.500000 2.000000 1.500000 2.000000 1.500000 2.000000 1.500000 2.000000 1.500000 2.000000 26.280001 1.500000 2.000000 1.500000 2.000000 1.500000 2.000000 120.000000 120.000000 60.000000 20.000000 20.000000 1.500000 2.000000 62.749500 1.500000 66.920045 2.000000 39.959999 1.500000 30.600731 2.000000 96.334468 1.500000 65.520003 2.000000 53.639999 1.500000 39.959999 2.000000 65.520003 1.500000 27.360000 2.000000
1.500000 2.000000 1.500000 2.000000 1.500000 2.000000 1.500000 2.000000 1.500000 2.000000 26.280001 1.500000 2.000000 1.500000 2.000000 1.500000 2.000000 120.000000 120.000000 60.000000 20.000000 20.000000 1.500000 2.000000 53.639999 1.500000 65.520003 2.000000 41.199639 1.500000 26.280001 2.000000 92.880003 1.500000 65.520003 2.000000 53.639999 1.500000 39.959999 2.000000 65.520003 1.500000 27.360000 2.000000
1.500000 2.000000 1.500000 2.000000 1.500000 2.000000 1.500000 2.000000 1.500000 2.000000 26.280001 1.500000 2.000000 1.500000 2.000000 1.500000 2.000000 120.000000 120.000000 60.000000 20.000000 20.000000 1.500000 2.000000 53.639999 1.500000 65.520003 2.000000 44.170610 1.500000 26.280001 2.000000 92.880003 1.500000 65.520003 2.000000 53.639999 1.500000 39.959999 2.000000 65.520003 1.500000 27.360000 2.000000
1.500000 2.000000 1.500000 2.000000 1.500000 2.000000 1.500000 2.000000 1.500000 2.000000 26.280001 1.500000 2.000000 1.500000 2.000000 1.500000 2.000000 120.000000 120.000000 60.000000 20.000000 20.000000 1.500000 2.000000 53.639999 1.500000 65.520003 2.000000 39.959999 1.500000 26.280001 2.000000 92.880003 1.500000 65.520003 2.000000 53.639999 1.500000 39.959999 2.000000 65.520003 1.500000 27.360000 2.000000
1.500000 2.000000 1.500000 2.000000 1.500000 2.000000 1.500000 2.000000 1.500000 2.000000 26.280001 1.500000 2.000000 1.500000 2.000000 1.500000 2.000000 120.000000 120.000000 60.000000 20.000000 20.000000 1.500000 2.000000 53.639999 1.500000 65.520003 2.000000 39.959999 1.500000 26.280001 2.000000 92.880003 1.500000 65.520003 2.000000 53.639999 1.500000 39.959999 2.000000 65.520003 1.500000 27.360000 2.000000
1.500000 2.000000 1.500000 2.000000 1.500000 2.000000 1.500000 2.000000 1.500000 2.000000 26.280001 1.500000 2.000000 1.500000 2.000000 1.500000 2.000000 120.000000 120.000000 60.000000 20.000000 20.000000 1.500000 2.000000 53.639999 1.500000 65.520003 2.000000 39.959999 1.500000 26.280001 2.000000 92.880003 1.500000 65.520003 2.000000 53.639999 1.500000 43.735264 2.000000 65.520003 1.500000 27.360000 2.000000
1.500000 2.000000 1.500000 2.000000 1.500000 2.000000 1.500000 2.000000 1.500000 2.000000 26.280001 1.500000 2.000000 1.500000 2.000000 1.500000 2.000000 120.000000 120.000000 60.000000 20.000000 20.000000 1.500000 2.000000 53.639999 1.500000 65.520003 2.000000 39.959999 1.500000 26.280001 2.000000 92.880003 1.500000 65.520003 2.000000 53.639999 1.500000 41.344483 2.000000 65.540489 1.500000 27.360000 2.000000
1.500000 2.000000 1.500000 2.000000 1.500000 2.000000 1.500000 2.000000 1.500000 2.000000 26.280001 1.500000 2.000000 1.500000 2.000000 1.500000 2.000000 120.000000 120.000000 60.000000 20.000000 20.000000 1.500000 2.000000 53.639999 1.500000 65.520003 2.000000 39.959999 1.500000 26.280001 2.000000 92.880003 1.500000 65.520003 2.000000 53.639999 1.500000 39.959999 2.000000 65.520003 1.500000 27.360000 2.000000
1.500000 2.000000 1.500000 2.000000 1.500000 2.000000 1.500000 2.000000 1.500000 2.000000 26.280001 1.500000 2.000000 1.500000 2.000000 1.500000 2.000000 120.000000 120.000000 60.000000 20.000000 20.000000 1.500000 2.000000 53.639999 1.500000 65.520003 2.000000 39.959999 1.500000 26.280001 2.000000 92.880003 1.500000 65.520003 2.000000 53.639999 1.500000 39.959999 2.000000 65.520003 1.500000 27.360000 2.000000
1.500000 2.000000 1.500000 2.000000 1.500000 2.000000 1.500000 2.000000 1.500000 2.000000 26.280001 1.500000 2.000000 1.500000 2.000000 1.500000 2.000000 120.000000 120.000000 60.000000 20.000000 20.000000 1.500000 2.000000 53.639999 1.500000 65.520003 2.000000 39.959999 1.500000 26.280001 2.000000 92.880003 1.500000 65.520003 2.000000 53.639999 1.500000 39.959999 2.000000 65.520003 1.500000 27.360000 2.000000
1.500000 2.000000 1.500000 2.000000 1.500000 2.000000 1.500000 2.000000 1.500000 2.000000 26.280001 1.500000 2.000000 1.500000 2.000000 1.500000 2.000000 120.000000 120.000000 60.000000 20.000000 20.000000 1.500000 2.000000 53.639999 1.500000 65.520003 2.000000 39.959999 1.500000 26.280001 2.000000 92.880003 1.500000 65.520003 2.000000 53.639999 1.500000 39.959999 2.000000 65.520003 1.500000 27.360000 2.000000
1.500000 2.000000 1.500000 2.000000 1.500000 2.000000 1.500000 2.000000 1.500000 2.000000 26.280001 1.500000 2.000000 1.500000 2.000000 1.500000 2.000000 120.000000 120.000000 60.000000 20.000000 20.000000 1.500000 2.000000 53.639999 1.500000 65.520003 2.000000 39.959999 1.500000 26.280001 2.000000 92.880003 1.500000 65.520003 2.000000 53.639999 1.500000 39.959999 2.000000 65.520003 1.500000 27.360000 2.000000
1.500000 2.000000 1.500000 2.000000 1.500000 2.000000 1.500000 2.000000 1.500000 2.000000 26.280001 1.500000 2.000000 1.500000 2.000000 1.500000 2.000000 120.000000 120.000000 60.000000 20.000000 20.000000 1.500000 2.000000 53.639999 1.500000 65.520003 2.000000 39.959999 1.500000 26.280001 2.000000 92.880003 1.500000 65.520003 2.000000 53.639999 1.500000 39.959999 2.000000 65.520003 1.500000 27.360000 2.000000
1.500000 2.000000 1.500000 2.000000 1.500000 2.000000 1.500000 2.000000 1.500000 2.000000 26.280001 1.500000 2.000000 1.500000 2.000000 1.500000 2.000000 120.000000 120.000000 60.000000 20.000000 20.000000 1.500000 2.000000 53.639999 1.500000 65.520003 2.000000 39.959999 1.500000 26.280001 2.000000 92.880003 1.500000 65.520003 2.000000 53.639999 1.500000 39.959999 2.000000 65.520003 1.500000 27.360000 2.000000
1.500000 2.000000 1.500000 2.000000 1.500000 2.000000 1.500000 2.000000 1.500000 2.000000 26.280001 1.500000 2.000000 1.500000 2.000000 1.500000 2.000000 120.000000 120.000000 60.000000 20.000000 20.000000 1.500000 2.000000 66.604521 1.500000 66.989214 2.000000 39.959999 1.500000 32.448417 2.000000 98.233059 1.500000 65.520003 2.000000 53.639999 1.500000 39.959999 2.000000 65.520003 1.500000 27.360000 2.000000
1.500000 2.000000 1.500000 2.000000 1.500000 2.000000 1.500000 2.000000 1.500000 2.000000 26.280001 1.500000 2.000000 1.500000 2.000000 1.500000 2.000000 120.000000 120.000000 60.000000 20.000000 20.000000 1.500000 2.000000 63.342633 1.500000 67.212740 2.000000 39.959999 1.500000 30.889282 2.000000 96.676267 1.500000 65.520003 2.000000 53.639999 1.500000 39.959999 2.000000 65.520003 1.500000 27.360000 2.000000
1.500000 2.000000 1.500000 2.000000 1.500000 2.000000 1.500000 2.000000 1.500000 2.000000 26.280001 1.500000 2.000000 1.500000 2.000000 1.500000 2.000000 120.000000 120.000000 60.000000 20.000000 20.000000 1.500000 2.000000 53.639999 1.500000 65.520003 2.000000 40.970042 1.500000 26.280001 2.000000 92.880003 1.500000 65.520003 2.000000 53.639999 1.500000 39.959999 2.000000 65.520003 1.500000 27.360000 2.000000
1.500000 2.000000 1.500000 2.000000 1.500000 2.000000 1.500000 2.000000 1.500000 2.000000 26.280001 1.500000 2.000000 1.500000 2.000000 1.500000 2.000000 120.000000 120.000000 60.000000 20.000000 20.000000 1.500000 2.000000 53.639999 1.500000 65.525937 2.000000 44.645995 1.500000 26.280001 2.000000 92.880003 1.500000 65.520003 2.000000 53.639999 1.500000 39.959999 2.000000 65.520003 1.500000 27.360000 2.000000
1.500000 2.000000 1.500000 2.000000 1.500000 2.000000 1.500000 2.000000 1.500000 2.000000 26.280001 1.500000 2.000000 1.500000 2.000000 1.500000 2.000000 120.000000 120.000000 60.000000 20.000000 20.000000 1.500000 2.000000 53.639999 1.500000 65.520003 2.000000 39.959999 1.500000 26.280001 2.000000 92.880003 1.500000 65.520003 2.000000 53.639999 1.500000 39.959999 2.000000 65.520003 1.500000 27.360000 2.000000
1.500000 2.000000 1.500000 2.000000 1.500000 2.000000 1.500000 2.000000 1.500000 2.000000 26.280001 1.500000 2.000000 1.500000 2.000000 1.500000 2.000000 120.000000 120.000000 60.000000 20.000000 20.000000 1.500000 2.000000 53.639999 1.500000 65.520003 2.000000 39.959999 1.500000 26.280001 2.000000 92.880003 1.500000 65.520003 2.000000 53.639999 1.500000 39.959999 2.000000 65.520003 1.500000 27.360000 2.000000
1.500000 2.000000 1.500000 2.000000 1.500000 2.000000 1.500000 2.000000 1.500000 2.000000 26.280001 1.500000 2.000000 1.500000 2.000000 1.500000 2.000000 120.000000 120.000000 60.000000 20.000000 20.000000 1.500000 2.000000 53.639999 1.500000 65.520003 2.000000 39.959999 1.500000 26.280001 2.000000 92.880003 1.500000 65.520003 2.000000 53.639999 1.500000 43.261589 2.000000 65.520003 1.500000 27.360000 2.000000
1.500000 2.000000 1.500000 2.000000 1.500000 2.000000 1.500000 2.000000 1.500000 2.000000 26.280001 1.500000 2.000000 1.500000 2.000000 1.500000 2.000000 120.000000 120.000000 60.000000 20.000000 20.000000 1.500000 2.000000 53.639999 1.500000 65.520003 2.000000 39.959999 1.500000 26.280001 2.000000 92.880003 1.500000 65.520003 2.000000 53.639999 1.500000 40.220301 2.000000 65.520003 1.500000 27.360000 2.000000
1.500000 2.000000 1.500000 2.000000 1.500000 2.000000 1.500000 2.000000 1.500000 2.000000 26.280001 1.500000 2.000000 1.500000 2.000000 1.500000 2.000000 120.000000 120.000000 60.000000 20.000000 20.000000 1.500000 2.000000 53.639999 1.500000 65.520003 2.000000 39.959999 1.500000 26.280001 2.000000 92.880003 1.500000 65.520003 2.000000 53.639999 1.500000 39.959999 2.000000 65.520003 1.500000 27.360000 2.000000
1.500000 2.000000 1.500000 2.000000 1.500000 2.000000 1.500000 2.000000 1.500000 2.000000 26.280001 1.500000 2.000000 1.500000 2.000000 1.500000 2.000000 120.000000 120.000000 60.000000 20.000000 20.000000 1.500000 2.000000 53.639999 1.500000 65.520003 2.000000 39.959999 1.500000 26.280001 2.000000 92.880003 1.500000 65.520003 2.000000 53.639999 1.500000 39.959999 2.000000 65.520003 1.500000 27.360000 2.000000
1.500000 2.000000 1.500000 2.000000 1.500000 2.000000 1.500000 2.000000 1.500000 2.000000 26.280001 1.500000 2.000000 1.500000 2.000000 1.500000 2.000000 120.000000 120.000000 60.000000 20.000000 20.000000 1.500000 2.000000 53.639999 1.500000 65.520003 2.000000 39.959999 1.500000 26.280001 2.000000 92.880003 1.500000 65.520003 2.000000 53.639999 1.500000 39.959999 2.000000 65.520003 1.500000 27.360000 2.000000
1.500000 2.000000 1.500000 2.000000 1.500000 2.000000 1.500000 2.000000 1.500000 2.000000 26.280001 1.500000 2.000000 1.500000 2.000000 1.500000 2.000000 120.000000 120.000000 60.000000 20.000000 20.000000 1.500000 2.000000 53.639999 1.500000 65.520003 2.000000 39.959999 1.500000 26.280001 2.000000 92.880003 1.500000 65.520003 2.000000 53.639999 1.500000 39.959999 2.000000 65.520003 1.500000 27.360000 2.000000
1.500000 2.000000 1.500000 2.000000 1.500000 2.000000 1.500000 2.000000 1.500000 2.000000 26.280001 1.500000 2.000000 1.500000 2.000000 1.500000 2.000000 120.000000 120.000000 60.000000 20.000000 20.000000 1.500000 2.000000 53.639999 1.500000 65.520003 2.000000 39.959999 1.500000 26.280001 2.000000 92.880003 1.500000 65.520003 2.000000 53.639999 1.500000 39.959999 2.000000 65.520003 1.500000 27.360000 2.000000
1.500000 2.000000 1.500000 2.000000 1.500000 2.000000 1.500000 2.000000 1.500000 2.000000 26.280001 1.500000 2.000000 1.500000 2.000000 1.500000 2.000000 120.000000 120.000000 60.000000 20.000000 20.000000 1.500000 2.000000 53.639999 1.500000 65.520003 2.000000 39.959999 1.500000 26.280001 2.000000 92.880003 1.500000 65.520003 2.000000 53.639999 1.500000 39.959999 2.000000 65.520003 1.500000 27.360000 2.000000
1.500000 2.000000 1.500000 2.000000 1.500000 2.000000 1.500000 2.000000 1.500000 2.000000 26.280001 1.500000 2.000000 1.500000 2.000000 1.500000 2.000000 120.000000 120.000000 60.000000 20.000000 20.000000 1.500000 2.000000 53.639999 1.500000 65.520003 2.000000 39.959999 1.500000 26.280001 2.000000 92.880003 1.500000 65.520003 2.000000 53.639999 1.500000 39.959999 2.000000 65.520003 1.500000 27.360000 2.000000
1.500000 2.000000 1.500000 2.000000 1.500000 2.000000 1.500000 2.000000 1.500000 2.000000 26.280001 1.500000 2.000000 1.500000 2.000000 1.500000 2.000000 120.000000 120.000000 60.000000 20.000000 20.000000 1.500000 2.000000 64.285979 1.500000 66.428612 2.000000 39.959999 1.500000 31.334342 2.000000 96.650050 1.500000 65.520003 2.000000 53.639999 1.500000 39.959999 2.000000 65.520003 1.500000 27.360000 2.000000
1.500000 2.000000 1.500000 2.000000 1.500000 2.000000 1.500000 2.000000 1.500000 2.000000 26.280001 1.500000 2.000000 1.500000 2.000000 1.500000 2.000000 120.000000 120.000000 60.000000 20.000000 20.000000 1.500000 2.000000 63.429168 1.500000 67.417262 2.000000 39.959999 1.500000 30.931380 2.000000 96.869401 1.500000 65.520003 2.000000 53.639999 1.500000 39.959999 2.000000 65.520003 1.500000 27.360000 2.000000
1.500000 2.000000 1.500000 2.000000 1.500000 2.000000 1.500000 2.000000 1.500000 2.000000 26.280001 1.500000 2.000000 1.500000 2.000000 1.500000 2.000000 120.000000 120.000000 60.000000 20.000000 20.000000 1.500000 2.000000 53.639999 1.500000 65.520003 2.000000 41.113431 1.500000 26.280001 2.000000 92.880003 1.500000 65.520003 2.000000 53.639999 1.500000 39.959999 2.000000 65.520003 1.500000 27.360000 2.000000
1.500000 2.000000 1.500000 2.000000 1.500000 2.000000 1.500000 2.000000 1.500000 2.000000 26.280001 1.500000 2.000000 1.500000 2.000000 1.500000 2.000000 120.000000 120.000000 60.000000 20.000000 20.000000 1.500000 2.000000 53.639999 1.500000 65.520003 2.000000 42.912782 1.500000 26.280001 2.000000 92.880003 1.500000 65.520003 2.000000 53.639999 1.500000 39.959999 2.000000 65.520003 1.500000 27.360000 2.000000
1.500000 2.000000 1.500000 2.000000 1.500000 2.000000 1.500000 2.000000 1.500000 2.000000 26.280001 1.500000 2.000000 1.500000 2.000000 1.500000 2.000000 120.000000 120.000000 60.000000 20.000000 20.000000 1.500000 2.000000 53.639999 1.500000 65.520003 2.000000 39.959999 1.500000 26.280001 2.000000 92.880003 1.500000 65.520003 2.000000 53.639999 1.500000 39.959999 2.000000 65.520003 1.500000 27.360000 2.000000
1.500000 2.000000 1.500000 2.000000 1.500000 2.000000 1.500000 2.000000 1.500000 2.000000 26.280001 1.500000 2.000000 1.500000 2.000000 1.500000 2.000000 120.000000 120.000000 60.000000 20.000000 20.000000 1.500000 2.000000 53.639999 1.500000 65.520003 2.000000 39.959999 1.500000 26.280001 2.000000 92.880003 1.500000 65.520003 2.000000 53.639999 1.500000 39.959999 2.000000 65.520003 1.500000 27.360000 2.000000
1.500000 2.000000 1.500000 2.000000 1.500000 2.000000 1.500000 2.000000 1.500000 2.000000 26.280001 1.500000 2.000000 1.500000 2.000000 1.500000 2.000000 120.000000 120.000000 60.000000 20.000000 20.000000 1.500000 2.000000 53.639999 1.500000 65.520003 2.000000 39.959999 1.500000 26.280001 2.000000 92.880003 1.500000 65.520003 2.000000 53.639999 1.500000 43.412540 2.000000 65.525937 1.500000 27.360000 2.000000
1.500000 2.000000 1.500000 2.000000 1.500000 2.000000 1.500000 2.000000 1.500000 2.000000 26.280001 1.500000 2.000000 1.500000 2.000000 1.500000 2.000000 120.000000 120.000000 60.000000 20.000000 20.000000 1.500000 2.000000 53.639999 1.500000 65.520003 2.000000 39.959999 1.500000 26.280001 2.000000 92.880003 1.500000 65.520003 2.000000 53.639999 1.500000 40.354877 2.000000 65.520003 1.500000 27.360000 2.000000
1.500000 2.000000 1.500000 2.000000 1.500000 2.000000 1.500000 2.000000 1.500000 2.000000 26.280001 1.500000 2.000000 1.500000 2.000000 1.500000 2.000000 120.000000 120.000000 60.000000 20.000000 20.000000 1.500000 2.000000 53.639999 1.500000 65.520003 2.000000 39.959999 1.500000 26.280001 2.000000 92.880003 1.500000 65.520003 2.000000 53.639999 1.500000 39.959999 2.000000 65.520003 1.500000 27.360000 2.000000
1.500000 2.000000 1.500000 2.000000 1.500000 2.000000 1.500000 2.000000 1.500000 2.000000 26.280001 1.500000 2.000000 1.500000 2.000000 1.500000 2.000000 120.000000 120.000000 60.000000 20.000000 20.000000 1.500000 2.000000 53.639999 1.500000 65.520003 2.000000 39.959999 1.500000 26.280001 2.000000 92.880003 1.500000 65.520003 2.000000 53.639999 1.500000 39.959999 2.000000 65.520003 1.500000 27.360000 2.000000
1.500000 2.000000 1.500000 2.000000 1.500000 2.000000 1.500000 2.000000 1.500000 2.000000 26.280001 1.500000 2.000000 1.500000 2.000000 1.500000 2.000000 120.000000 120.000000 60.000000 20.000000 20.000000 1.500000 2.000000 53.639999 1.500000 65.520003 2.000000 39.959999 1.500000 26.280001 2.000000 92.880003 1.500000 65.520003 2.000000 53.639999 1.500000 39.959999 2.000000 65.520003 1.500000 27.360000 2.000000
1.500000 2.000000 1.500000 2.000000 1.500000 2.000000 1.500000 2.000000 1.500000 2.000000 26.280001 1.500000 2.000000 1.500000 2.000000 1.500000 2.000000 120.000000 120.000000 60.000000 20.000000 20.000000 1.500000 2.000000 53.639999 1.500000 65.520003 2.000000 39.959999 1.500000 26.280001 2.000000 92.880003 1.500000 65.520003 2.000000 53.639999 1.500000 39.959999 2.000000 65.520003 1.500000 27.360000 2.000000
1.500000 2.000000 1.500000 2.000000 1.500000 2.000000 1.500000 2.000000 1.500000 2.000000 26.280001 1.500000 2.000000 1.500000 2.000000 1.500000 2.000000 120.000000 120.000000 60.000000 20.000000 20.000000 1.500000 2.000000 53.639999 1.500000 65.520003 2.000000 39.959999 1.500000 26.280001 2.000000 92.880003 1.500000 65.520003 2.000000 53.639999 1.500000 39.959999 2.000000 65.520003 1.500000 27.360000 2.000000
1.500000 2.000000 1.500000 2.000000 1.500000 2.000000 1.500000 2.000000 1.500000 2.000000 26.280001 1.500000 2.000000 1.500000 2.000000 1.500000 2.000000 120.000000 120.000000 60.000000 20.000000 20.000000 1.500000 2.000000 53.639999 1.500000 65.520003 2.000000 39.959999 1.500000 26.280001 2.000000 92.880003 1.500000 65.520003 2.000000 53.639999 1.500000 39.959999 2.000000 65.520003 1.500000 27.360000 2.000000
1.500000 2.000000 1.500000 2.000000 1.500000 2.000000 1.500000 2.000000 1.500000 2.000000 26.280001 1.500000 2.000000 1.500000 2.000000 1.500000 2.000000 120.000000 120.000000 60.000000 20.000000 20.000000 1.500000 2.000000 53.639999 1.500000 65.520003 2.000000 39.959999 1.500000 26.280001 2.000000 92.880003 1.500000 65.520003 2.000000 53.639999 1.500000 39.959999 2.000000 65.520003 1.500000 27.360000 2.000000
1.500000 2.000000 1.500000 2.000000 1.500000 2.000000 1.500000 2.000000 1.500000 2.000000 26.280001 1.500000 2.000000 1.500000 2.000000 1.500000 2.000000 120.000000 120.000000 60.000000 20.000000 20.000000 1.500000 2.000000 66.888288 1.500000 67.120813 2.000000 39.959999 1.500000 32.586465 2.000000 98.548012 1.500000 65.520003 2.000000 53.639999 1.500000 39.959999 2.000000 65.520003 1.500000 27.360000 2.000000
1.500000 2.000000 1.500000 2.000000 1.500000 2.000000 1.500000 2.000000 1.500000 2.000000 26.280001 1.500000 2.000000 1.500000 2.000000 1.500000 2.000000 120.000000 120.000000 60.000000 20.000000 20.000000 1.500000 2.000000 61.981531 1.500000 67.074940 2.000000 39.959999 1.500000 30.240989 2.000000 95.988619 1.500000 65.520003 2.000000 53.639999 1.500000 39.959999 2.000000 65.520003 1.500000 27.360000 2.000000
1.500000 2.000000 1.500000 2.000000 1.500000 2.000000 1.500000 2.000000 1.500000 2.000000 26.280001 1.500000 2.000000 1.500000 2.000000 1.500000 2.000000 120.000000 120.000000 60.000000 20.000000 20.000000 1.500000 2.000000 53.639999 1.500000 65.520003 2.000000 42.731042 1.500000 26.280001 2.000000 92.880003 1.500000 65.520003 2.000000 53.639999 1.500000 39.959999 2.000000 65.520003 1.500000 27.360000 2.000000
1.500000 2.000000 1.500000 2.000000 1.500000 2.000000 1.500000 2.000000 1.500000 2.000000 26.280001 1.500000 2.000000 1.500000 2.000000 1.500000 2.000000 120.000000 120.000000 60.000000 20.000000 20.000000 1.500000 2.000000 53.639999 1.500000 65.520003 2.000000 43.408680 1.500000 26.280001 2.000000 92.880003 1.500000 65.520003 2.000000 53.639999 1.500000 39.959999 2.000000 65.520003 1.500000 27.360000 2.000000
1.500000 2.000000 1.500000 2.000000 1.500000 2.000000 1.500000 2.000000 1.500000 2.000000 26.280001 1.500000 2.000000 1.500000 2.000000 1.500000 2.000000 120.000000 120.000000 60.000000 20.000000 20.000000 1.500000 2.000000 53.639999 1.500000 65.520003 2.000000 39.959999 1.500000 26.280001 2.000000 92.880003 1.500000 65.520003 2.000000 53.639999 1.500000 39.959999 2.000000 65.520003 1.500000 27.360000 2.000000
1.500000 2.000000 1.500000 2.000000 1.500000 2.000000 1.500000 2.000000 1.500000 2.000000 26.280001 1.500000 2.000000 1.500000 2.000000 1.500000 2.000000 120.000000 120.000000 60.000000 20.000000 20.000000 1.500000 2.000000 53.639999 1.500000 65.520003 2.000000 39.959999 1.500000 26.280001 2.000000 92.880003 1.500000 65.520003 2.000000 53.639999 1.500000 39.959999 2.000000 65.520003 1.500000 27.360000 2.000000
1.500000 2.000000 1.500000 2.000000 1.500000 2.000000 1.500000 2.000000 1.500000 2.000000 26.280001 1.500000 2.000000 1.500000 2.000000 1.500000 2.000000 120.000000 120.000000 60.000000 20.000000 20.000000 1.500000 2.000000 53.639999 1.500000 65.520003 2.000000 39.959999 1.500000 26.280001 2.000000 92.880003 1.500000 65.520003 2.000000 53.639999 1.500000 43.498154 2.000000 65.525937 1.500000 27.360000 2.000000
1.500000 2.000000 1.500000 2.000000 1.500000 2.000000 1.500000 2.000000 1.500000 2.000000 26.280001 1.500000 2.000000 1.500000 2.000000 1.500000 2.000000 120.000000 120.000000 60.000000 20.000000 20.000000 1.500000 2.000000 53.639999 1.500000 65.520003 2.000000 39.959999 1.500000 26.280001 2.000000 92.880003 1.500000 65.520003 2.000000 53.639999 1.500000 40.407074 2.000000 65.520003 1.500000 27.360000 2.000000
1.500000 2.000000 1.500000 2.000000 1.500000 2.000000 1.500000 2.000000 1.500000 2.000000 26.280001 1.500000 2.000000 1.500000 2.000000 1.500000 2.000000 120.000000 120.000000 60.000000 20.000000 20.000000 1.500000 2.000000 53.639999 1.500000 65.520003 2.000000 39.959999 1.500000 26.280001 2.000000 92.880003 1.500000 65.520003 2.000000 53.639999 1.500000 39.959999 2.000000 65.520003 1.500000 27.360000 2.000000
1.500000 2.000000 1.500000 2.000000 1.500000 2.000000 1.500000 2.000000 1.500000 2.000000 26.280001 1.500000 2.000000 1.500000 2.000000 1.500000 2.000000 120.000000 120.000000 60.000000 20.000000 20.000000 1.500000 2.000000 53.639999 1.500000 65.520003 2.000000 39.959999 1.500000 26.280001 2.000000 92.880003 1.500000 65.520003 2.000000 53.639999 1.500000 39.959999 2.000000 65.520003 1.500000 27.360000 2.000000
1.500000 2.000000 1.500000 2.000000 1.500000 2.000000 1.500000 2.000000 1.500000 2.000000 26.280001 1.500000 2.000000 1.500000 2.000000 1.500000 2.000000 120.000000 120.000000 60.000000 20.000000 20.000000 1.500000 2.000000 53.639999 1.500000 65.520003 2.000000 39.959999 1.500000 26.280001 2.000000 92.880003 1.500000 65.520003 2.000000 53.639999 1.500000 39.959999 2.000000 65.520003 1.500000 27.360000 2.000000
1.500000 2.000000 1.500000 2.000000 1.500000 2.000000 1.500000 2.000000 1.500000 2.000000 26.280001 1.500000 2.000000 1.500000 2.000000 1.500000 2.000000 120.000000 120.000000 60.000000 20.000000 20.000000 1.500000 2.000000 53.639999 1.500000 65.520003 2.000000 39.959999 1.500000 26.280001 2.000000 92.880003 1.500000 65.520003 2.000000 53.639999 1.500000 39.959999 2.000000 65.520003 1.500000 27.360000 2.000000
1.500000 2.000000 1.500000 2.000000 1.500000 2.000000 1.500000 2.000000 1.500000 2.000000 26.280001 1.500000 2.000000 1.500000 2.000000 1.500000 2.000000 120.000000 120.000000 60.000000 20.000000 20.000000 1.500000 2.000000 53.639999 1.500000 65.520003 2.000000 39.959999 1.500000 26.280001 2.000000 92.880003 1.500000 65.520003 2.000000 53.639999 1.500000 39.959999 2.000000 65.520003 1.500000 27.360000 2.000000
1.500000 2.000000 1.500000 2.000000 1.500000 2.000000 1.500000 2.000000 1.500000 2.000000 26.280001 1.500000 2.000000 1.500000 2.000000 1.500000 2.000000 120.000000 120.000000 60.000000 20.000000 20.000000 1.500000 2.000000 53.639999 1.500000 65.520003 2.000000 39.959999 1.500000 26.280001 2.000000 92.880003 1.500000 65.520003 2.000000 53.639999 1.500000 39.959999 2.000000 65.520003 1.500000 27.360000 2.000000
1.500000 2.000000 1.500000 2.000000 1.500000 2.000000 1.500000 2.000000 1.500000 2.000000 26.280001 1.500000 2.000000 1.500000 2.000000 1.500000 2.000000 120.000000 120.000000 60.000000 20.000000 20.000000 1.500000 2.000000 53.639999 1.500000 65.520003 2.000000 39.959999 1.500000 26.280001 2.000000 92.880003 1.500000 65.520003 2.000000 53.639999 1.500000 39.959999 2.000000 65.520003 1.500000 27.360000 2.000000
1.500000 2.000000 1.500000 2.000000 1.500000 2.000000 1.500000 2.000000 1.500000 2.000000 26.280001 1.500000 2.000000 1.500000 2.000000 1.500000 2.000000 120.000000 120.000000 60.000000 20.000000 20.000000 1.500000 2.000000 64.217771 1.500000 66.461590 2.000000 39.959999 1.500000 31.301160 2.000000 96.882253 1.500000 65.520003 2.000000 53.639999 1.500000 39.959999 2.000000 65.520003 1.500000 27.360000 2.000000
1.500000 2.000000 1.500000 2.000000 1.500000 2.000000 1.500000 2.000000 1.500000 2.000000 26.280001 1.500000 2.000000 1.500000 2.000000 1.500000 2.000000 120.000000 120.000000 60.000000 20.000000 20.000000 1.500000 2.000000 66.215544 1.500000 67.489244 2.000000 39.959999 1.500000 32.273049 2.000000 98.518186 1.500000 65.520003 2.000000 53.639999 1.500000 39.959999 2.000000 65.520003 1.500000 27.360000 2.000000
1.500000 2.000000 1.500000 2.000000 1.500000 2.000000 1.500000 2.000000 1.500000 2.000000 26.280001 1.500000 2.000000 1.500000 2.000000 1.500000 2.000000 120.000000 120.000000 60.000000 20.000000 20.000000 1.500000 2.000000 53.639999 1.500000 65.520003 2.000000 40.008702 1.500000 26.280001 2.000000 92.880003 1.500000 65.520003 2.000000 53.639999 1.500000 39.959999 2.000000 65.520003 1.500000 27.360000 2.000000
1.500000 2.000000 1.500000 2.000000 1.500000 2.000000 1.500000 2.000000 1.500000 2.000000 26.280001 1.500000 2.000000 1.500000 2.000000 1.500000 2.000000 120.000000 120.000000 60.000000 20.000000 20.000000 1.500000 2.000000 53.639999 1.500000 65.520003 2.000000 42.582437 1.500000 26.280001 2.000000 92.880003 1.500000 65.520003 2.000000 53.639999 1.500000 39.959999 2.000000 65.520003 1.500000 27.360000 2.000000
1.500000 2.000000 1.500000 2.000000 1.500000 2.000000 1.500000 2.000000 1.500000 2.000000 26.280001 1.500000 2.000000 1.500000 2.000000 1.500000 2.000000 120.000000 120.000000 60.000000 20.000000 20.000000 1.500000 2.000000 53.639999 1.500000 65.520003 2.000000 39.959999 1.500000 26.280001 2.000000 92.880003 1.500000 65.520003 2.000000 53.639999 1.500000 39.959999 2.000000 65.520003 1.500000 27.360000 2.000000
1.500000 2.000000 1.500000 2.000000 1.500000 2.000000 1.500000 2.000000 1.500000 2.000000 26.280001 1.500000 2.000000 1.500000 2.000000 1.500000 2.000000 120.000000 120.000000 60.000000 20.000000 20.000000 1.500000 2.000000 53.639999 1.500000 65.520003 2.000000 39.959999 1.500000 26.280001 2.000000 92.880003 1.500000 65.520003 2.000000 53.639999 1.500000 39.959999 2.000000 65.520003 1.500000 27.360000 2.000000
1.500000 2.000000 1.500000 2.000000 1.500000 2.000000 1.500000 2.000000 1.500000 2.000000 26.280001 1.500000 2.000000 1.500000 2.000000 1.500000 2.000000 120.000000 120.000000 60.000000 20.000000 20.000000 1.500000 2.000000 53.639999 1.500000 65.520003 2.000000 39.959999 1.500000 26.280001 2.000000 92.880003 1.500000 65.520003 2.000000 53.639999 1.500000 43.315537 2.000000 65.520003 1.500000 27.360000 2.000000
1.500000 2.000000 1.500000 2.000000 1.500000 2.000000 1.500000 2.000000 1.500000 2.000000 26.280001 1.500000 2.000000 1.500000 2.000000 1.500000 2.000000 120.000000 120.000000 60.000000 20.000000 20.000000 1.500000 2.000000 53.639999 1.500000 65.520003 2.000000 39.959999 1.500000 26.280001 2.000000 92.880003 1.500000 65.520003 2.000000 53.639999 1.500000 41.898493 2.000000 65.546422 1.500000 27.360000 2.000000
1.500000 2.000000 1.500000 2.000000 1.500000 2.000000 1.500000 2.000000 1.500000 2.000000 26.280001 1.500000 2.000000 1.500000 2.000000 1.500000 2.000000 120.000000 120.000000 60.000000 20.000000 20.000000 1.500000 2.000000 53.639999 1.500000 65.520003 2.000000 39.959999 1.500000 26.280001 2.000000 92.880003 1.500000 65.520003 2.000000 53.639999 1.500000 39.959999 2.000000 65.520003 1.500000 27.360000 2.000000
1.500000 2.000000 1.500000 2.000000 1.500000 2.000000 1.500000 2.000000 1.500000 2.000000 26.280001 1.500000 2.000000 1.500000 2.000000 1.500000 2.000000 120.000000 120.000000 60.000000 20.000000 20.000000 1.500000 2.000000 53.639999 1.500000 65.520003 2.000000 39.959999 1.500000 26.280001 2.000000 92.880003 1.500000 65.520003 2.000000 53.639999 1.500000 39.959999 2.000000 65.520003 1.500000 27.360000 2.000000
1.500000 2.000000 1.500000 2.000000 1.500000 2.000000 1.500000 2.000000 1.500000 2.000000 26.280001 1.500000 2.000000 1.500000 2.000000 1.500000 2.000000 120.000000 120.000000 60.000000 20.000000 20.000000 1.500000 2.000000 53.639999 1.500000 65.520003 2.000000 39.959999 1.500000 26.280001 2.000000 92.880003 1.500000 65.520003 2.000000 53.639999 1.500000 39.959999 2.000000 65.520003 1.500000 27.360000 2.000000
1.500000 2.000000 1.500000 2.000000 1.500000 2.000000 1.500000 2.000000 1.500000 2.000000 26.280001 1.500000 2.000000 1.500000 2.000000 1.500000 2.000000 120.000000 120.000000 60.000000 20.000000 20.000000 1.500000 2.000000 53.639999 1.500000 65.520003 2.000000 39.959999 1.500000 26.280001 2.000000 92.880003 1.500000 65.520003 2.000000 53.639999 1.500000 39.959999 2.000000 65.520003 1.500000 27.360000 2.000000
1.500000 2.000000 1.500000 2.000000 1.500000 2.000000 1.500000 2.000000 1.500000 2.000000 26.280001 1.500000 2.000000 1.500000 2.000000 1.500000 2.000000 120.000000 120.000000 60.000000 20.000000 20.000000 1.500000 2.000000 53.639999 1.500000 65.520003 2.000000 39.959999 1.500000 26.280001 2.000000 92.880003 1.500000 65.520003 2.000000 53.639999 1.500000 39.959999 2.000000 65.520003 1.500000 27.360000 2.000000
1.500000 2.000000 1.500000 2.000000 1.500000 2.000000 1.500000 2.000000 1.500000 2.000000 26.280001 1.500000 2.000000 1.500000 2.000000 1.500000 2.000000 120.000000 120.000000 60.000000 20.000000 20.000000 1.500000 2.000000 53.639999 1.500000 65.520003 2.000000 39.959999 1.500000 26.280001 2.000000 92.880003 1.500000 65.520003 2.000000 53.639999 1.500000 39.959999 2.000000 65.520003 1.500000 27.360000 2.000000
1.500000 2.000000 1.500000 2.000000 1.500000 2.000000 1.500000 2.000000 1.500000 2.000000 26.280001 1.500000 2.000000 1.500000 2.000000 1.500000 2.000000 120.000000 120.000000 60.000000 20.000000 20.000000 1.500000 2.000000 53.639999 1.500000 65.520003 2.000000 39.959999 1.500000 26.280001 2.000000 92.880003 1.500000 65.520003 2.000000 53.639999 1.500000 39.959999 2.000000 65.520003 1.500000 27.360000 2.000000
1.500000 2.000000 1.500000 2.000000 1.500000 2.000000 1.500000 2.000000 1.500000 2.000000 26.280001 1.500000 2.000000 1.500000 2.000000 1.500000 2.000000 120.000000 120.000000 60.000000 20.000000 20.000000 1.500000 2.000000 53.639999 1.500000 65.520003 2.000000 39.959999 1.500000 26.280001 2.000000 92.880003 1.500000 65.520003 2.000000 53.639999 1.500000 39.959999 2.000000 65.520003 1.500000 27.360000 2.000000
1.500000 2.000000 1.500000 2.000000 1.500000 2.000000 1.500000 2.000000 1.500000 2.000000 26.280001 1.500000 2.000000 1.500000 2.000000 1.500000 2.000000 120.000000 120.000000 60.000000 20.000000 20.000000 1.500000 2.000000 53.639999 1.500000 65.520003 2.000000 39.959999 1.500000 26.280001 2.000000 92.880003 1.500000 65.520003 2.000000 53.639999 1.500000 39.959999 2.000000 65.520003 1.500000 27.360000 2.000000
1.500000 2.000000 1.500000 2.000000 1.500000 2.000000 1.500000 2.000000 1.500000 2.000000 26.280001 1.500000 2.000000 1.500000 2.000000 1.500000 2.000000 120.000000 120.000000 60.000000 20.000000 20.000000 1.500000 2.000000 53.639999 1.500000 65.520003 2.000000 39.959999 1.500000 26.280001 2.000000 92.880003 1.500000 65.520003 2.000000 53.639999 1.500000 39.959999 2.000000 65.520003 1.500000 27.360000 2.000000
1.500000 2.000000 1.500000 2.000000 1.500000 2.000000 1.500000 2.000000 1.500000 2.000000 26.280001 1.500000 2.000000 1.500000 2.000000 1.500000 2.000000 120.000000 120.000000 60.000000 20.000000 20.000000 1.500000 2.000000 53.639999 1.500000 65.520003 2.000000 39.959999 1.500000 26.280001 2.000000 92.880003 1.500000 65.520003 2.000000 53.639999 1.500000 39.959999 2.000000 65.520003 1.500000 27.360000 2.000000
