8 106 7 6 5 1 101 2 3 4
0.036000 0.036000 0.036000 56.571429 56.571429 0.036000 0.036000 56.571429 56.571429 56.571429
0.036000 0.036000 0.036000 56.571429 56.571429 0.036000 0.036000 56.571429 56.571429 56.571429
0.036000 0.036000 0.036000 56.571429 56.571429 0.036000 0.036000 57.007016 56.571429 56.571429
0.036000 0.036000 0.036000 56.571429 56.571429 0.036000 0.036000 97.088417 56.571429 58.154120
0.036000 0.036000 0.036000 56.571429 56.571429 0.036000 0.036000 173.791623 56.571429 70.840475
0.036000 0.036000 0.036000 56.571429 56.571429 0.036000 0.036000 171.831790 56.571429 84.222757
0.036000 0.036000 0.036000 56.571429 56.571429 0.036000 0.036000 92.946330 56.571429 90.956738
0.036000 0.036000 0.036000 56.571429 56.571429 0.036000 0.036000 58.272374 57.633312 90.279334
0.036000 0.036000 0.036000 56.571429 56.571429 0.036000 0.036000 56.571429 69.765007 91.914399
0.036000 0.036000 0.036000 56.571429 56.571429 0.036000 0.036000 56.571429 80.122082 63.796233
0.036000 0.036000 0.036000 56.571429 56.571429 0.036000 0.036000 56.571429 56.571429 56.571429
0.036000 0.036000 0.036000 56.571429 56.571429 0.036000 0.036000 56.571429 56.571429 56.571429
0.036000 0.036000 0.036000 56.571429 56.571429 0.036000 0.036000 56.571429 56.571429 56.571429
0.036000 0.036000 0.036000 56.571429 56.571429 0.036000 0.036000 56.571429 56.571429 56.571429
0.036000 0.036000 0.036000 56.571429 56.571429 0.036000 0.036000 56.571429 56.571429 56.571429
0.036000 0.036000 0.036000 56.571429 56.571429 0.036000 0.036000 56.571429 56.571429 56.571429
0.036000 0.036000 0.036000 56.571429 56.571429 0.036000 0.036000 56.571429 56.571429 56.571429
0.036000 0.036000 0.036000 56.571429 56.571429 0.036000 0.036000 57.557327 56.571429 56.571429
0.036000 0.036000 0.036000 56.571429 56.571429 0.036000 0.036000 102.091520 56.571429 58.454066
0.036000 0.036000 0.036000 56.571429 56.571429 0.036000 0.036000 184.067439 56.571429 73.031275
0.036000 0.036000 0.036000 56.571429 56.571429 0.036000 0.036000 165.286306 56.571429 85.388954
0.036000 0.036000 0.036000 56.571429 56.571429 0.036000 0.036000 88.184132 56.571429 93.347626
0.036000 0.036000 0.036000 56.571429 56.571429 0.036000 0.036000 57.152590 57.633312 94.505531
0.036000 0.036000 0.036000 56.571429 56.571429 0.036000 0.036000 56.571429 70.192665 92.037724
0.036000 0.036000 0.036000 56.571429 56.571429 0.036000 0.036000 56.571429 80.470135 60.689801
0.036000 0.036000 0.036000 56.571429 56.571429 0.036000 0.036000 56.571429 56.571429 56.571429
0.036000 0.036000 0.036000 56.571429 56.571429 0.036000 0.036000 56.571429 56.571429 56.571429
0.036000 0.036000 0.036000 56.571429 56.571429 0.036000 0.036000 56.571429 56.571429 56.571429
0.036000 0.036000 0.036000 56.571429 56.571429 0.036000 0.036000 56.571429 56.571429 56.571429
0.036000 0.036000 0.036000 56.571429 56.571429 0.036000 0.036000 56.571429 56.571429 56.571429
0.036000 0.036000 0.036000 56.571429 56.571429 0.036000 0.036000 56.571429 56.571429 56.571429
0.036000 0.036000 0.036000 56.571429 56.571429 0.036000 0.036000 56.571429 56.571429 56.571429
0.036000 0.036000 0.036000 56.571429 56.571429 0.036000 0.036000 56.902439 56.571429 56.571429
0.036000 0.036000 0.036000 56.571429 56.571429 0.036000 0.036000 92.016155 56.571429 58.324912
0.036000 0.036000 0.036000 56.571429 56.571429 0.036000 0.036000 163.205106 56.571429 70.765133
0.036000 0.036000 0.036000 56.571429 56.571429 0.036000 0.036000 176.472533 56.571429 80.277004
0.036000 0.036000 0.036000 56.571429 56.571429 0.036000 0.036000 97.055298 56.571429 86.048547
0.036000 0.036000 0.036000 56.571429 56.571429 0.036000 0.036000 58.867923 57.633312 89.337457
0.036000 0.036000 0.036000 56.571429 56.571429 0.036000 0.036000 56.571429 69.999895 92.719980
0.036000 0.036000 0.036000 56.571429 56.571429 0.036000 0.036000 56.571429 80.034085 64.320094
0.036000 0.036000 0.036000 56.571429 56.571429 0.036000 0.036000 56.571429 56.571429 56.571429
0.036000 0.036000 0.036000 56.571429 56.571429 0.036000 0.036000 56.571429 56.571429 56.571429
0.036000 0.036000 0.036000 56.571429 56.571429 0.036000 0.036000 56.571429 56.571429 56.571429
0.036000 0.036000 0.036000 56.571429 56.571429 0.036000 0.036000 56.571429 56.571429 56.571429
0.036000 0.036000 0.036000 56.571429 56.571429 0.036000 0.036000 56.571429 56.571429 56.571429
0.036000 0.036000 0.036000 56.571429 56.571429 0.036000 0.036000 56.571429 56.571429 56.571429
0.036000 0.036000 0.036000 56.571429 56.571429 0.036000 0.036000 56.571429 56.571429 56.571429
0.036000 0.036000 0.036000 56.571429 56.571429 0.036000 0.036000 57.387113 56.571429 56.571429
0.036000 0.036000 0.036000 56.571429 56.571429 0.036000 0.036000 100.220934 56.571429 58.583937
0.036000 0.036000 0.036000 56.571429 56.571429 0.036000 0.036000 182.494117 56.571429 73.657961
0.036000 0.036000 0.036000 56.571429 56.571429 0.036000 0.036000 158.230158 56.571429 85.860408
0.036000 0.036000 0.036000 56.571429 56.571429 0.036000 0.036000 86.249586 56.571429 91.403214
0.036000 0.036000 0.036000 56.571429 56.571429 0.036000 0.036000 57.257411 57.633312 91.572305
0.036000 0.036000 0.036000 56.571429 56.571429 0.036000 0.036000 56.571429 69.770305 94.512230
0.036000 0.036000 0.036000 56.571429 56.571429 0.036000 0.036000 56.571429 80.120639 61.572283
0.036000 0.036000 0.036000 56.571429 56.571429 0.036000 0.036000 56.571429 56.571429 56.571429
0.036000 0.036000 0.036000 56.571429 56.571429 0.036000 0.036000 56.571429 56.571429 56.571429
0.036000 0.036000 0.036000 56.571429 56.571429 0.036000 0.036000 56.571429 56.571429 56.571429
0.036000 0.036000 0.036000 56.571429 56.571429 0.036000 0.036000 56.571429 56.571429 56.571429
0.036000 0.036000 0.036000 56.571429 56.571429 0.036000 0.036000 56.571429 56.571429 56.571429
0.036000 0.036000 0.036000 56.571429 56.571429 0.036000 0.036000 56.571429 56.571429 56.571429
0.036000 0.036000 0.036000 56.571429 56.571429 0.036000 0.036000 56.571429 56.571429 56.571429
0.036000 0.036000 0.036000 56.571429 56.571429 0.036000 0.036000 57.432014 56.571429 56.571429
0.036000 0.036000 0.036000 56.571429 56.571429 0.036000 0.036000 97.539728 56.571429 58.583937
0.036000 0.036000 0.036000 56.571429 56.571429 0.036000 0.036000 174.863052 56.571429 72.314679
0.036000 0.036000 0.036000 56.571429 56.571429 0.036000 0.036000 171.246428 56.571429 82.320177
0.036000 0.036000 0.036000 56.571429 56.571429 0.036000 0.036000 90.407022 56.571429 91.580537
0.036000 0.036000 0.036000 56.571429 56.571429 0.036000 0.036000 58.060044 57.633312 91.857197
0.036000 0.036000 0.036000 56.571429 56.571429 0.036000 0.036000 56.571429 69.696654 90.669748
0.036000 0.036000 0.036000 56.571429 56.571429 0.036000 0.036000 56.571429 79.552469 63.077416
0.036000 0.036000 0.036000 56.571429 56.571429 0.036000 0.036000 56.571429 56.571429 56.571429
0.036000 0.036000 0.036000 56.571429 56.571429 0.036000 0.036000 56.571429 56.571429 56.571429
0.036000 0.036000 0.036000 56.571429 56.571429 0.036000 0.036000 56.571429 56.571429 56.571429
0.036000 0.036000 0.036000 56.571429 56.571429 0.036000 0.036000 56.571429 56.571429 56.571429
0.036000 0.036000 0.036000 56.571429 56.571429 0.036000 0.036000 56.571429 56.571429 56.571429
0.036000 0.036000 0.036000 56.571429 56.571429 0.036000 0.036000 56.571429 56.571429 56.571429
0.036000 0.036000 0.036000 56.571429 56.571429 0.036000 0.036000 56.571429 56.571429 56.571429
0.036000 0.036000 0.036000 56.571429 56.571429 0.036000 0.036000 56.571429 56.571429 56.571429
0.036000 0.036000 0.036000 56.571429 56.571429 0.036000 0.036000 56.571429 56.571429 56.571429
0.036000 0.036000 0.036000 56.571429 56.571429 0.036000 0.036000 56.571429 56.571429 56.571429
0.036000 0.036000 0.036000 56.571429 56.571429 0.036000 0.036000 56.571429 56.571429 56.571429
0.036000 0.036000 0.036000 56.571429 56.571429 0.036000 0.036000 56.571429 56.571429 56.571429
