8 106 7 6 5 1 101 2 3 4
0.036000 0.036000 0.036000 56.571429 56.571429 0.036000 0.036000 56.571429 56.571429 56.571429
0.036000 0.036000 0.036000 56.571429 56.571429 0.036000 0.036000 56.571429 56.571429 56.571429
0.036000 0.036000 0.036000 56.571429 56.571429 0.036000 0.036000 56.571429 56.571429 56.571429
0.036000 0.036000 0.036000 56.571429 56.571429 0.036000 0.036000 56.571429 56.571429 56.571429
0.036000 0.036000 0.036000 56.571429 56.571429 0.036000 0.036000 56.571429 56.571429 56.571429
0.036000 0.036000 0.036000 56.571429 56.571429 0.036000 0.036000 56.571429 56.571429 56.571429
0.036000 0.036000 0.036000 56.571429 56.571429 0.036000 0.036000 56.571429 56.571429 56.571429
0.036000 0.036000 0.036000 56.571429 56.571429 0.036000 0.036000 56.571429 56.571429 56.571429
0.036000 0.036000 0.036000 56.571429 56.571429 0.036000 0.036000 56.571429 56.571429 56.571429
0.036000 0.036000 0.036000 56.571429 56.571429 0.036000 0.036000 56.571429 56.571429 56.571429
0.036000 0.036000 0.036000 56.571429 56.571429 0.036000 0.036000 56.571429 56.571429 56.571429
0.036000 0.036000 0.036000 56.571429 56.571429 0.036000 0.036000 56.571429 56.571429 56.571429
0.036000 0.036000 0.036000 56.571429 56.571429 0.036000 0.036000 56.571429 56.571429 56.571429
0.036000 0.036000 0.036000 56.571429 56.571429 0.036000 0.036000 61.798480 56.571429 56.571429
0.036000 0.036000 0.036000 56.571429 56.571429 0.036000 0.036000 68.068507 56.571429 56.571429
0.036000 0.036000 0.036000 56.571429 56.571429 0.036000 0.036000 73.341615 56.571429 56.571429
0.036000 0.036000 0.036000 56.571429 56.571429 0.036000 0.036000 78.312036 56.571429 56.571429
0.036000 0.036000 0.036000 56.571429 56.571429 0.036000 0.036000 83.856052 56.571429 56.571429
0.036000 0.036000 0.036000 56.571429 56.571429 0.036000 0.036000 88.714286 56.571429 56.571429
0.036000 0.036000 0.036000 56.571429 56.571429 0.036000 0.036000 94.503096 56.571429 56.571429
0.036000 0.036000 0.036000 56.571429 56.571429 0.036000 0.036000 99.513019 56.571429 56.571429
0.036000 0.036000 0.036000 56.571429 56.571429 0.036000 0.036000 105.142857 56.571429 56.571429
0.036000 0.036000 0.036000 56.571429 56.571429 0.036000 0.036000 110.257192 56.571429 56.571429
0.036000 0.036000 0.036000 56.571429 56.571429 0.036000 0.036000 116.874842 56.571429 63.070644
0.036000 0.036000 0.036000 56.571429 56.571429 0.036000 0.036000 120.326237 56.571429 63.584416
0.036000 0.036000 0.036000 56.571429 56.571429 0.036000 0.036000 126.151261 56.571429 62.051522
0.036000 0.036000 0.036000 56.571429 56.571429 0.036000 0.036000 132.743935 56.571429 64.101026
0.036000 0.036000 0.036000 56.571429 56.571429 0.036000 0.036000 138.678434 56.571429 65.668126
0.036000 0.036000 0.036000 56.571429 56.571429 0.036000 0.036000 144.894410 56.571429 67.261637
0.036000 0.036000 0.036000 56.571429 56.571429 0.036000 0.036000 153.655977 56.571429 68.338983
0.036000 0.036000 0.036000 56.571429 56.571429 0.036000 0.036000 162.406015 56.571429 69.428571
0.036000 0.036000 0.036000 56.571429 56.571429 0.036000 0.036000 169.814255 56.571429 69.978022
0.036000 0.036000 0.036000 56.571429 56.571429 0.036000 0.036000 178.285714 56.571429 72.207493
0.036000 0.036000 0.036000 56.571429 56.571429 0.036000 0.036000 187.261196 56.571429 73.913621
0.036000 0.036000 0.036000 56.571429 56.571429 0.036000 0.036000 195.283702 56.571429 73.913621
0.036000 0.036000 0.036000 56.571429 56.571429 0.036000 0.036000 202.945055 56.571429 72.772915
0.036000 0.036000 0.036000 56.571429 56.571429 0.036000 0.036000 207.721254 56.571429 74.488963
0.036000 0.036000 0.036000 56.571429 56.571429 0.036000 0.036000 211.809524 56.571429 78.012717
0.036000 0.036000 0.036000 56.571429 56.571429 0.036000 0.036000 216.000000 56.571429 78.012717
0.036000 0.036000 0.036000 56.571429 56.571429 0.036000 0.036000 216.850698 56.571429 79.215352
0.036000 0.036000 0.036000 56.571429 56.571429 0.036000 0.036000 206.915537 56.571429 81.664221
0.036000 0.036000 0.036000 56.571429 56.571429 0.036000 0.036000 196.033613 56.571429 82.910986
0.036000 0.036000 0.036000 56.571429 56.571429 0.036000 0.036000 184.443149 56.571429 83.540070
0.036000 0.036000 0.036000 56.571429 56.571429 0.036000 0.036000 172.369748 56.571429 84.809816
0.036000 0.036000 0.036000 56.571429 56.571429 0.036000 0.036000 164.833485 56.571429 84.809816
0.036000 0.036000 0.036000 56.571429 56.571429 0.036000 0.036000 155.936508 56.571429 85.450549
0.036000 0.036000 0.036000 56.571429 56.571429 0.036000 0.036000 148.114286 56.571429 86.095238
0.036000 0.036000 0.036000 56.571429 56.571429 0.036000 0.036000 140.205270 56.571429 87.396628
0.036000 0.036000 0.036000 56.571429 56.571429 0.036000 0.036000 132.743935 56.571429 88.714286
0.036000 0.036000 0.036000 56.571429 56.571429 0.036000 0.036000 127.535252 56.571429 88.053405
0.036000 0.036000 0.036000 56.571429 56.571429 0.036000 0.036000 123.428571 56.571429 89.379310
0.036000 0.036000 0.036000 56.571429 56.571429 0.036000 0.036000 116.450278 56.571429 88.714286
0.036000 0.036000 0.036000 56.571429 56.571429 0.036000 0.036000 109.455526 56.571429 89.379310
0.036000 0.036000 0.036000 56.571429 56.571429 0.036000 0.036000 103.994257 56.571429 89.379310
0.036000 0.036000 0.036000 56.571429 56.571429 0.036000 0.036000 99.147541 56.571429 90.048518
0.036000 0.036000 0.036000 56.571429 56.571429 0.036000 0.036000 92.424256 56.571429 91.399638
0.036000 0.036000 0.036000 56.571429 56.571429 0.036000 0.036000 87.724506 56.571429 91.399638
0.036000 0.036000 0.036000 56.571429 56.571429 0.036000 0.036000 84.173001 56.571429 92.767971
0.036000 0.036000 0.036000 56.571429 56.571429 0.036000 0.036000 80.432432 56.571429 92.081633
0.036000 0.036000 0.036000 56.571429 56.571429 0.036000 0.036000 75.649770 56.571429 92.767971
0.036000 0.036000 0.036000 56.571429 56.571429 0.036000 0.036000 72.772915 56.571429 92.081633
0.036000 0.036000 0.036000 56.571429 56.571429 0.036000 0.036000 69.702906 56.571429 92.081633
0.036000 0.036000 0.036000 56.571429 56.571429 0.036000 0.036000 66.461538 56.571429 91.399638
0.036000 0.036000 0.036000 56.571429 56.571429 0.036000 0.036000 63.070644 56.571429 90.721947
0.036000 0.036000 0.036000 56.571429 56.571429 0.036000 0.036000 60.046332 56.571429 90.721947
0.036000 0.036000 0.036000 56.571429 56.571429 0.036000 0.036000 57.118541 56.571429 91.399638
0.036000 0.036000 0.036000 56.571429 56.571429 0.036000 0.036000 56.571429 56.571429 88.053405
0.036000 0.036000 0.036000 56.571429 56.571429 0.036000 0.036000 56.571429 56.571429 88.714286
0.036000 0.036000 0.036000 56.571429 56.571429 0.036000 0.036000 56.571429 56.571429 89.379310
0.036000 0.036000 0.036000 56.571429 56.571429 0.036000 0.036000 56.571429 56.571429 89.379310
0.036000 0.036000 0.036000 56.571429 56.571429 0.036000 0.036000 56.571429 56.571429 89.379310
0.036000 0.036000 0.036000 56.571429 56.571429 0.036000 0.036000 56.571429 56.571429 92.081633
0.036000 0.036000 0.036000 56.571429 56.571429 0.036000 0.036000 56.571429 62.814815 91.399638
0.036000 0.036000 0.036000 56.571429 56.571429 0.036000 0.036000 56.571429 63.070644 90.721947
0.036000 0.036000 0.036000 56.571429 56.571429 0.036000 0.036000 56.571429 61.798480 92.767971
0.036000 0.036000 0.036000 56.571429 56.571429 0.036000 0.036000 56.571429 64.101026 90.721947
0.036000 0.036000 0.036000 56.571429 56.571429 0.036000 0.036000 56.571429 65.668126 91.399638
0.036000 0.036000 0.036000 56.571429 56.571429 0.036000 0.036000 56.571429 66.461538 92.081633
0.036000 0.036000 0.036000 56.571429 56.571429 0.036000 0.036000 56.571429 67.798793 91.399638
0.036000 0.036000 0.036000 56.571429 56.571429 0.036000 0.036000 56.571429 69.428571 94.153846
0.036000 0.036000 0.036000 56.571429 56.571429 0.036000 0.036000 56.571429 70.253923 92.081633
0.036000 0.036000 0.036000 56.571429 56.571429 0.036000 0.036000 56.571429 71.926002 92.081633
0.036000 0.036000 0.036000 56.571429 56.571429 0.036000 0.036000 56.571429 72.772915 91.399638
0.036000 0.036000 0.036000 56.571429 56.571429 0.036000 0.036000 56.571429 74.200873 92.081633
0.036000 0.036000 0.036000 56.571429 56.571429 0.036000 0.036000 56.571429 75.649770 92.081633
0.036000 0.036000 0.036000 56.571429 56.571429 0.036000 0.036000 56.571429 77.120068 90.721947
0.036000 0.036000 0.036000 56.571429 56.571429 0.036000 0.036000 56.571429 78.612245 89.379310
0.036000 0.036000 0.036000 56.571429 56.571429 0.036000 0.036000 56.571429 80.126794 81.046472
0.036000 0.036000 0.036000 56.571429 56.571429 0.036000 0.036000 56.571429 81.664221 73.341615
0.036000 0.036000 0.036000 56.571429 56.571429 0.036000 0.036000 56.571429 83.225049 66.727491
0.036000 0.036000 0.036000 56.571429 56.571429 0.036000 0.036000 56.571429 84.809816 59.059908
0.036000 0.036000 0.036000 56.571429 56.571429 0.036000 0.036000 56.571429 86.419077 56.571429
0.036000 0.036000 0.036000 56.571429 56.571429 0.036000 0.036000 56.571429 88.383330 56.571429
0.036000 0.036000 0.036000 56.571429 56.571429 0.036000 0.036000 56.571429 89.379310 56.571429
0.036000 0.036000 0.036000 56.571429 56.571429 0.036000 0.036000 56.571429 83.540070 56.571429
0.036000 0.036000 0.036000 56.571429 56.571429 0.036000 0.036000 56.571429 75.942102 56.571429
0.036000 0.036000 0.036000 56.571429 56.571429 0.036000 0.036000 56.571429 68.068507 56.571429
0.036000 0.036000 0.036000 56.571429 56.571429 0.036000 0.036000 56.571429 61.294461 56.571429
0.036000 0.036000 0.036000 56.571429 56.571429 0.036000 0.036000 56.571429 56.571429 56.571429
0.036000 0.036000 0.036000 56.571429 56.571429 0.036000 0.036000 56.571429 56.571429 56.571429
0.036000 0.036000 0.036000 56.571429 56.571429 0.036000 0.036000 56.571429 56.571429 56.571429
0.036000 0.036000 0.036000 56.571429 56.571429 0.036000 0.036000 56.571429 56.571429 56.571429
0.036000 0.036000 0.036000 56.571429 56.571429 0.036000 0.036000 56.571429 56.571429 56.571429
0.036000 0.036000 0.036000 56.571429 56.571429 0.036000 0.036000 56.571429 56.571429 56.571429
0.036000 0.036000 0.036000 56.571429 56.571429 0.036000 0.036000 56.571429 56.571429 56.571429
0.036000 0.036000 0.036000 56.571429 56.571429 0.036000 0.036000 56.571429 56.571429 56.571429
0.036000 0.036000 0.036000 56.571429 56.571429 0.036000 0.036000 56.571429 56.571429 56.571429
0.036000 0.036000 0.036000 56.571429 56.571429 0.036000 0.036000 56.571429 56.571429 56.571429
0.036000 0.036000 0.036000 56.571429 56.571429 0.036000 0.036000 56.571429 56.571429 56.571429
0.036000 0.036000 0.036000 56.571429 56.571429 0.036000 0.036000 56.571429 56.571429 56.571429
0.036000 0.036000 0.036000 56.571429 56.571429 0.036000 0.036000 56.571429 56.571429 56.571429
0.036000 0.036000 0.036000 56.571429 56.571429 0.036000 0.036000 56.571429 56.571429 56.571429
0.036000 0.036000 0.036000 56.571429 56.571429 0.036000 0.036000 56.571429 56.571429 56.571429
0.036000 0.036000 0.036000 56.571429 56.571429 0.036000 0.036000 56.571429 56.571429 56.571429
0.036000 0.036000 0.036000 56.571429 56.571429 0.036000 0.036000 56.571429 56.571429 56.571429
0.036000 0.036000 0.036000 56.571429 56.571429 0.036000 0.036000 56.571429 56.571429 56.571429
0.036000 0.036000 0.036000 56.571429 56.571429 0.036000 0.036000 56.571429 56.571429 56.571429
0.036000 0.036000 0.036000 56.571429 56.571429 0.036000 0.036000 56.571429 56.571429 56.571429
0.036000 0.036000 0.036000 56.571429 56.571429 0.036000 0.036000 56.571429 56.571429 56.571429
0.036000 0.036000 0.036000 56.571429 56.571429 0.036000 0.036000 56.571429 56.571429 56.571429
0.036000 0.036000 0.036000 56.571429 56.571429 0.036000 0.036000 56.571429 56.571429 56.571429
0.036000 0.036000 0.036000 56.571429 56.571429 0.036000 0.036000 56.571429 56.571429 56.571429
0.036000 0.036000 0.036000 56.571429 56.571429 0.036000 0.036000 56.571429 56.571429 56.571429
0.036000 0.036000 0.036000 56.571429 56.571429 0.036000 0.036000 56.571429 56.571429 56.571429
0.036000 0.036000 0.036000 56.571429 56.571429 0.036000 0.036000 56.571429 56.571429 56.571429
0.036000 0.036000 0.036000 56.571429 56.571429 0.036000 0.036000 56.571429 56.571429 56.571429
0.036000 0.036000 0.036000 56.571429 56.571429 0.036000 0.036000 56.571429 56.571429 56.571429
0.036000 0.036000 0.036000 56.571429 56.571429 0.036000 0.036000 56.571429 56.571429 56.571429
0.036000 0.036000 0.036000 56.571429 56.571429 0.036000 0.036000 56.571429 56.571429 56.571429
0.036000 0.036000 0.036000 56.571429 56.571429 0.036000 0.036000 56.571429 56.571429 56.571429
0.036000 0.036000 0.036000 56.571429 56.571429 0.036000 0.036000 56.571429 56.571429 56.571429
0.036000 0.036000 0.036000 56.571429 56.571429 0.036000 0.036000 56.571429 56.571429 56.571429
0.036000 0.036000 0.036000 56.571429 56.571429 0.036000 0.036000 56.571429 56.571429 56.571429
0.036000 0.036000 0.036000 56.571429 56.571429 0.036000 0.036000 56.571429 56.571429 56.571429
0.036000 0.036000 0.036000 56.571429 56.571429 0.036000 0.036000 56.571429 56.571429 56.571429
0.036000 0.036000 0.036000 56.571429 56.571429 0.036000 0.036000 56.571429 56.571429 56.571429
0.036000 0.036000 0.036000 56.571429 56.571429 0.036000 0.036000 56.571429 56.571429 56.571429
0.036000 0.036000 0.036000 56.571429 56.571429 0.036000 0.036000 56.571429 56.571429 56.571429
0.036000 0.036000 0.036000 56.571429 56.571429 0.036000 0.036000 56.571429 56.571429 56.571429
0.036000 0.036000 0.036000 56.571429 56.571429 0.036000 0.036000 56.571429 56.571429 56.571429
0.036000 0.036000 0.036000 56.571429 56.571429 0.036000 0.036000 56.571429 56.571429 56.571429
0.036000 0.036000 0.036000 56.571429 56.571429 0.036000 0.036000 56.571429 56.571429 56.571429
0.036000 0.036000 0.036000 56.571429 56.571429 0.036000 0.036000 56.571429 56.571429 56.571429
0.036000 0.036000 0.036000 56.571429 56.571429 0.036000 0.036000 56.571429 56.571429 56.571429
0.036000 0.036000 0.036000 56.571429 56.571429 0.036000 0.036000 56.571429 56.571429 56.571429
0.036000 0.036000 0.036000 56.571429 56.571429 0.036000 0.036000 56.571429 56.571429 56.571429
0.036000 0.036000 0.036000 56.571429 56.571429 0.036000 0.036000 56.571429 56.571429 56.571429
0.036000 0.036000 0.036000 56.571429 56.571429 0.036000 0.036000 56.571429 56.571429 56.571429
0.036000 0.036000 0.036000 56.571429 56.571429 0.036000 0.036000 56.571429 56.571429 56.571429
0.036000 0.036000 0.036000 56.571429 56.571429 0.036000 0.036000 56.571429 56.571429 56.571429
0.036000 0.036000 0.036000 56.571429 56.571429 0.036000 0.036000 56.571429 56.571429 56.571429
0.036000 0.036000 0.036000 56.571429 56.571429 0.036000 0.036000 56.571429 56.571429 56.571429
0.036000 0.036000 0.036000 56.571429 56.571429 0.036000 0.036000 56.571429 56.571429 56.571429
0.036000 0.036000 0.036000 56.571429 56.571429 0.036000 0.036000 56.571429 56.571429 56.571429
0.036000 0.036000 0.036000 56.571429 56.571429 0.036000 0.036000 56.571429 56.571429 56.571429
0.036000 0.036000 0.036000 56.571429 56.571429 0.036000 0.036000 56.571429 56.571429 56.571429
0.036000 0.036000 0.036000 56.571429 56.571429 0.036000 0.036000 56.571429 56.571429 56.571429
0.036000 0.036000 0.036000 56.571429 56.571429 0.036000 0.036000 56.571429 56.571429 56.571429
0.036000 0.036000 0.036000 56.571429 56.571429 0.036000 0.036000 56.571429 56.571429 56.571429
0.036000 0.036000 0.036000 56.571429 56.571429 0.036000 0.036000 56.571429 56.571429 56.571429
0.036000 0.036000 0.036000 56.571429 56.571429 0.036000 0.036000 56.571429 56.571429 56.571429
0.036000 0.036000 0.036000 56.571429 56.571429 0.036000 0.036000 56.571429 56.571429 56.571429
0.036000 0.036000 0.036000 56.571429 56.571429 0.036000 0.036000 56.571429 56.571429 56.571429
0.036000 0.036000 0.036000 56.571429 56.571429 0.036000 0.036000 56.571429 56.571429 56.571429
0.036000 0.036000 0.036000 56.571429 56.571429 0.036000 0.036000 56.571429 56.571429 56.571429
0.036000 0.036000 0.036000 56.571429 56.571429 0.036000 0.036000 56.571429 56.571429 56.571429
0.036000 0.036000 0.036000 56.571429 56.571429 0.036000 0.036000 56.571429 56.571429 56.571429
0.036000 0.036000 0.036000 56.571429 56.571429 0.036000 0.036000 56.571429 56.571429 56.571429
0.036000 0.036000 0.036000 56.571429 56.571429 0.036000 0.036000 56.571429 56.571429 56.571429
0.036000 0.036000 0.036000 56.571429 56.571429 0.036000 0.036000 56.571429 56.571429 56.571429
0.036000 0.036000 0.036000 56.571429 56.571429 0.036000 0.036000 56.571429 56.571429 56.571429
0.036000 0.036000 0.036000 56.571429 56.571429 0.036000 0.036000 56.571429 56.571429 56.571429
0.036000 0.036000 0.036000 56.571429 56.571429 0.036000 0.036000 56.571429 56.571429 56.571429
0.036000 0.036000 0.036000 56.571429 56.571429 0.036000 0.036000 56.571429 56.571429 56.571429
0.036000 0.036000 0.036000 56.571429 56.571429 0.036000 0.036000 56.571429 56.571429 56.571429
0.036000 0.036000 0.036000 56.571429 56.571429 0.036000 0.036000 56.571429 56.571429 56.571429
0.036000 0.036000 0.036000 56.571429 56.571429 0.036000 0.036000 56.571429 56.571429 56.571429
0.036000 0.036000 0.036000 56.571429 56.571429 0.036000 0.036000 56.571429 56.571429 56.571429
0.036000 0.036000 0.036000 56.571429 56.571429 0.036000 0.036000 56.571429 56.571429 56.571429
0.036000 0.036000 0.036000 56.571429 56.571429 0.036000 0.036000 56.571429 56.571429 56.571429
0.036000 0.036000 0.036000 56.571429 56.571429 0.036000 0.036000 56.571429 56.571429 56.571429
0.036000 0.036000 0.036000 56.571429 56.571429 0.036000 0.036000 56.571429 56.571429 56.571429
0.036000 0.036000 0.036000 56.571429 56.571429 0.036000 0.036000 56.571429 56.571429 56.571429
0.036000 0.036000 0.036000 56.571429 56.571429 0.036000 0.036000 56.571429 56.571429 56.571429
0.036000 0.036000 0.036000 56.571429 56.571429 0.036000 0.036000 56.571429 56.571429 56.571429
0.036000 0.036000 0.036000 56.571429 56.571429 0.036000 0.036000 56.571429 56.571429 56.571429
0.036000 0.036000 0.036000 56.571429 56.571429 0.036000 0.036000 56.571429 56.571429 56.571429
0.036000 0.036000 0.036000 56.571429 56.571429 0.036000 0.036000 56.571429 56.571429 56.571429
0.036000 0.036000 0.036000 56.571429 56.571429 0.036000 0.036000 56.571429 56.571429 56.571429
0.036000 0.036000 0.036000 56.571429 56.571429 0.036000 0.036000 56.571429 56.571429 56.571429
0.036000 0.036000 0.036000 56.571429 56.571429 0.036000 0.036000 56.571429 56.571429 56.571429
0.036000 0.036000 0.036000 56.571429 56.571429 0.036000 0.036000 56.571429 56.571429 56.571429
0.036000 0.036000 0.036000 56.571429 56.571429 0.036000 0.036000 59.305518 56.571429 56.571429
0.036000 0.036000 0.036000 56.571429 56.571429 0.036000 0.036000 65.668126 56.571429 56.571429
0.036000 0.036000 0.036000 56.571429 56.571429 0.036000 0.036000 71.365444 56.571429 56.571429
0.036000 0.036000 0.036000 56.571429 56.571429 0.036000 0.036000 77.120068 56.571429 56.571429
0.036000 0.036000 0.036000 56.571429 56.571429 0.036000 0.036000 82.597876 56.571429 56.571429
0.036000 0.036000 0.036000 56.571429 56.571429 0.036000 0.036000 88.383330 56.571429 56.571429
0.036000 0.036000 0.036000 56.571429 56.571429 0.036000 0.036000 93.805714 56.571429 56.571429
0.036000 0.036000 0.036000 56.571429 56.571429 0.036000 0.036000 99.513019 56.571429 56.571429
0.036000 0.036000 0.036000 56.571429 56.571429 0.036000 0.036000 104.375839 56.571429 56.571429
0.036000 0.036000 0.036000 56.571429 56.571429 0.036000 0.036000 109.855670 56.571429 56.571429
0.036000 0.036000 0.036000 56.571429 56.571429 0.036000 0.036000 115.185539 56.571429 56.571429
0.036000 0.036000 0.036000 56.571429 56.571429 0.036000 0.036000 121.646209 56.571429 64.101026
0.036000 0.036000 0.036000 56.571429 56.571429 0.036000 0.036000 127.535252 56.571429 64.620499
0.036000 0.036000 0.036000 56.571429 56.571429 0.036000 0.036000 133.714286 56.571429 63.584416
0.036000 0.036000 0.036000 56.571429 56.571429 0.036000 0.036000 141.750000 56.571429 66.196329
0.036000 0.036000 0.036000 56.571429 56.571429 0.036000 0.036000 149.204819 56.571429 68.338983
0.036000 0.036000 0.036000 56.571429 56.571429 0.036000 0.036000 155.362863 56.571429 68.882234
0.036000 0.036000 0.036000 56.571429 56.571429 0.036000 0.036000 164.222760 56.571429 70.530612
0.036000 0.036000 0.036000 56.571429 56.571429 0.036000 0.036000 173.015596 56.571429 72.207493
0.036000 0.036000 0.036000 56.571429 56.571429 0.036000 0.036000 181.675762 56.571429 73.341615
0.036000 0.036000 0.036000 56.571429 56.571429 0.036000 0.036000 190.857143 56.571429 74.488963
0.036000 0.036000 0.036000 56.571429 56.571429 0.036000 0.036000 198.304672 56.571429 75.067669
0.036000 0.036000 0.036000 56.571429 56.571429 0.036000 0.036000 203.731497 56.571429 75.067669
0.036000 0.036000 0.036000 56.571429 56.571429 0.036000 0.036000 211.809524 56.571429 76.824273
0.036000 0.036000 0.036000 56.571429 56.571429 0.036000 0.036000 217.705671 56.571429 77.416737
0.036000 0.036000 0.036000 56.571429 56.571429 0.036000 0.036000 221.168963 56.571429 78.012717
0.036000 0.036000 0.036000 56.571429 56.571429 0.036000 0.036000 224.703297 56.571429 79.215352
0.036000 0.036000 0.036000 56.571429 56.571429 0.036000 0.036000 211.809524 56.571429 79.822070
0.036000 0.036000 0.036000 56.571429 56.571429 0.036000 0.036000 199.836735 56.571429 81.664221
0.036000 0.036000 0.036000 56.571429 56.571429 0.036000 0.036000 187.261196 56.571429 81.664221
0.036000 0.036000 0.036000 56.571429 56.571429 0.036000 0.036000 176.950695 56.571429 82.910986
0.036000 0.036000 0.036000 56.571429 56.571429 0.036000 0.036000 166.062747 56.571429 84.173001
0.036000 0.036000 0.036000 56.571429 56.571429 0.036000 0.036000 155.936508 56.571429 85.450549
0.036000 0.036000 0.036000 56.571429 56.571429 0.036000 0.036000 146.494746 56.571429 86.095238
0.036000 0.036000 0.036000 56.571429 56.571429 0.036000 0.036000 140.205270 56.571429 87.396628
0.036000 0.036000 0.036000 56.571429 56.571429 0.036000 0.036000 130.825040 56.571429 90.048518
0.036000 0.036000 0.036000 56.571429 56.571429 0.036000 0.036000 124.329510 56.571429 93.458695
0.036000 0.036000 0.036000 56.571429 56.571429 0.036000 0.036000 119.020408 56.571429 92.767971
0.036000 0.036000 0.036000 56.571429 56.571429 0.036000 0.036000 113.519820 56.571429 92.767971
0.036000 0.036000 0.036000 56.571429 56.571429 0.036000 0.036000 109.855670 56.571429 94.153846
0.036000 0.036000 0.036000 56.571429 56.571429 0.036000 0.036000 103.613951 56.571429 94.153846
0.036000 0.036000 0.036000 56.571429 56.571429 0.036000 0.036000 98.420168 56.571429 92.081633
0.036000 0.036000 0.036000 56.571429 56.571429 0.036000 0.036000 94.153846 56.571429 92.767971
0.036000 0.036000 0.036000 56.571429 56.571429 0.036000 0.036000 90.384702 56.571429 92.081633
0.036000 0.036000 0.036000 56.571429 56.571429 0.036000 0.036000 85.772397 56.571429 92.767971
0.036000 0.036000 0.036000 56.571429 56.571429 0.036000 0.036000 81.354880 56.571429 92.081633
0.036000 0.036000 0.036000 56.571429 56.571429 0.036000 0.036000 76.529350 56.571429 94.153846
0.036000 0.036000 0.036000 56.571429 56.571429 0.036000 0.036000 71.645320 56.571429 94.853468
0.036000 0.036000 0.036000 56.571429 56.571429 0.036000 0.036000 68.338983 56.571429 94.153846
0.036000 0.036000 0.036000 56.571429 56.571429 0.036000 0.036000 64.620499 56.571429 94.153846
0.036000 0.036000 0.036000 56.571429 56.571429 0.036000 0.036000 61.546127 56.571429 94.153846
0.036000 0.036000 0.036000 56.571429 56.571429 0.036000 0.036000 58.570663 56.571429 94.153846
0.036000 0.036000 0.036000 56.571429 56.571429 0.036000 0.036000 56.571429 56.571429 94.153846
0.036000 0.036000 0.036000 56.571429 56.571429 0.036000 0.036000 56.571429 56.571429 93.458695
0.036000 0.036000 0.036000 56.571429 56.571429 0.036000 0.036000 56.571429 56.571429 95.557604
0.036000 0.036000 0.036000 56.571429 56.571429 0.036000 0.036000 56.571429 56.571429 94.153846
0.036000 0.036000 0.036000 56.571429 56.571429 0.036000 0.036000 56.571429 56.571429 94.853468
0.036000 0.036000 0.036000 56.571429 56.571429 0.036000 0.036000 56.571429 56.571429 95.557604
0.036000 0.036000 0.036000 56.571429 56.571429 0.036000 0.036000 56.571429 56.571429 94.153846
0.036000 0.036000 0.036000 56.571429 56.571429 0.036000 0.036000 56.571429 56.571429 93.458695
0.036000 0.036000 0.036000 56.571429 56.571429 0.036000 0.036000 56.571429 62.814815 95.557604
0.036000 0.036000 0.036000 56.571429 56.571429 0.036000 0.036000 56.571429 63.070644 94.853468
0.036000 0.036000 0.036000 56.571429 56.571429 0.036000 0.036000 56.571429 61.546127 94.153846
0.036000 0.036000 0.036000 56.571429 56.571429 0.036000 0.036000 56.571429 64.360403 92.767971
0.036000 0.036000 0.036000 56.571429 56.571429 0.036000 0.036000 56.571429 65.931859 92.767971
0.036000 0.036000 0.036000 56.571429 56.571429 0.036000 0.036000 56.571429 66.727491 92.767971
0.036000 0.036000 0.036000 56.571429 56.571429 0.036000 0.036000 56.571429 68.068507 92.767971
0.036000 0.036000 0.036000 56.571429 56.571429 0.036000 0.036000 56.571429 69.428571 94.153846
0.036000 0.036000 0.036000 56.571429 56.571429 0.036000 0.036000 56.571429 70.808093 92.767971
0.036000 0.036000 0.036000 56.571429 56.571429 0.036000 0.036000 56.571429 72.207493 92.081633
0.036000 0.036000 0.036000 56.571429 56.571429 0.036000 0.036000 56.571429 73.627203 90.721947
0.036000 0.036000 0.036000 56.571429 56.571429 0.036000 0.036000 56.571429 75.067669 91.399638
0.036000 0.036000 0.036000 56.571429 56.571429 0.036000 0.036000 56.571429 76.824273 90.048518
0.036000 0.036000 0.036000 56.571429 56.571429 0.036000 0.036000 56.571429 77.714286 88.053405
0.036000 0.036000 0.036000 56.571429 56.571429 0.036000 0.036000 56.571429 79.215352 79.822070
0.036000 0.036000 0.036000 56.571429 56.571429 0.036000 0.036000 56.571429 81.046472 71.645320
0.036000 0.036000 0.036000 56.571429 56.571429 0.036000 0.036000 56.571429 81.974498 65.668126
0.036000 0.036000 0.036000 56.571429 56.571429 0.036000 0.036000 56.571429 83.540070 58.570663
0.036000 0.036000 0.036000 56.571429 56.571429 0.036000 0.036000 56.571429 85.450549 56.571429
0.036000 0.036000 0.036000 56.571429 56.571429 0.036000 0.036000 56.571429 86.419077 56.571429
0.036000 0.036000 0.036000 56.571429 56.571429 0.036000 0.036000 56.571429 88.053405 56.571429
0.036000 0.036000 0.036000 56.571429 56.571429 0.036000 0.036000 56.571429 89.713389 56.571429
0.036000 0.036000 0.036000 56.571429 56.571429 0.036000 0.036000 56.571429 83.856052 56.571429
0.036000 0.036000 0.036000 56.571429 56.571429 0.036000 0.036000 56.571429 76.235294 56.571429
0.036000 0.036000 0.036000 56.571429 56.571429 0.036000 0.036000 56.571429 68.338983 56.571429
0.036000 0.036000 0.036000 56.571429 56.571429 0.036000 0.036000 56.571429 61.798480 56.571429
0.036000 0.036000 0.036000 56.571429 56.571429 0.036000 0.036000 56.571429 56.571429 56.571429
0.036000 0.036000 0.036000 56.571429 56.571429 0.036000 0.036000 56.571429 56.571429 56.571429
0.036000 0.036000 0.036000 56.571429 56.571429 0.036000 0.036000 56.571429 56.571429 56.571429
0.036000 0.036000 0.036000 56.571429 56.571429 0.036000 0.036000 56.571429 56.571429 56.571429
0.036000 0.036000 0.036000 56.571429 56.571429 0.036000 0.036000 56.571429 56.571429 56.571429
0.036000 0.036000 0.036000 56.571429 56.571429 0.036000 0.036000 56.571429 56.571429 56.571429
0.036000 0.036000 0.036000 56.571429 56.571429 0.036000 0.036000 56.571429 56.571429 56.571429
0.036000 0.036000 0.036000 56.571429 56.571429 0.036000 0.036000 56.571429 56.571429 56.571429
0.036000 0.036000 0.036000 56.571429 56.571429 0.036000 0.036000 56.571429 56.571429 56.571429
0.036000 0.036000 0.036000 56.571429 56.571429 0.036000 0.036000 56.571429 56.571429 56.571429
0.036000 0.036000 0.036000 56.571429 56.571429 0.036000 0.036000 56.571429 56.571429 56.571429
0.036000 0.036000 0.036000 56.571429 56.571429 0.036000 0.036000 56.571429 56.571429 56.571429
0.036000 0.036000 0.036000 56.571429 56.571429 0.036000 0.036000 56.571429 56.571429 56.571429
0.036000 0.036000 0.036000 56.571429 56.571429 0.036000 0.036000 56.571429 56.571429 56.571429
0.036000 0.036000 0.036000 56.571429 56.571429 0.036000 0.036000 56.571429 56.571429 56.571429
0.036000 0.036000 0.036000 56.571429 56.571429 0.036000 0.036000 56.571429 56.571429 56.571429
0.036000 0.036000 0.036000 56.571429 56.571429 0.036000 0.036000 56.571429 56.571429 56.571429
0.036000 0.036000 0.036000 56.571429 56.571429 0.036000 0.036000 56.571429 56.571429 56.571429
0.036000 0.036000 0.036000 56.571429 56.571429 0.036000 0.036000 56.571429 56.571429 56.571429
0.036000 0.036000 0.036000 56.571429 56.571429 0.036000 0.036000 56.571429 56.571429 56.571429
0.036000 0.036000 0.036000 56.571429 56.571429 0.036000 0.036000 56.571429 56.571429 56.571429
0.036000 0.036000 0.036000 56.571429 56.571429 0.036000 0.036000 56.571429 56.571429 56.571429
0.036000 0.036000 0.036000 56.571429 56.571429 0.036000 0.036000 56.571429 56.571429 56.571429
0.036000 0.036000 0.036000 56.571429 56.571429 0.036000 0.036000 56.571429 56.571429 56.571429
0.036000 0.036000 0.036000 56.571429 56.571429 0.036000 0.036000 56.571429 56.571429 56.571429
0.036000 0.036000 0.036000 56.571429 56.571429 0.036000 0.036000 56.571429 56.571429 56.571429
0.036000 0.036000 0.036000 56.571429 56.571429 0.036000 0.036000 56.571429 56.571429 56.571429
0.036000 0.036000 0.036000 56.571429 56.571429 0.036000 0.036000 56.571429 56.571429 56.571429
0.036000 0.036000 0.036000 56.571429 56.571429 0.036000 0.036000 56.571429 56.571429 56.571429
0.036000 0.036000 0.036000 56.571429 56.571429 0.036000 0.036000 56.571429 56.571429 56.571429
0.036000 0.036000 0.036000 56.571429 56.571429 0.036000 0.036000 56.571429 56.571429 56.571429
0.036000 0.036000 0.036000 56.571429 56.571429 0.036000 0.036000 56.571429 56.571429 56.571429
0.036000 0.036000 0.036000 56.571429 56.571429 0.036000 0.036000 56.571429 56.571429 56.571429
0.036000 0.036000 0.036000 56.571429 56.571429 0.036000 0.036000 56.571429 56.571429 56.571429
0.036000 0.036000 0.036000 56.571429 56.571429 0.036000 0.036000 56.571429 56.571429 56.571429
0.036000 0.036000 0.036000 56.571429 56.571429 0.036000 0.036000 56.571429 56.571429 56.571429
0.036000 0.036000 0.036000 56.571429 56.571429 0.036000 0.036000 56.571429 56.571429 56.571429
0.036000 0.036000 0.036000 56.571429 56.571429 0.036000 0.036000 56.571429 56.571429 56.571429
0.036000 0.036000 0.036000 56.571429 56.571429 0.036000 0.036000 56.571429 56.571429 56.571429
0.036000 0.036000 0.036000 56.571429 56.571429 0.036000 0.036000 56.571429 56.571429 56.571429
0.036000 0.036000 0.036000 56.571429 56.571429 0.036000 0.036000 56.571429 56.571429 56.571429
0.036000 0.036000 0.036000 56.571429 56.571429 0.036000 0.036000 56.571429 56.571429 56.571429
0.036000 0.036000 0.036000 56.571429 56.571429 0.036000 0.036000 56.571429 56.571429 56.571429
0.036000 0.036000 0.036000 56.571429 56.571429 0.036000 0.036000 56.571429 56.571429 56.571429
0.036000 0.036000 0.036000 56.571429 56.571429 0.036000 0.036000 56.571429 56.571429 56.571429
0.036000 0.036000 0.036000 56.571429 56.571429 0.036000 0.036000 56.571429 56.571429 56.571429
0.036000 0.036000 0.036000 56.571429 56.571429 0.036000 0.036000 56.571429 56.571429 56.571429
0.036000 0.036000 0.036000 56.571429 56.571429 0.036000 0.036000 56.571429 56.571429 56.571429
0.036000 0.036000 0.036000 56.571429 56.571429 0.036000 0.036000 56.571429 56.571429 56.571429
0.036000 0.036000 0.036000 56.571429 56.571429 0.036000 0.036000 56.571429 56.571429 56.571429
0.036000 0.036000 0.036000 56.571429 56.571429 0.036000 0.036000 56.571429 56.571429 56.571429
0.036000 0.036000 0.036000 56.571429 56.571429 0.036000 0.036000 56.571429 56.571429 56.571429
0.036000 0.036000 0.036000 56.571429 56.571429 0.036000 0.036000 56.571429 56.571429 56.571429
0.036000 0.036000 0.036000 56.571429 56.571429 0.036000 0.036000 56.571429 56.571429 56.571429
0.036000 0.036000 0.036000 56.571429 56.571429 0.036000 0.036000 56.571429 56.571429 56.571429
0.036000 0.036000 0.036000 56.571429 56.571429 0.036000 0.036000 56.571429 56.571429 56.571429
0.036000 0.036000 0.036000 56.571429 56.571429 0.036000 0.036000 56.571429 56.571429 56.571429
0.036000 0.036000 0.036000 56.571429 56.571429 0.036000 0.036000 56.571429 56.571429 56.571429
0.036000 0.036000 0.036000 56.571429 56.571429 0.036000 0.036000 56.571429 56.571429 56.571429
0.036000 0.036000 0.036000 56.571429 56.571429 0.036000 0.036000 56.571429 56.571429 56.571429
0.036000 0.036000 0.036000 56.571429 56.571429 0.036000 0.036000 56.571429 56.571429 56.571429
0.036000 0.036000 0.036000 56.571429 56.571429 0.036000 0.036000 56.571429 56.571429 56.571429
0.036000 0.036000 0.036000 56.571429 56.571429 0.036000 0.036000 56.571429 56.571429 56.571429
0.036000 0.036000 0.036000 56.571429 56.571429 0.036000 0.036000 56.571429 56.571429 56.571429
0.036000 0.036000 0.036000 56.571429 56.571429 0.036000 0.036000 56.571429 56.571429 56.571429
0.036000 0.036000 0.036000 56.571429 56.571429 0.036000 0.036000 56.571429 56.571429 56.571429
0.036000 0.036000 0.036000 56.571429 56.571429 0.036000 0.036000 56.571429 56.571429 56.571429
0.036000 0.036000 0.036000 56.571429 56.571429 0.036000 0.036000 56.571429 56.571429 56.571429
0.036000 0.036000 0.036000 56.571429 56.571429 0.036000 0.036000 56.571429 56.571429 56.571429
0.036000 0.036000 0.036000 56.571429 56.571429 0.036000 0.036000 56.571429 56.571429 56.571429
0.036000 0.036000 0.036000 56.571429 56.571429 0.036000 0.036000 56.571429 56.571429 56.571429
0.036000 0.036000 0.036000 56.571429 56.571429 0.036000 0.036000 56.571429 56.571429 56.571429
0.036000 0.036000 0.036000 56.571429 56.571429 0.036000 0.036000 56.571429 56.571429 56.571429
0.036000 0.036000 0.036000 56.571429 56.571429 0.036000 0.036000 56.571429 56.571429 56.571429
0.036000 0.036000 0.036000 56.571429 56.571429 0.036000 0.036000 56.571429 56.571429 56.571429
0.036000 0.036000 0.036000 56.571429 56.571429 0.036000 0.036000 56.571429 56.571429 56.571429
0.036000 0.036000 0.036000 56.571429 56.571429 0.036000 0.036000 56.571429 56.571429 56.571429
0.036000 0.036000 0.036000 56.571429 56.571429 0.036000 0.036000 56.571429 56.571429 56.571429
0.036000 0.036000 0.036000 56.571429 56.571429 0.036000 0.036000 56.571429 56.571429 56.571429
0.036000 0.036000 0.036000 56.571429 56.571429 0.036000 0.036000 56.571429 56.571429 56.571429
0.036000 0.036000 0.036000 56.571429 56.571429 0.036000 0.036000 56.571429 56.571429 56.571429
0.036000 0.036000 0.036000 56.571429 56.571429 0.036000 0.036000 56.571429 56.571429 56.571429
0.036000 0.036000 0.036000 56.571429 56.571429 0.036000 0.036000 56.571429 56.571429 56.571429
0.036000 0.036000 0.036000 56.571429 56.571429 0.036000 0.036000 56.571429 56.571429 56.571429
0.036000 0.036000 0.036000 56.571429 56.571429 0.036000 0.036000 56.571429 56.571429 56.571429
0.036000 0.036000 0.036000 56.571429 56.571429 0.036000 0.036000 56.571429 56.571429 56.571429
0.036000 0.036000 0.036000 56.571429 56.571429 0.036000 0.036000 56.571429 56.571429 56.571429
0.036000 0.036000 0.036000 56.571429 56.571429 0.036000 0.036000 56.571429 56.571429 56.571429
0.036000 0.036000 0.036000 56.571429 56.571429 0.036000 0.036000 56.571429 56.571429 56.571429
0.036000 0.036000 0.036000 56.571429 56.571429 0.036000 0.036000 56.571429 56.571429 56.571429
0.036000 0.036000 0.036000 56.571429 56.571429 0.036000 0.036000 56.571429 56.571429 56.571429
0.036000 0.036000 0.036000 56.571429 56.571429 0.036000 0.036000 56.571429 56.571429 56.571429
0.036000 0.036000 0.036000 56.571429 56.571429 0.036000 0.036000 56.571429 56.571429 56.571429
0.036000 0.036000 0.036000 56.571429 56.571429 0.036000 0.036000 56.571429 56.571429 56.571429
0.036000 0.036000 0.036000 56.571429 56.571429 0.036000 0.036000 56.571429 56.571429 56.571429
0.036000 0.036000 0.036000 56.571429 56.571429 0.036000 0.036000 60.543554 56.571429 56.571429
0.036000 0.036000 0.036000 56.571429 56.571429 0.036000 0.036000 66.196329 56.571429 56.571429
0.036000 0.036000 0.036000 56.571429 56.571429 0.036000 0.036000 72.207493 56.571429 56.571429
0.036000 0.036000 0.036000 56.571429 56.571429 0.036000 0.036000 76.529350 56.571429 56.571429
0.036000 0.036000 0.036000 56.571429 56.571429 0.036000 0.036000 79.822070 56.571429 56.571429
0.036000 0.036000 0.036000 56.571429 56.571429 0.036000 0.036000 83.856052 56.571429 56.571429
0.036000 0.036000 0.036000 56.571429 56.571429 0.036000 0.036000 88.383330 56.571429 56.571429
0.036000 0.036000 0.036000 56.571429 56.571429 0.036000 0.036000 93.458695 56.571429 56.571429
0.036000 0.036000 0.036000 56.571429 56.571429 0.036000 0.036000 98.420168 56.571429 56.571429
0.036000 0.036000 0.036000 56.571429 56.571429 0.036000 0.036000 102.857143 56.571429 56.571429
0.036000 0.036000 0.036000 56.571429 56.571429 0.036000 0.036000 108.659341 56.571429 63.584416
0.036000 0.036000 0.036000 56.571429 56.571429 0.036000 0.036000 114.349762 56.571429 64.101026
0.036000 0.036000 0.036000 56.571429 56.571429 0.036000 0.036000 119.454127 56.571429 63.070644
0.036000 0.036000 0.036000 56.571429 56.571429 0.036000 0.036000 124.782450 56.571429 65.142857
0.036000 0.036000 0.036000 56.571429 56.571429 0.036000 0.036000 131.302064 56.571429 66.196329
0.036000 0.036000 0.036000 56.571429 56.571429 0.036000 0.036000 138.678434 56.571429 67.798793
0.036000 0.036000 0.036000 56.571429 56.571429 0.036000 0.036000 146.494746 56.571429 69.978022
0.036000 0.036000 0.036000 56.571429 56.571429 0.036000 0.036000 153.091650 56.571429 69.978022
0.036000 0.036000 0.036000 56.571429 56.571429 0.036000 0.036000 160.019087 56.571429 70.530612
0.036000 0.036000 0.036000 56.571429 56.571429 0.036000 0.036000 167.926426 56.571429 71.645320
0.036000 0.036000 0.036000 56.571429 56.571429 0.036000 0.036000 173.015596 56.571429 71.086369
0.036000 0.036000 0.036000 56.571429 56.571429 0.036000 0.036000 183.053209 56.571429 72.772915
0.036000 0.036000 0.036000 56.571429 56.571429 0.036000 0.036000 187.973788 56.571429 74.488963
0.036000 0.036000 0.036000 56.571429 56.571429 0.036000 0.036000 193.054945 56.571429 73.913621
0.036000 0.036000 0.036000 56.571429 56.571429 0.036000 0.036000 199.068884 56.571429 75.649770
0.036000 0.036000 0.036000 56.571429 56.571429 0.036000 0.036000 205.315808 56.571429 76.824273
0.036000 0.036000 0.036000 56.571429 56.571429 0.036000 0.036000 207.721254 56.571429 76.235294
0.036000 0.036000 0.036000 56.571429 56.571429 0.036000 0.036000 209.344538 56.571429 76.824273
0.036000 0.036000 0.036000 56.571429 56.571429 0.036000 0.036000 206.915537 56.571429 78.012717
0.036000 0.036000 0.036000 56.571429 56.571429 0.036000 0.036000 196.787062 56.571429 78.612245
0.036000 0.036000 0.036000 56.571429 56.571429 0.036000 0.036000 183.746606 56.571429 79.215352
0.036000 0.036000 0.036000 56.571429 56.571429 0.036000 0.036000 173.664270 56.571429 81.046472
0.036000 0.036000 0.036000 56.571429 56.571429 0.036000 0.036000 165.446809 56.571429 80.432432
0.036000 0.036000 0.036000 56.571429 56.571429 0.036000 0.036000 155.362863 56.571429 81.664221
0.036000 0.036000 0.036000 56.571429 56.571429 0.036000 0.036000 144.894410 56.571429 82.910986
0.036000 0.036000 0.036000 56.571429 56.571429 0.036000 0.036000 137.169180 56.571429 85.450549
0.036000 0.036000 0.036000 56.571429 56.571429 0.036000 0.036000 131.302064 56.571429 86.095238
0.036000 0.036000 0.036000 56.571429 56.571429 0.036000 0.036000 125.693316 56.571429 85.450549
0.036000 0.036000 0.036000 56.571429 56.571429 0.036000 0.036000 120.326237 56.571429 84.809816
0.036000 0.036000 0.036000 56.571429 56.571429 0.036000 0.036000 114.349762 56.571429 86.095238
0.036000 0.036000 0.036000 56.571429 56.571429 0.036000 0.036000 110.257192 56.571429 85.450549
0.036000 0.036000 0.036000 56.571429 56.571429 0.036000 0.036000 102.857143 56.571429 84.173001
0.036000 0.036000 0.036000 56.571429 56.571429 0.036000 0.036000 97.697534 56.571429 86.095238
0.036000 0.036000 0.036000 56.571429 56.571429 0.036000 0.036000 92.424256 56.571429 86.743919
0.036000 0.036000 0.036000 56.571429 56.571429 0.036000 0.036000 88.714286 56.571429 86.095238
0.036000 0.036000 0.036000 56.571429 56.571429 0.036000 0.036000 85.772397 56.571429 85.450549
0.036000 0.036000 0.036000 56.571429 56.571429 0.036000 0.036000 80.126794 56.571429 86.095238
0.036000 0.036000 0.036000 56.571429 56.571429 0.036000 0.036000 75.358293 56.571429 86.743919
0.036000 0.036000 0.036000 56.571429 56.571429 0.036000 0.036000 71.086369 56.571429 89.379310
0.036000 0.036000 0.036000 56.571429 56.571429 0.036000 0.036000 68.068507 56.571429 87.396628
0.036000 0.036000 0.036000 56.571429 56.571429 0.036000 0.036000 65.142857 56.571429 86.743919
0.036000 0.036000 0.036000 56.571429 56.571429 0.036000 0.036000 62.305257 56.571429 86.743919
0.036000 0.036000 0.036000 56.571429 56.571429 0.036000 0.036000 58.327022 56.571429 88.053405
0.036000 0.036000 0.036000 56.571429 56.571429 0.036000 0.036000 56.571429 56.571429 89.379310
0.036000 0.036000 0.036000 56.571429 56.571429 0.036000 0.036000 56.571429 56.571429 89.379310
0.036000 0.036000 0.036000 56.571429 56.571429 0.036000 0.036000 56.571429 56.571429 89.379310
0.036000 0.036000 0.036000 56.571429 56.571429 0.036000 0.036000 56.571429 56.571429 90.721947
0.036000 0.036000 0.036000 56.571429 56.571429 0.036000 0.036000 56.571429 56.571429 90.721947
0.036000 0.036000 0.036000 56.571429 56.571429 0.036000 0.036000 56.571429 56.571429 90.048518
0.036000 0.036000 0.036000 56.571429 56.571429 0.036000 0.036000 56.571429 62.814815 91.399638
0.036000 0.036000 0.036000 56.571429 56.571429 0.036000 0.036000 56.571429 63.070644 92.081633
0.036000 0.036000 0.036000 56.571429 56.571429 0.036000 0.036000 56.571429 61.546127 91.399638
0.036000 0.036000 0.036000 56.571429 56.571429 0.036000 0.036000 56.571429 64.360403 92.081633
0.036000 0.036000 0.036000 56.571429 56.571429 0.036000 0.036000 56.571429 66.196329 92.767971
0.036000 0.036000 0.036000 56.571429 56.571429 0.036000 0.036000 56.571429 66.196329 92.767971
0.036000 0.036000 0.036000 56.571429 56.571429 0.036000 0.036000 56.571429 68.068507 90.721947
0.036000 0.036000 0.036000 56.571429 56.571429 0.036000 0.036000 56.571429 69.702906 92.081633
0.036000 0.036000 0.036000 56.571429 56.571429 0.036000 0.036000 56.571429 70.530612 92.081633
0.036000 0.036000 0.036000 56.571429 56.571429 0.036000 0.036000 56.571429 71.926002 92.081633
0.036000 0.036000 0.036000 56.571429 56.571429 0.036000 0.036000 56.571429 73.627203 92.767971
0.036000 0.036000 0.036000 56.571429 56.571429 0.036000 0.036000 56.571429 74.488963 92.767971
0.036000 0.036000 0.036000 56.571429 56.571429 0.036000 0.036000 56.571429 76.235294 94.853468
0.036000 0.036000 0.036000 56.571429 56.571429 0.036000 0.036000 56.571429 77.120068 96.266297
0.036000 0.036000 0.036000 56.571429 56.571429 0.036000 0.036000 56.571429 78.612245 90.721947
0.036000 0.036000 0.036000 56.571429 56.571429 0.036000 0.036000 56.571429 80.126794 81.664221
0.036000 0.036000 0.036000 56.571429 56.571429 0.036000 0.036000 56.571429 81.974498 75.649770
0.036000 0.036000 0.036000 56.571429 56.571429 0.036000 0.036000 56.571429 82.910986 67.261637
0.036000 0.036000 0.036000 56.571429 56.571429 0.036000 0.036000 56.571429 84.490921 60.543554
0.036000 0.036000 0.036000 56.571429 56.571429 0.036000 0.036000 56.571429 86.095238 56.571429
0.036000 0.036000 0.036000 56.571429 56.571429 0.036000 0.036000 56.571429 87.724506 56.571429
0.036000 0.036000 0.036000 56.571429 56.571429 0.036000 0.036000 56.571429 89.379310 56.571429
0.036000 0.036000 0.036000 56.571429 56.571429 0.036000 0.036000 56.571429 83.540070 56.571429
0.036000 0.036000 0.036000 56.571429 56.571429 0.036000 0.036000 56.571429 75.649770 56.571429
0.036000 0.036000 0.036000 56.571429 56.571429 0.036000 0.036000 56.571429 68.610224 56.571429
0.036000 0.036000 0.036000 56.571429 56.571429 0.036000 0.036000 56.571429 61.294461 56.571429
0.036000 0.036000 0.036000 56.571429 56.571429 0.036000 0.036000 56.571429 56.571429 56.571429
0.036000 0.036000 0.036000 56.571429 56.571429 0.036000 0.036000 56.571429 56.571429 56.571429
0.036000 0.036000 0.036000 56.571429 56.571429 0.036000 0.036000 56.571429 56.571429 56.571429
0.036000 0.036000 0.036000 56.571429 56.571429 0.036000 0.036000 56.571429 56.571429 56.571429
0.036000 0.036000 0.036000 56.571429 56.571429 0.036000 0.036000 56.571429 56.571429 56.571429
0.036000 0.036000 0.036000 56.571429 56.571429 0.036000 0.036000 56.571429 56.571429 56.571429
0.036000 0.036000 0.036000 56.571429 56.571429 0.036000 0.036000 56.571429 56.571429 56.571429
0.036000 0.036000 0.036000 56.571429 56.571429 0.036000 0.036000 56.571429 56.571429 56.571429
0.036000 0.036000 0.036000 56.571429 56.571429 0.036000 0.036000 56.571429 56.571429 56.571429
0.036000 0.036000 0.036000 56.571429 56.571429 0.036000 0.036000 56.571429 56.571429 56.571429
0.036000 0.036000 0.036000 56.571429 56.571429 0.036000 0.036000 56.571429 56.571429 56.571429
0.036000 0.036000 0.036000 56.571429 56.571429 0.036000 0.036000 56.571429 56.571429 56.571429
0.036000 0.036000 0.036000 56.571429 56.571429 0.036000 0.036000 56.571429 56.571429 56.571429
0.036000 0.036000 0.036000 56.571429 56.571429 0.036000 0.036000 56.571429 56.571429 56.571429
0.036000 0.036000 0.036000 56.571429 56.571429 0.036000 0.036000 56.571429 56.571429 56.571429
0.036000 0.036000 0.036000 56.571429 56.571429 0.036000 0.036000 56.571429 56.571429 56.571429
0.036000 0.036000 0.036000 56.571429 56.571429 0.036000 0.036000 56.571429 56.571429 56.571429
0.036000 0.036000 0.036000 56.571429 56.571429 0.036000 0.036000 56.571429 56.571429 56.571429
0.036000 0.036000 0.036000 56.571429 56.571429 0.036000 0.036000 56.571429 56.571429 56.571429
0.036000 0.036000 0.036000 56.571429 56.571429 0.036000 0.036000 56.571429 56.571429 56.571429
0.036000 0.036000 0.036000 56.571429 56.571429 0.036000 0.036000 56.571429 56.571429 56.571429
0.036000 0.036000 0.036000 56.571429 56.571429 0.036000 0.036000 56.571429 56.571429 56.571429
0.036000 0.036000 0.036000 56.571429 56.571429 0.036000 0.036000 56.571429 56.571429 56.571429
0.036000 0.036000 0.036000 56.571429 56.571429 0.036000 0.036000 56.571429 56.571429 56.571429
0.036000 0.036000 0.036000 56.571429 56.571429 0.036000 0.036000 56.571429 56.571429 56.571429
0.036000 0.036000 0.036000 56.571429 56.571429 0.036000 0.036000 56.571429 56.571429 56.571429
0.036000 0.036000 0.036000 56.571429 56.571429 0.036000 0.036000 56.571429 56.571429 56.571429
0.036000 0.036000 0.036000 56.571429 56.571429 0.036000 0.036000 56.571429 56.571429 56.571429
0.036000 0.036000 0.036000 56.571429 56.571429 0.036000 0.036000 56.571429 56.571429 56.571429
0.036000 0.036000 0.036000 56.571429 56.571429 0.036000 0.036000 56.571429 56.571429 56.571429
0.036000 0.036000 0.036000 56.571429 56.571429 0.036000 0.036000 56.571429 56.571429 56.571429
0.036000 0.036000 0.036000 56.571429 56.571429 0.036000 0.036000 56.571429 56.571429 56.571429
0.036000 0.036000 0.036000 56.571429 56.571429 0.036000 0.036000 56.571429 56.571429 56.571429
0.036000 0.036000 0.036000 56.571429 56.571429 0.036000 0.036000 56.571429 56.571429 56.571429
0.036000 0.036000 0.036000 56.571429 56.571429 0.036000 0.036000 56.571429 56.571429 56.571429
0.036000 0.036000 0.036000 56.571429 56.571429 0.036000 0.036000 56.571429 56.571429 56.571429
0.036000 0.036000 0.036000 56.571429 56.571429 0.036000 0.036000 56.571429 56.571429 56.571429
0.036000 0.036000 0.036000 56.571429 56.571429 0.036000 0.036000 56.571429 56.571429 56.571429
0.036000 0.036000 0.036000 56.571429 56.571429 0.036000 0.036000 56.571429 56.571429 56.571429
0.036000 0.036000 0.036000 56.571429 56.571429 0.036000 0.036000 56.571429 56.571429 56.571429
0.036000 0.036000 0.036000 56.571429 56.571429 0.036000 0.036000 56.571429 56.571429 56.571429
0.036000 0.036000 0.036000 56.571429 56.571429 0.036000 0.036000 56.571429 56.571429 56.571429
0.036000 0.036000 0.036000 56.571429 56.571429 0.036000 0.036000 56.571429 56.571429 56.571429
0.036000 0.036000 0.036000 56.571429 56.571429 0.036000 0.036000 56.571429 56.571429 56.571429
0.036000 0.036000 0.036000 56.571429 56.571429 0.036000 0.036000 56.571429 56.571429 56.571429
0.036000 0.036000 0.036000 56.571429 56.571429 0.036000 0.036000 56.571429 56.571429 56.571429
0.036000 0.036000 0.036000 56.571429 56.571429 0.036000 0.036000 56.571429 56.571429 56.571429
0.036000 0.036000 0.036000 56.571429 56.571429 0.036000 0.036000 56.571429 56.571429 56.571429
0.036000 0.036000 0.036000 56.571429 56.571429 0.036000 0.036000 56.571429 56.571429 56.571429
0.036000 0.036000 0.036000 56.571429 56.571429 0.036000 0.036000 56.571429 56.571429 56.571429
0.036000 0.036000 0.036000 56.571429 56.571429 0.036000 0.036000 56.571429 56.571429 56.571429
0.036000 0.036000 0.036000 56.571429 56.571429 0.036000 0.036000 56.571429 56.571429 56.571429
0.036000 0.036000 0.036000 56.571429 56.571429 0.036000 0.036000 56.571429 56.571429 56.571429
0.036000 0.036000 0.036000 56.571429 56.571429 0.036000 0.036000 56.571429 56.571429 56.571429
0.036000 0.036000 0.036000 56.571429 56.571429 0.036000 0.036000 56.571429 56.571429 56.571429
0.036000 0.036000 0.036000 56.571429 56.571429 0.036000 0.036000 56.571429 56.571429 56.571429
0.036000 0.036000 0.036000 56.571429 56.571429 0.036000 0.036000 56.571429 56.571429 56.571429
0.036000 0.036000 0.036000 56.571429 56.571429 0.036000 0.036000 56.571429 56.571429 56.571429
0.036000 0.036000 0.036000 56.571429 56.571429 0.036000 0.036000 56.571429 56.571429 56.571429
0.036000 0.036000 0.036000 56.571429 56.571429 0.036000 0.036000 56.571429 56.571429 56.571429
0.036000 0.036000 0.036000 56.571429 56.571429 0.036000 0.036000 56.571429 56.571429 56.571429
0.036000 0.036000 0.036000 56.571429 56.571429 0.036000 0.036000 56.571429 56.571429 56.571429
0.036000 0.036000 0.036000 56.571429 56.571429 0.036000 0.036000 56.571429 56.571429 56.571429
0.036000 0.036000 0.036000 56.571429 56.571429 0.036000 0.036000 56.571429 56.571429 56.571429
0.036000 0.036000 0.036000 56.571429 56.571429 0.036000 0.036000 56.571429 56.571429 56.571429
0.036000 0.036000 0.036000 56.571429 56.571429 0.036000 0.036000 56.571429 56.571429 56.571429
0.036000 0.036000 0.036000 56.571429 56.571429 0.036000 0.036000 56.571429 56.571429 56.571429
0.036000 0.036000 0.036000 56.571429 56.571429 0.036000 0.036000 56.571429 56.571429 56.571429
0.036000 0.036000 0.036000 56.571429 56.571429 0.036000 0.036000 56.571429 56.571429 56.571429
0.036000 0.036000 0.036000 56.571429 56.571429 0.036000 0.036000 56.571429 56.571429 56.571429
0.036000 0.036000 0.036000 56.571429 56.571429 0.036000 0.036000 56.571429 56.571429 56.571429
0.036000 0.036000 0.036000 56.571429 56.571429 0.036000 0.036000 56.571429 56.571429 56.571429
0.036000 0.036000 0.036000 56.571429 56.571429 0.036000 0.036000 56.571429 56.571429 56.571429
0.036000 0.036000 0.036000 56.571429 56.571429 0.036000 0.036000 56.571429 56.571429 56.571429
0.036000 0.036000 0.036000 56.571429 56.571429 0.036000 0.036000 56.571429 56.571429 56.571429
0.036000 0.036000 0.036000 56.571429 56.571429 0.036000 0.036000 56.571429 56.571429 56.571429
0.036000 0.036000 0.036000 56.571429 56.571429 0.036000 0.036000 56.571429 56.571429 56.571429
0.036000 0.036000 0.036000 56.571429 56.571429 0.036000 0.036000 56.571429 56.571429 56.571429
0.036000 0.036000 0.036000 56.571429 56.571429 0.036000 0.036000 56.571429 56.571429 56.571429
0.036000 0.036000 0.036000 56.571429 56.571429 0.036000 0.036000 56.571429 56.571429 56.571429
0.036000 0.036000 0.036000 56.571429 56.571429 0.036000 0.036000 56.571429 56.571429 56.571429
0.036000 0.036000 0.036000 56.571429 56.571429 0.036000 0.036000 56.571429 56.571429 56.571429
0.036000 0.036000 0.036000 56.571429 56.571429 0.036000 0.036000 56.571429 56.571429 56.571429
0.036000 0.036000 0.036000 56.571429 56.571429 0.036000 0.036000 56.571429 56.571429 56.571429
0.036000 0.036000 0.036000 56.571429 56.571429 0.036000 0.036000 56.571429 56.571429 56.571429
0.036000 0.036000 0.036000 56.571429 56.571429 0.036000 0.036000 56.571429 56.571429 56.571429
0.036000 0.036000 0.036000 56.571429 56.571429 0.036000 0.036000 56.571429 56.571429 56.571429
0.036000 0.036000 0.036000 56.571429 56.571429 0.036000 0.036000 56.571429 56.571429 56.571429
0.036000 0.036000 0.036000 56.571429 56.571429 0.036000 0.036000 56.571429 56.571429 56.571429
0.036000 0.036000 0.036000 56.571429 56.571429 0.036000 0.036000 56.571429 56.571429 56.571429
0.036000 0.036000 0.036000 56.571429 56.571429 0.036000 0.036000 56.571429 56.571429 56.571429
0.036000 0.036000 0.036000 56.571429 56.571429 0.036000 0.036000 56.571429 56.571429 56.571429
0.036000 0.036000 0.036000 56.571429 56.571429 0.036000 0.036000 56.571429 56.571429 56.571429
0.036000 0.036000 0.036000 56.571429 56.571429 0.036000 0.036000 56.571429 56.571429 56.571429
0.036000 0.036000 0.036000 56.571429 56.571429 0.036000 0.036000 58.570663 56.571429 56.571429
0.036000 0.036000 0.036000 56.571429 56.571429 0.036000 0.036000 64.360403 56.571429 56.571429
0.036000 0.036000 0.036000 56.571429 56.571429 0.036000 0.036000 70.530612 56.571429 56.571429
0.036000 0.036000 0.036000 56.571429 56.571429 0.036000 0.036000 76.235294 56.571429 56.571429
0.036000 0.036000 0.036000 56.571429 56.571429 0.036000 0.036000 81.354880 56.571429 56.571429
0.036000 0.036000 0.036000 56.571429 56.571429 0.036000 0.036000 87.069767 56.571429 56.571429
0.036000 0.036000 0.036000 56.571429 56.571429 0.036000 0.036000 92.081633 56.571429 56.571429
0.036000 0.036000 0.036000 56.571429 56.571429 0.036000 0.036000 96.622366 56.571429 56.571429
0.036000 0.036000 0.036000 56.571429 56.571429 0.036000 0.036000 102.857143 56.571429 56.571429
0.036000 0.036000 0.036000 56.571429 56.571429 0.036000 0.036000 107.475219 56.571429 56.571429
0.036000 0.036000 0.036000 56.571429 56.571429 0.036000 0.036000 112.285714 56.571429 56.571429
0.036000 0.036000 0.036000 56.571429 56.571429 0.036000 0.036000 118.157600 56.571429 64.620499
0.036000 0.036000 0.036000 56.571429 56.571429 0.036000 0.036000 125.237049 56.571429 65.142857
0.036000 0.036000 0.036000 56.571429 56.571429 0.036000 0.036000 132.743935 56.571429 64.101026
0.036000 0.036000 0.036000 56.571429 56.571429 0.036000 0.036000 140.718177 56.571429 66.727491
0.036000 0.036000 0.036000 56.571429 56.571429 0.036000 0.036000 145.959184 56.571429 68.338983
0.036000 0.036000 0.036000 56.571429 56.571429 0.036000 0.036000 153.655977 56.571429 69.428571
0.036000 0.036000 0.036000 56.571429 56.571429 0.036000 0.036000 163.614618 56.571429 72.207493
0.036000 0.036000 0.036000 56.571429 56.571429 0.036000 0.036000 169.814255 56.571429 72.772915
0.036000 0.036000 0.036000 56.571429 56.571429 0.036000 0.036000 180.310642 56.571429 73.341615
0.036000 0.036000 0.036000 56.571429 56.571429 0.036000 0.036000 187.973788 56.571429 75.067669
0.036000 0.036000 0.036000 56.571429 56.571429 0.036000 0.036000 196.787062 56.571429 74.488963
0.036000 0.036000 0.036000 56.571429 56.571429 0.036000 0.036000 203.731497 56.571429 75.067669
0.036000 0.036000 0.036000 56.571429 56.571429 0.036000 0.036000 209.344538 56.571429 77.416737
0.036000 0.036000 0.036000 56.571429 56.571429 0.036000 0.036000 216.850698 56.571429 79.822070
0.036000 0.036000 0.036000 56.571429 56.571429 0.036000 0.036000 221.168963 56.571429 79.215352
0.036000 0.036000 0.036000 56.571429 56.571429 0.036000 0.036000 209.344538 56.571429 82.285714
0.036000 0.036000 0.036000 56.571429 56.571429 0.036000 0.036000 196.033613 56.571429 82.910986
0.036000 0.036000 0.036000 56.571429 56.571429 0.036000 0.036000 186.551859 56.571429 81.664221
0.036000 0.036000 0.036000 56.571429 56.571429 0.036000 0.036000 177.616725 56.571429 84.173001
0.036000 0.036000 0.036000 56.571429 56.571429 0.036000 0.036000 167.926426 56.571429 86.095238
0.036000 0.036000 0.036000 56.571429 56.571429 0.036000 0.036000 158.254890 56.571429 85.450549
0.036000 0.036000 0.036000 56.571429 56.571429 0.036000 0.036000 150.304147 56.571429 84.809816
0.036000 0.036000 0.036000 56.571429 56.571429 0.036000 0.036000 144.365173 56.571429 87.396628
0.036000 0.036000 0.036000 56.571429 56.571429 0.036000 0.036000 138.678434 56.571429 87.396628
0.036000 0.036000 0.036000 56.571429 56.571429 0.036000 0.036000 129.404629 56.571429 88.714286
0.036000 0.036000 0.036000 56.571429 56.571429 0.036000 0.036000 122.980555 56.571429 89.379310
0.036000 0.036000 0.036000 56.571429 56.571429 0.036000 0.036000 117.300912 56.571429 90.048518
0.036000 0.036000 0.036000 56.571429 56.571429 0.036000 0.036000 110.660099 56.571429 91.399638
0.036000 0.036000 0.036000 56.571429 56.571429 0.036000 0.036000 104.375839 56.571429 92.081633
0.036000 0.036000 0.036000 56.571429 56.571429 0.036000 0.036000 99.513019 56.571429 92.081633
0.036000 0.036000 0.036000 56.571429 56.571429 0.036000 0.036000 95.204969 56.571429 92.081633
0.036000 0.036000 0.036000 56.571429 56.571429 0.036000 0.036000 91.740095 56.571429 92.767971
0.036000 0.036000 0.036000 56.571429 56.571429 0.036000 0.036000 87.724506 56.571429 91.399638
0.036000 0.036000 0.036000 56.571429 56.571429 0.036000 0.036000 83.856052 56.571429 90.721947
0.036000 0.036000 0.036000 56.571429 56.571429 0.036000 0.036000 79.822070 56.571429 92.081633
0.036000 0.036000 0.036000 56.571429 56.571429 0.036000 0.036000 75.358293 56.571429 90.721947
0.036000 0.036000 0.036000 56.571429 56.571429 0.036000 0.036000 71.926002 56.571429 89.379310
0.036000 0.036000 0.036000 56.571429 56.571429 0.036000 0.036000 68.882234 56.571429 91.399638
0.036000 0.036000 0.036000 56.571429 56.571429 0.036000 0.036000 65.931859 56.571429 90.721947
0.036000 0.036000 0.036000 56.571429 56.571429 0.036000 0.036000 62.559687 56.571429 90.721947
0.036000 0.036000 0.036000 56.571429 56.571429 0.036000 0.036000 58.814957 56.571429 91.399638
0.036000 0.036000 0.036000 56.571429 56.571429 0.036000 0.036000 56.571429 56.571429 91.399638
0.036000 0.036000 0.036000 56.571429 56.571429 0.036000 0.036000 56.571429 56.571429 91.399638
0.036000 0.036000 0.036000 56.571429 56.571429 0.036000 0.036000 56.571429 56.571429 90.721947
0.036000 0.036000 0.036000 56.571429 56.571429 0.036000 0.036000 56.571429 56.571429 91.399638
0.036000 0.036000 0.036000 56.571429 56.571429 0.036000 0.036000 56.571429 56.571429 91.399638
0.036000 0.036000 0.036000 56.571429 56.571429 0.036000 0.036000 56.571429 56.571429 91.399638
0.036000 0.036000 0.036000 56.571429 56.571429 0.036000 0.036000 56.571429 56.571429 91.399638
0.036000 0.036000 0.036000 56.571429 56.571429 0.036000 0.036000 56.571429 56.571429 92.767971
0.036000 0.036000 0.036000 56.571429 56.571429 0.036000 0.036000 56.571429 62.814815 93.458695
0.036000 0.036000 0.036000 56.571429 56.571429 0.036000 0.036000 56.571429 63.070644 91.399638
0.036000 0.036000 0.036000 56.571429 56.571429 0.036000 0.036000 56.571429 61.798480 93.458695
0.036000 0.036000 0.036000 56.571429 56.571429 0.036000 0.036000 56.571429 64.101026 93.458695
0.036000 0.036000 0.036000 56.571429 56.571429 0.036000 0.036000 56.571429 65.931859 93.458695
0.036000 0.036000 0.036000 56.571429 56.571429 0.036000 0.036000 56.571429 66.196329 93.458695
0.036000 0.036000 0.036000 56.571429 56.571429 0.036000 0.036000 56.571429 67.529837 94.853468
0.036000 0.036000 0.036000 56.571429 56.571429 0.036000 0.036000 56.571429 68.882234 95.557604
0.036000 0.036000 0.036000 56.571429 56.571429 0.036000 0.036000 56.571429 70.253923 96.266297
0.036000 0.036000 0.036000 56.571429 56.571429 0.036000 0.036000 56.571429 71.645320 94.853468
0.036000 0.036000 0.036000 56.571429 56.571429 0.036000 0.036000 56.571429 73.056853 95.557604
0.036000 0.036000 0.036000 56.571429 56.571429 0.036000 0.036000 56.571429 74.488963 96.266297
0.036000 0.036000 0.036000 56.571429 56.571429 0.036000 0.036000 56.571429 75.942102 95.557604
0.036000 0.036000 0.036000 56.571429 56.571429 0.036000 0.036000 56.571429 77.416737 91.399638
0.036000 0.036000 0.036000 56.571429 56.571429 0.036000 0.036000 56.571429 78.913349 83.540070
0.036000 0.036000 0.036000 56.571429 56.571429 0.036000 0.036000 56.571429 80.738990 73.913621
0.036000 0.036000 0.036000 56.571429 56.571429 0.036000 0.036000 56.571429 81.664221 67.798793
0.036000 0.036000 0.036000 56.571429 56.571429 0.036000 0.036000 56.571429 83.225049 61.043478
0.036000 0.036000 0.036000 56.571429 56.571429 0.036000 0.036000 56.571429 85.129691 56.571429
0.036000 0.036000 0.036000 56.571429 56.571429 0.036000 0.036000 56.571429 86.095238 56.571429
0.036000 0.036000 0.036000 56.571429 56.571429 0.036000 0.036000 56.571429 87.724506 56.571429
0.036000 0.036000 0.036000 56.571429 56.571429 0.036000 0.036000 56.571429 89.379310 56.571429
0.036000 0.036000 0.036000 56.571429 56.571429 0.036000 0.036000 56.571429 83.856052 56.571429
0.036000 0.036000 0.036000 56.571429 56.571429 0.036000 0.036000 56.571429 75.358293 56.571429
0.036000 0.036000 0.036000 56.571429 56.571429 0.036000 0.036000 56.571429 68.068507 56.571429
0.036000 0.036000 0.036000 56.571429 56.571429 0.036000 0.036000 56.571429 61.294461 56.571429
0.036000 0.036000 0.036000 56.571429 56.571429 0.036000 0.036000 56.571429 56.571429 56.571429
0.036000 0.036000 0.036000 56.571429 56.571429 0.036000 0.036000 56.571429 56.571429 56.571429
0.036000 0.036000 0.036000 56.571429 56.571429 0.036000 0.036000 56.571429 56.571429 56.571429
0.036000 0.036000 0.036000 56.571429 56.571429 0.036000 0.036000 56.571429 56.571429 56.571429
0.036000 0.036000 0.036000 56.571429 56.571429 0.036000 0.036000 56.571429 56.571429 56.571429
0.036000 0.036000 0.036000 56.571429 56.571429 0.036000 0.036000 56.571429 56.571429 56.571429
0.036000 0.036000 0.036000 56.571429 56.571429 0.036000 0.036000 56.571429 56.571429 56.571429
0.036000 0.036000 0.036000 56.571429 56.571429 0.036000 0.036000 56.571429 56.571429 56.571429
0.036000 0.036000 0.036000 56.571429 56.571429 0.036000 0.036000 56.571429 56.571429 56.571429
0.036000 0.036000 0.036000 56.571429 56.571429 0.036000 0.036000 56.571429 56.571429 56.571429
0.036000 0.036000 0.036000 56.571429 56.571429 0.036000 0.036000 56.571429 56.571429 56.571429
0.036000 0.036000 0.036000 56.571429 56.571429 0.036000 0.036000 56.571429 56.571429 56.571429
0.036000 0.036000 0.036000 56.571429 56.571429 0.036000 0.036000 56.571429 56.571429 56.571429
0.036000 0.036000 0.036000 56.571429 56.571429 0.036000 0.036000 56.571429 56.571429 56.571429
0.036000 0.036000 0.036000 56.571429 56.571429 0.036000 0.036000 56.571429 56.571429 56.571429
0.036000 0.036000 0.036000 56.571429 56.571429 0.036000 0.036000 56.571429 56.571429 56.571429
0.036000 0.036000 0.036000 56.571429 56.571429 0.036000 0.036000 56.571429 56.571429 56.571429
0.036000 0.036000 0.036000 56.571429 56.571429 0.036000 0.036000 56.571429 56.571429 56.571429
0.036000 0.036000 0.036000 56.571429 56.571429 0.036000 0.036000 56.571429 56.571429 56.571429
0.036000 0.036000 0.036000 56.571429 56.571429 0.036000 0.036000 56.571429 56.571429 56.571429
0.036000 0.036000 0.036000 56.571429 56.571429 0.036000 0.036000 56.571429 56.571429 56.571429
0.036000 0.036000 0.036000 56.571429 56.571429 0.036000 0.036000 56.571429 56.571429 56.571429
0.036000 0.036000 0.036000 56.571429 56.571429 0.036000 0.036000 56.571429 56.571429 56.571429
0.036000 0.036000 0.036000 56.571429 56.571429 0.036000 0.036000 56.571429 56.571429 56.571429
0.036000 0.036000 0.036000 56.571429 56.571429 0.036000 0.036000 56.571429 56.571429 56.571429
0.036000 0.036000 0.036000 56.571429 56.571429 0.036000 0.036000 56.571429 56.571429 56.571429
0.036000 0.036000 0.036000 56.571429 56.571429 0.036000 0.036000 56.571429 56.571429 56.571429
0.036000 0.036000 0.036000 56.571429 56.571429 0.036000 0.036000 56.571429 56.571429 56.571429
0.036000 0.036000 0.036000 56.571429 56.571429 0.036000 0.036000 56.571429 56.571429 56.571429
0.036000 0.036000 0.036000 56.571429 56.571429 0.036000 0.036000 56.571429 56.571429 56.571429
0.036000 0.036000 0.036000 56.571429 56.571429 0.036000 0.036000 56.571429 56.571429 56.571429
0.036000 0.036000 0.036000 56.571429 56.571429 0.036000 0.036000 56.571429 56.571429 56.571429
0.036000 0.036000 0.036000 56.571429 56.571429 0.036000 0.036000 56.571429 56.571429 56.571429
0.036000 0.036000 0.036000 56.571429 56.571429 0.036000 0.036000 56.571429 56.571429 56.571429
0.036000 0.036000 0.036000 56.571429 56.571429 0.036000 0.036000 56.571429 56.571429 56.571429
0.036000 0.036000 0.036000 56.571429 56.571429 0.036000 0.036000 56.571429 56.571429 56.571429
0.036000 0.036000 0.036000 56.571429 56.571429 0.036000 0.036000 56.571429 56.571429 56.571429
0.036000 0.036000 0.036000 56.571429 56.571429 0.036000 0.036000 56.571429 56.571429 56.571429
0.036000 0.036000 0.036000 56.571429 56.571429 0.036000 0.036000 56.571429 56.571429 56.571429
0.036000 0.036000 0.036000 56.571429 56.571429 0.036000 0.036000 56.571429 56.571429 56.571429
0.036000 0.036000 0.036000 56.571429 56.571429 0.036000 0.036000 56.571429 56.571429 56.571429
0.036000 0.036000 0.036000 56.571429 56.571429 0.036000 0.036000 56.571429 56.571429 56.571429
0.036000 0.036000 0.036000 56.571429 56.571429 0.036000 0.036000 56.571429 56.571429 56.571429
0.036000 0.036000 0.036000 56.571429 56.571429 0.036000 0.036000 56.571429 56.571429 56.571429
0.036000 0.036000 0.036000 56.571429 56.571429 0.036000 0.036000 56.571429 56.571429 56.571429
0.036000 0.036000 0.036000 56.571429 56.571429 0.036000 0.036000 56.571429 56.571429 56.571429
0.036000 0.036000 0.036000 56.571429 56.571429 0.036000 0.036000 56.571429 56.571429 56.571429
0.036000 0.036000 0.036000 56.571429 56.571429 0.036000 0.036000 56.571429 56.571429 56.571429
0.036000 0.036000 0.036000 56.571429 56.571429 0.036000 0.036000 56.571429 56.571429 56.571429
0.036000 0.036000 0.036000 56.571429 56.571429 0.036000 0.036000 56.571429 56.571429 56.571429
0.036000 0.036000 0.036000 56.571429 56.571429 0.036000 0.036000 56.571429 56.571429 56.571429
0.036000 0.036000 0.036000 56.571429 56.571429 0.036000 0.036000 56.571429 56.571429 56.571429
0.036000 0.036000 0.036000 56.571429 56.571429 0.036000 0.036000 56.571429 56.571429 56.571429
0.036000 0.036000 0.036000 56.571429 56.571429 0.036000 0.036000 56.571429 56.571429 56.571429
0.036000 0.036000 0.036000 56.571429 56.571429 0.036000 0.036000 56.571429 56.571429 56.571429
0.036000 0.036000 0.036000 56.571429 56.571429 0.036000 0.036000 56.571429 56.571429 56.571429
0.036000 0.036000 0.036000 56.571429 56.571429 0.036000 0.036000 56.571429 56.571429 56.571429
0.036000 0.036000 0.036000 56.571429 56.571429 0.036000 0.036000 56.571429 56.571429 56.571429
0.036000 0.036000 0.036000 56.571429 56.571429 0.036000 0.036000 56.571429 56.571429 56.571429
0.036000 0.036000 0.036000 56.571429 56.571429 0.036000 0.036000 56.571429 56.571429 56.571429
0.036000 0.036000 0.036000 56.571429 56.571429 0.036000 0.036000 56.571429 56.571429 56.571429
0.036000 0.036000 0.036000 56.571429 56.571429 0.036000 0.036000 56.571429 56.571429 56.571429
0.036000 0.036000 0.036000 56.571429 56.571429 0.036000 0.036000 56.571429 56.571429 56.571429
0.036000 0.036000 0.036000 56.571429 56.571429 0.036000 0.036000 56.571429 56.571429 56.571429
0.036000 0.036000 0.036000 56.571429 56.571429 0.036000 0.036000 56.571429 56.571429 56.571429
0.036000 0.036000 0.036000 56.571429 56.571429 0.036000 0.036000 56.571429 56.571429 56.571429
0.036000 0.036000 0.036000 56.571429 56.571429 0.036000 0.036000 56.571429 56.571429 56.571429
0.036000 0.036000 0.036000 56.571429 56.571429 0.036000 0.036000 56.571429 56.571429 56.571429
0.036000 0.036000 0.036000 56.571429 56.571429 0.036000 0.036000 56.571429 56.571429 56.571429
0.036000 0.036000 0.036000 56.571429 56.571429 0.036000 0.036000 56.571429 56.571429 56.571429
0.036000 0.036000 0.036000 56.571429 56.571429 0.036000 0.036000 56.571429 56.571429 56.571429
0.036000 0.036000 0.036000 56.571429 56.571429 0.036000 0.036000 56.571429 56.571429 56.571429
0.036000 0.036000 0.036000 56.571429 56.571429 0.036000 0.036000 56.571429 56.571429 56.571429
0.036000 0.036000 0.036000 56.571429 56.571429 0.036000 0.036000 56.571429 56.571429 56.571429
0.036000 0.036000 0.036000 56.571429 56.571429 0.036000 0.036000 56.571429 56.571429 56.571429
0.036000 0.036000 0.036000 56.571429 56.571429 0.036000 0.036000 56.571429 56.571429 56.571429
0.036000 0.036000 0.036000 56.571429 56.571429 0.036000 0.036000 56.571429 56.571429 56.571429
0.036000 0.036000 0.036000 56.571429 56.571429 0.036000 0.036000 56.571429 56.571429 56.571429
0.036000 0.036000 0.036000 56.571429 56.571429 0.036000 0.036000 56.571429 56.571429 56.571429
0.036000 0.036000 0.036000 56.571429 56.571429 0.036000 0.036000 56.571429 56.571429 56.571429
0.036000 0.036000 0.036000 56.571429 56.571429 0.036000 0.036000 56.571429 56.571429 56.571429
0.036000 0.036000 0.036000 56.571429 56.571429 0.036000 0.036000 56.571429 56.571429 56.571429
0.036000 0.036000 0.036000 56.571429 56.571429 0.036000 0.036000 56.571429 56.571429 56.571429
0.036000 0.036000 0.036000 56.571429 56.571429 0.036000 0.036000 56.571429 56.571429 56.571429
0.036000 0.036000 0.036000 56.571429 56.571429 0.036000 0.036000 56.571429 56.571429 56.571429
0.036000 0.036000 0.036000 56.571429 56.571429 0.036000 0.036000 56.571429 56.571429 56.571429
0.036000 0.036000 0.036000 56.571429 56.571429 0.036000 0.036000 56.571429 56.571429 56.571429
0.036000 0.036000 0.036000 56.571429 56.571429 0.036000 0.036000 56.571429 56.571429 56.571429
0.036000 0.036000 0.036000 56.571429 56.571429 0.036000 0.036000 56.571429 56.571429 56.571429
0.036000 0.036000 0.036000 56.571429 56.571429 0.036000 0.036000 56.571429 56.571429 56.571429
0.036000 0.036000 0.036000 56.571429 56.571429 0.036000 0.036000 56.571429 56.571429 56.571429
0.036000 0.036000 0.036000 56.571429 56.571429 0.036000 0.036000 56.571429 56.571429 56.571429
0.036000 0.036000 0.036000 56.571429 56.571429 0.036000 0.036000 56.571429 56.571429 56.571429
0.036000 0.036000 0.036000 56.571429 56.571429 0.036000 0.036000 56.571429 56.571429 56.571429
0.036000 0.036000 0.036000 56.571429 56.571429 0.036000 0.036000 58.327022 56.571429 56.571429
0.036000 0.036000 0.036000 56.571429 56.571429 0.036000 0.036000 65.142857 56.571429 56.571429
0.036000 0.036000 0.036000 56.571429 56.571429 0.036000 0.036000 71.086369 56.571429 56.571429
0.036000 0.036000 0.036000 56.571429 56.571429 0.036000 0.036000 76.529350 56.571429 56.571429
0.036000 0.036000 0.036000 56.571429 56.571429 0.036000 0.036000 81.046472 56.571429 56.571429
0.036000 0.036000 0.036000 56.571429 56.571429 0.036000 0.036000 86.095238 56.571429 56.571429
0.036000 0.036000 0.036000 56.571429 56.571429 0.036000 0.036000 90.048518 56.571429 56.571429
0.036000 0.036000 0.036000 56.571429 56.571429 0.036000 0.036000 94.153846 56.571429 56.571429
0.036000 0.036000 0.036000 56.571429 56.571429 0.036000 0.036000 99.147541 56.571429 56.571429
0.036000 0.036000 0.036000 56.571429 56.571429 0.036000 0.036000 103.234915 56.571429 56.571429
0.036000 0.036000 0.036000 56.571429 56.571429 0.036000 0.036000 108.263286 56.571429 56.571429
0.036000 0.036000 0.036000 56.571429 56.571429 0.036000 0.036000 113.934066 56.571429 64.101026
0.036000 0.036000 0.036000 56.571429 56.571429 0.036000 0.036000 120.326237 56.571429 64.620499
0.036000 0.036000 0.036000 56.571429 56.571429 0.036000 0.036000 126.610892 56.571429 65.142857
0.036000 0.036000 0.036000 56.571429 56.571429 0.036000 0.036000 133.714286 56.571429 66.196329
0.036000 0.036000 0.036000 56.571429 56.571429 0.036000 0.036000 140.205270 56.571429 67.261637
0.036000 0.036000 0.036000 56.571429 56.571429 0.036000 0.036000 147.572284 56.571429 68.882234
0.036000 0.036000 0.036000 56.571429 56.571429 0.036000 0.036000 155.362863 56.571429 70.530612
0.036000 0.036000 0.036000 56.571429 56.571429 0.036000 0.036000 161.805522 56.571429 71.645320
0.036000 0.036000 0.036000 56.571429 56.571429 0.036000 0.036000 171.726708 56.571429 72.207493
0.036000 0.036000 0.036000 56.571429 56.571429 0.036000 0.036000 182.362934 56.571429 72.772915
0.036000 0.036000 0.036000 56.571429 56.571429 0.036000 0.036000 189.408822 56.571429 73.913621
0.036000 0.036000 0.036000 56.571429 56.571429 0.036000 0.036000 195.283702 56.571429 75.067669
0.036000 0.036000 0.036000 56.571429 56.571429 0.036000 0.036000 201.383459 56.571429 75.649770
0.036000 0.036000 0.036000 56.571429 56.571429 0.036000 0.036000 207.721254 56.571429 76.824273
0.036000 0.036000 0.036000 56.571429 56.571429 0.036000 0.036000 211.809524 56.571429 76.824273
0.036000 0.036000 0.036000 56.571429 56.571429 0.036000 0.036000 215.153545 56.571429 76.824273
0.036000 0.036000 0.036000 56.571429 56.571429 0.036000 0.036000 216.000000 56.571429 79.822070
0.036000 0.036000 0.036000 56.571429 56.571429 0.036000 0.036000 206.113731 56.571429 79.822070
0.036000 0.036000 0.036000 56.571429 56.571429 0.036000 0.036000 193.794393 56.571429 81.046472
0.036000 0.036000 0.036000 56.571429 56.571429 0.036000 0.036000 183.746606 56.571429 81.046472
0.036000 0.036000 0.036000 56.571429 56.571429 0.036000 0.036000 174.970173 56.571429 81.664221
0.036000 0.036000 0.036000 56.571429 56.571429 0.036000 0.036000 166.062747 56.571429 83.540070
0.036000 0.036000 0.036000 56.571429 56.571429 0.036000 0.036000 155.362863 56.571429 83.540070
0.036000 0.036000 0.036000 56.571429 56.571429 0.036000 0.036000 147.572284 56.571429 83.540070
0.036000 0.036000 0.036000 56.571429 56.571429 0.036000 0.036000 139.185410 56.571429 86.095238
0.036000 0.036000 0.036000 56.571429 56.571429 0.036000 0.036000 131.302064 56.571429 85.450549
0.036000 0.036000 0.036000 56.571429 56.571429 0.036000 0.036000 125.693316 56.571429 85.450549
0.036000 0.036000 0.036000 56.571429 56.571429 0.036000 0.036000 117.728495 56.571429 88.714286
0.036000 0.036000 0.036000 56.571429 56.571429 0.036000 0.036000 110.257192 56.571429 90.048518
0.036000 0.036000 0.036000 56.571429 56.571429 0.036000 0.036000 106.303118 56.571429 89.379310
0.036000 0.036000 0.036000 56.571429 56.571429 0.036000 0.036000 100.987013 56.571429 91.399638
0.036000 0.036000 0.036000 56.571429 56.571429 0.036000 0.036000 94.853468 56.571429 93.458695
0.036000 0.036000 0.036000 56.571429 56.571429 0.036000 0.036000 90.048518 56.571429 92.767971
0.036000 0.036000 0.036000 56.571429 56.571429 0.036000 0.036000 86.743919 56.571429 91.399638
0.036000 0.036000 0.036000 56.571429 56.571429 0.036000 0.036000 82.910986 56.571429 92.081633
0.036000 0.036000 0.036000 56.571429 56.571429 0.036000 0.036000 78.612245 56.571429 91.399638
0.036000 0.036000 0.036000 56.571429 56.571429 0.036000 0.036000 75.358293 56.571429 92.081633
0.036000 0.036000 0.036000 56.571429 56.571429 0.036000 0.036000 71.926002 56.571429 94.153846
0.036000 0.036000 0.036000 56.571429 56.571429 0.036000 0.036000 69.155015 56.571429 92.081633
0.036000 0.036000 0.036000 56.571429 56.571429 0.036000 0.036000 65.142857 56.571429 91.399638
0.036000 0.036000 0.036000 56.571429 56.571429 0.036000 0.036000 62.814815 56.571429 91.399638
0.036000 0.036000 0.036000 56.571429 56.571429 0.036000 0.036000 59.551791 56.571429 91.399638
0.036000 0.036000 0.036000 56.571429 56.571429 0.036000 0.036000 56.639636 56.571429 90.721947
0.036000 0.036000 0.036000 56.571429 56.571429 0.036000 0.036000 56.571429 56.571429 91.399638
0.036000 0.036000 0.036000 56.571429 56.571429 0.036000 0.036000 56.571429 56.571429 92.081633
0.036000 0.036000 0.036000 56.571429 56.571429 0.036000 0.036000 56.571429 56.571429 93.458695
0.036000 0.036000 0.036000 56.571429 56.571429 0.036000 0.036000 56.571429 56.571429 92.081633
0.036000 0.036000 0.036000 56.571429 56.571429 0.036000 0.036000 56.571429 56.571429 93.458695
0.036000 0.036000 0.036000 56.571429 56.571429 0.036000 0.036000 56.571429 56.571429 92.081633
0.036000 0.036000 0.036000 56.571429 56.571429 0.036000 0.036000 56.571429 62.814815 90.721947
0.036000 0.036000 0.036000 56.571429 56.571429 0.036000 0.036000 56.571429 63.070644 92.081633
0.036000 0.036000 0.036000 56.571429 56.571429 0.036000 0.036000 56.571429 61.798480 92.767971
0.036000 0.036000 0.036000 56.571429 56.571429 0.036000 0.036000 56.571429 64.101026 90.721947
0.036000 0.036000 0.036000 56.571429 56.571429 0.036000 0.036000 56.571429 65.931859 89.379310
0.036000 0.036000 0.036000 56.571429 56.571429 0.036000 0.036000 56.571429 66.196329 90.048518
0.036000 0.036000 0.036000 56.571429 56.571429 0.036000 0.036000 56.571429 67.529837 92.081633
0.036000 0.036000 0.036000 56.571429 56.571429 0.036000 0.036000 56.571429 68.882234 91.399638
0.036000 0.036000 0.036000 56.571429 56.571429 0.036000 0.036000 56.571429 70.253923 90.721947
0.036000 0.036000 0.036000 56.571429 56.571429 0.036000 0.036000 56.571429 71.926002 90.048518
0.036000 0.036000 0.036000 56.571429 56.571429 0.036000 0.036000 56.571429 72.772915 90.721947
0.036000 0.036000 0.036000 56.571429 56.571429 0.036000 0.036000 56.571429 74.200873 90.048518
0.036000 0.036000 0.036000 56.571429 56.571429 0.036000 0.036000 56.571429 75.942102 90.048518
0.036000 0.036000 0.036000 56.571429 56.571429 0.036000 0.036000 56.571429 76.824273 90.048518
0.036000 0.036000 0.036000 56.571429 56.571429 0.036000 0.036000 56.571429 78.312036 87.396628
0.036000 0.036000 0.036000 56.571429 56.571429 0.036000 0.036000 56.571429 80.126794 79.215352
0.036000 0.036000 0.036000 56.571429 56.571429 0.036000 0.036000 56.571429 81.046472 71.645320
0.036000 0.036000 0.036000 56.571429 56.571429 0.036000 0.036000 56.571429 82.597876 64.101026
0.036000 0.036000 0.036000 56.571429 56.571429 0.036000 0.036000 56.571429 84.490921 58.570663
0.036000 0.036000 0.036000 56.571429 56.571429 0.036000 0.036000 56.571429 85.450549 56.571429
0.036000 0.036000 0.036000 56.571429 56.571429 0.036000 0.036000 56.571429 87.069767 56.571429
0.036000 0.036000 0.036000 56.571429 56.571429 0.036000 0.036000 56.571429 88.714286 56.571429
0.036000 0.036000 0.036000 56.571429 56.571429 0.036000 0.036000 56.571429 82.910986 56.571429
0.036000 0.036000 0.036000 56.571429 56.571429 0.036000 0.036000 56.571429 75.067669 56.571429
0.036000 0.036000 0.036000 56.571429 56.571429 0.036000 0.036000 56.571429 67.798793 56.571429
0.036000 0.036000 0.036000 56.571429 56.571429 0.036000 0.036000 56.571429 61.043478 56.571429
0.036000 0.036000 0.036000 56.571429 56.571429 0.036000 0.036000 56.571429 56.571429 56.571429
0.036000 0.036000 0.036000 56.571429 56.571429 0.036000 0.036000 56.571429 56.571429 56.571429
0.036000 0.036000 0.036000 56.571429 56.571429 0.036000 0.036000 56.571429 56.571429 56.571429
0.036000 0.036000 0.036000 56.571429 56.571429 0.036000 0.036000 56.571429 56.571429 56.571429
0.036000 0.036000 0.036000 56.571429 56.571429 0.036000 0.036000 56.571429 56.571429 56.571429
0.036000 0.036000 0.036000 56.571429 56.571429 0.036000 0.036000 56.571429 56.571429 56.571429
0.036000 0.036000 0.036000 56.571429 56.571429 0.036000 0.036000 56.571429 56.571429 56.571429
0.036000 0.036000 0.036000 56.571429 56.571429 0.036000 0.036000 56.571429 56.571429 56.571429
0.036000 0.036000 0.036000 56.571429 56.571429 0.036000 0.036000 56.571429 56.571429 56.571429
0.036000 0.036000 0.036000 56.571429 56.571429 0.036000 0.036000 56.571429 56.571429 56.571429
0.036000 0.036000 0.036000 56.571429 56.571429 0.036000 0.036000 56.571429 56.571429 56.571429
0.036000 0.036000 0.036000 56.571429 56.571429 0.036000 0.036000 56.571429 56.571429 56.571429
0.036000 0.036000 0.036000 56.571429 56.571429 0.036000 0.036000 56.571429 56.571429 56.571429
0.036000 0.036000 0.036000 56.571429 56.571429 0.036000 0.036000 56.571429 56.571429 56.571429
0.036000 0.036000 0.036000 56.571429 56.571429 0.036000 0.036000 56.571429 56.571429 56.571429
0.036000 0.036000 0.036000 56.571429 56.571429 0.036000 0.036000 56.571429 56.571429 56.571429
0.036000 0.036000 0.036000 56.571429 56.571429 0.036000 0.036000 56.571429 56.571429 56.571429
0.036000 0.036000 0.036000 56.571429 56.571429 0.036000 0.036000 56.571429 56.571429 56.571429
0.036000 0.036000 0.036000 56.571429 56.571429 0.036000 0.036000 56.571429 56.571429 56.571429
0.036000 0.036000 0.036000 56.571429 56.571429 0.036000 0.036000 56.571429 56.571429 56.571429
0.036000 0.036000 0.036000 56.571429 56.571429 0.036000 0.036000 56.571429 56.571429 56.571429
0.036000 0.036000 0.036000 56.571429 56.571429 0.036000 0.036000 56.571429 56.571429 56.571429
0.036000 0.036000 0.036000 56.571429 56.571429 0.036000 0.036000 56.571429 56.571429 56.571429
0.036000 0.036000 0.036000 56.571429 56.571429 0.036000 0.036000 56.571429 56.571429 56.571429
0.036000 0.036000 0.036000 56.571429 56.571429 0.036000 0.036000 56.571429 56.571429 56.571429
0.036000 0.036000 0.036000 56.571429 56.571429 0.036000 0.036000 56.571429 56.571429 56.571429
0.036000 0.036000 0.036000 56.571429 56.571429 0.036000 0.036000 56.571429 56.571429 56.571429
0.036000 0.036000 0.036000 56.571429 56.571429 0.036000 0.036000 56.571429 56.571429 56.571429
0.036000 0.036000 0.036000 56.571429 56.571429 0.036000 0.036000 56.571429 56.571429 56.571429
0.036000 0.036000 0.036000 56.571429 56.571429 0.036000 0.036000 56.571429 56.571429 56.571429
0.036000 0.036000 0.036000 56.571429 56.571429 0.036000 0.036000 56.571429 56.571429 56.571429
0.036000 0.036000 0.036000 56.571429 56.571429 0.036000 0.036000 56.571429 56.571429 56.571429
0.036000 0.036000 0.036000 56.571429 56.571429 0.036000 0.036000 56.571429 56.571429 56.571429
0.036000 0.036000 0.036000 56.571429 56.571429 0.036000 0.036000 56.571429 56.571429 56.571429
0.036000 0.036000 0.036000 56.571429 56.571429 0.036000 0.036000 56.571429 56.571429 56.571429
0.036000 0.036000 0.036000 56.571429 56.571429 0.036000 0.036000 56.571429 56.571429 56.571429
0.036000 0.036000 0.036000 56.571429 56.571429 0.036000 0.036000 56.571429 56.571429 56.571429
0.036000 0.036000 0.036000 56.571429 56.571429 0.036000 0.036000 56.571429 56.571429 56.571429
0.036000 0.036000 0.036000 56.571429 56.571429 0.036000 0.036000 56.571429 56.571429 56.571429
0.036000 0.036000 0.036000 56.571429 56.571429 0.036000 0.036000 56.571429 56.571429 56.571429
0.036000 0.036000 0.036000 56.571429 56.571429 0.036000 0.036000 56.571429 56.571429 56.571429
0.036000 0.036000 0.036000 56.571429 56.571429 0.036000 0.036000 56.571429 56.571429 56.571429
0.036000 0.036000 0.036000 56.571429 56.571429 0.036000 0.036000 56.571429 56.571429 56.571429
0.036000 0.036000 0.036000 56.571429 56.571429 0.036000 0.036000 56.571429 56.571429 56.571429
0.036000 0.036000 0.036000 56.571429 56.571429 0.036000 0.036000 56.571429 56.571429 56.571429
0.036000 0.036000 0.036000 56.571429 56.571429 0.036000 0.036000 56.571429 56.571429 56.571429
0.036000 0.036000 0.036000 56.571429 56.571429 0.036000 0.036000 56.571429 56.571429 56.571429
0.036000 0.036000 0.036000 56.571429 56.571429 0.036000 0.036000 56.571429 56.571429 56.571429
0.036000 0.036000 0.036000 56.571429 56.571429 0.036000 0.036000 56.571429 56.571429 56.571429
0.036000 0.036000 0.036000 56.571429 56.571429 0.036000 0.036000 56.571429 56.571429 56.571429
0.036000 0.036000 0.036000 56.571429 56.571429 0.036000 0.036000 56.571429 56.571429 56.571429
0.036000 0.036000 0.036000 56.571429 56.571429 0.036000 0.036000 56.571429 56.571429 56.571429
0.036000 0.036000 0.036000 56.571429 56.571429 0.036000 0.036000 56.571429 56.571429 56.571429
0.036000 0.036000 0.036000 56.571429 56.571429 0.036000 0.036000 56.571429 56.571429 56.571429
0.036000 0.036000 0.036000 56.571429 56.571429 0.036000 0.036000 56.571429 56.571429 56.571429
0.036000 0.036000 0.036000 56.571429 56.571429 0.036000 0.036000 56.571429 56.571429 56.571429
0.036000 0.036000 0.036000 56.571429 56.571429 0.036000 0.036000 56.571429 56.571429 56.571429
0.036000 0.036000 0.036000 56.571429 56.571429 0.036000 0.036000 56.571429 56.571429 56.571429
0.036000 0.036000 0.036000 56.571429 56.571429 0.036000 0.036000 56.571429 56.571429 56.571429
0.036000 0.036000 0.036000 56.571429 56.571429 0.036000 0.036000 56.571429 56.571429 56.571429
0.036000 0.036000 0.036000 56.571429 56.571429 0.036000 0.036000 56.571429 56.571429 56.571429
0.036000 0.036000 0.036000 56.571429 56.571429 0.036000 0.036000 56.571429 56.571429 56.571429
0.036000 0.036000 0.036000 56.571429 56.571429 0.036000 0.036000 56.571429 56.571429 56.571429
0.036000 0.036000 0.036000 56.571429 56.571429 0.036000 0.036000 56.571429 56.571429 56.571429
0.036000 0.036000 0.036000 56.571429 56.571429 0.036000 0.036000 56.571429 56.571429 56.571429
0.036000 0.036000 0.036000 56.571429 56.571429 0.036000 0.036000 56.571429 56.571429 56.571429
0.036000 0.036000 0.036000 56.571429 56.571429 0.036000 0.036000 56.571429 56.571429 56.571429
0.036000 0.036000 0.036000 56.571429 56.571429 0.036000 0.036000 56.571429 56.571429 56.571429
0.036000 0.036000 0.036000 56.571429 56.571429 0.036000 0.036000 56.571429 56.571429 56.571429
0.036000 0.036000 0.036000 56.571429 56.571429 0.036000 0.036000 56.571429 56.571429 56.571429
0.036000 0.036000 0.036000 56.571429 56.571429 0.036000 0.036000 56.571429 56.571429 56.571429
0.036000 0.036000 0.036000 56.571429 56.571429 0.036000 0.036000 56.571429 56.571429 56.571429
0.036000 0.036000 0.036000 56.571429 56.571429 0.036000 0.036000 56.571429 56.571429 56.571429
0.036000 0.036000 0.036000 56.571429 56.571429 0.036000 0.036000 56.571429 56.571429 56.571429
0.036000 0.036000 0.036000 56.571429 56.571429 0.036000 0.036000 56.571429 56.571429 56.571429
0.036000 0.036000 0.036000 56.571429 56.571429 0.036000 0.036000 56.571429 56.571429 56.571429
0.036000 0.036000 0.036000 56.571429 56.571429 0.036000 0.036000 56.571429 56.571429 56.571429
0.036000 0.036000 0.036000 56.571429 56.571429 0.036000 0.036000 56.571429 56.571429 56.571429
0.036000 0.036000 0.036000 56.571429 56.571429 0.036000 0.036000 56.571429 56.571429 56.571429
0.036000 0.036000 0.036000 56.571429 56.571429 0.036000 0.036000 56.571429 56.571429 56.571429
0.036000 0.036000 0.036000 56.571429 56.571429 0.036000 0.036000 56.571429 56.571429 56.571429
0.036000 0.036000 0.036000 56.571429 56.571429 0.036000 0.036000 56.571429 56.571429 56.571429
0.036000 0.036000 0.036000 56.571429 56.571429 0.036000 0.036000 56.571429 56.571429 56.571429
0.036000 0.036000 0.036000 56.571429 56.571429 0.036000 0.036000 56.571429 56.571429 56.571429
0.036000 0.036000 0.036000 56.571429 56.571429 0.036000 0.036000 56.571429 56.571429 56.571429
0.036000 0.036000 0.036000 56.571429 56.571429 0.036000 0.036000 56.571429 56.571429 56.571429
0.036000 0.036000 0.036000 56.571429 56.571429 0.036000 0.036000 56.571429 56.571429 56.571429
0.036000 0.036000 0.036000 56.571429 56.571429 0.036000 0.036000 56.571429 56.571429 56.571429
0.036000 0.036000 0.036000 56.571429 56.571429 0.036000 0.036000 56.571429 56.571429 56.571429
0.036000 0.036000 0.036000 56.571429 56.571429 0.036000 0.036000 56.571429 56.571429 56.571429
0.036000 0.036000 0.036000 56.571429 56.571429 0.036000 0.036000 56.571429 56.571429 56.571429
0.036000 0.036000 0.036000 56.571429 56.571429 0.036000 0.036000 56.571429 56.571429 56.571429
0.036000 0.036000 0.036000 56.571429 56.571429 0.036000 0.036000 56.571429 56.571429 56.571429
0.036000 0.036000 0.036000 56.571429 56.571429 0.036000 0.036000 56.571429 56.571429 56.571429
0.036000 0.036000 0.036000 56.571429 56.571429 0.036000 0.036000 56.571429 56.571429 56.571429
0.036000 0.036000 0.036000 56.571429 56.571429 0.036000 0.036000 56.571429 56.571429 56.571429
0.036000 0.036000 0.036000 56.571429 56.571429 0.036000 0.036000 56.571429 56.571429 56.571429
0.036000 0.036000 0.036000 56.571429 56.571429 0.036000 0.036000 56.571429 56.571429 56.571429
0.036000 0.036000 0.036000 56.571429 56.571429 0.036000 0.036000 56.571429 56.571429 56.571429
0.036000 0.036000 0.036000 56.571429 56.571429 0.036000 0.036000 56.571429 56.571429 56.571429
0.036000 0.036000 0.036000 56.571429 56.571429 0.036000 0.036000 56.571429 56.571429 56.571429
0.036000 0.036000 0.036000 56.571429 56.571429 0.036000 0.036000 56.571429 56.571429 56.571429
0.036000 0.036000 0.036000 56.571429 56.571429 0.036000 0.036000 56.571429 56.571429 56.571429
0.036000 0.036000 0.036000 56.571429 56.571429 0.036000 0.036000 56.571429 56.571429 56.571429
0.036000 0.036000 0.036000 56.571429 56.571429 0.036000 0.036000 56.571429 56.571429 56.571429
0.036000 0.036000 0.036000 56.571429 56.571429 0.036000 0.036000 56.571429 56.571429 56.571429
0.036000 0.036000 0.036000 56.571429 56.571429 0.036000 0.036000 56.571429 56.571429 56.571429
0.036000 0.036000 0.036000 56.571429 56.571429 0.036000 0.036000 56.571429 56.571429 56.571429
0.036000 0.036000 0.036000 56.571429 56.571429 0.036000 0.036000 56.571429 56.571429 56.571429
0.036000 0.036000 0.036000 56.571429 56.571429 0.036000 0.036000 56.571429 56.571429 56.571429
0.036000 0.036000 0.036000 56.571429 56.571429 0.036000 0.036000 56.571429 56.571429 56.571429
0.036000 0.036000 0.036000 56.571429 56.571429 0.036000 0.036000 56.571429 56.571429 56.571429
0.036000 0.036000 0.036000 56.571429 56.571429 0.036000 0.036000 56.571429 56.571429 56.571429
0.036000 0.036000 0.036000 56.571429 56.571429 0.036000 0.036000 56.571429 56.571429 56.571429
0.036000 0.036000 0.036000 56.571429 56.571429 0.036000 0.036000 56.571429 56.571429 56.571429
0.036000 0.036000 0.036000 56.571429 56.571429 0.036000 0.036000 56.571429 56.571429 56.571429
0.036000 0.036000 0.036000 56.571429 56.571429 0.036000 0.036000 56.571429 56.571429 56.571429
0.036000 0.036000 0.036000 56.571429 56.571429 0.036000 0.036000 56.571429 56.571429 56.571429
0.036000 0.036000 0.036000 56.571429 56.571429 0.036000 0.036000 56.571429 56.571429 56.571429
0.036000 0.036000 0.036000 56.571429 56.571429 0.036000 0.036000 56.571429 56.571429 56.571429
0.036000 0.036000 0.036000 56.571429 56.571429 0.036000 0.036000 56.571429 56.571429 56.571429
0.036000 0.036000 0.036000 56.571429 56.571429 0.036000 0.036000 56.571429 56.571429 56.571429
0.036000 0.036000 0.036000 56.571429 56.571429 0.036000 0.036000 56.571429 56.571429 56.571429
0.036000 0.036000 0.036000 56.571429 56.571429 0.036000 0.036000 56.571429 56.571429 56.571429
0.036000 0.036000 0.036000 56.571429 56.571429 0.036000 0.036000 56.571429 56.571429 56.571429
0.036000 0.036000 0.036000 56.571429 56.571429 0.036000 0.036000 56.571429 56.571429 56.571429
0.036000 0.036000 0.036000 56.571429 56.571429 0.036000 0.036000 56.571429 56.571429 56.571429
0.036000 0.036000 0.036000 56.571429 56.571429 0.036000 0.036000 56.571429 56.571429 56.571429
0.036000 0.036000 0.036000 56.571429 56.571429 0.036000 0.036000 56.571429 56.571429 56.571429
0.036000 0.036000 0.036000 56.571429 56.571429 0.036000 0.036000 56.571429 56.571429 56.571429
0.036000 0.036000 0.036000 56.571429 56.571429 0.036000 0.036000 56.571429 56.571429 56.571429
0.036000 0.036000 0.036000 56.571429 56.571429 0.036000 0.036000 56.571429 56.571429 56.571429
0.036000 0.036000 0.036000 56.571429 56.571429 0.036000 0.036000 56.571429 56.571429 56.571429
0.036000 0.036000 0.036000 56.571429 56.571429 0.036000 0.036000 56.571429 56.571429 56.571429
0.036000 0.036000 0.036000 56.571429 56.571429 0.036000 0.036000 56.571429 56.571429 56.571429
0.036000 0.036000 0.036000 56.571429 56.571429 0.036000 0.036000 56.571429 56.571429 56.571429
0.036000 0.036000 0.036000 56.571429 56.571429 0.036000 0.036000 56.571429 56.571429 56.571429
0.036000 0.036000 0.036000 56.571429 56.571429 0.036000 0.036000 56.571429 56.571429 56.571429
0.036000 0.036000 0.036000 56.571429 56.571429 0.036000 0.036000 56.571429 56.571429 56.571429
0.036000 0.036000 0.036000 56.571429 56.571429 0.036000 0.036000 56.571429 56.571429 56.571429
0.036000 0.036000 0.036000 56.571429 56.571429 0.036000 0.036000 56.571429 56.571429 56.571429
0.036000 0.036000 0.036000 56.571429 56.571429 0.036000 0.036000 56.571429 56.571429 56.571429
0.036000 0.036000 0.036000 56.571429 56.571429 0.036000 0.036000 56.571429 56.571429 56.571429
0.036000 0.036000 0.036000 56.571429 56.571429 0.036000 0.036000 56.571429 56.571429 56.571429
0.036000 0.036000 0.036000 56.571429 56.571429 0.036000 0.036000 56.571429 56.571429 56.571429
0.036000 0.036000 0.036000 56.571429 56.571429 0.036000 0.036000 56.571429 56.571429 56.571429
0.036000 0.036000 0.036000 56.571429 56.571429 0.036000 0.036000 56.571429 56.571429 56.571429
0.036000 0.036000 0.036000 56.571429 56.571429 0.036000 0.036000 56.571429 56.571429 56.571429
0.036000 0.036000 0.036000 56.571429 56.571429 0.036000 0.036000 56.571429 56.571429 56.571429
0.036000 0.036000 0.036000 56.571429 56.571429 0.036000 0.036000 56.571429 56.571429 56.571429
0.036000 0.036000 0.036000 56.571429 56.571429 0.036000 0.036000 56.571429 56.571429 56.571429
0.036000 0.036000 0.036000 56.571429 56.571429 0.036000 0.036000 56.571429 56.571429 56.571429
0.036000 0.036000 0.036000 56.571429 56.571429 0.036000 0.036000 56.571429 56.571429 56.571429
