#Origin_ID Destination_ID <demand by interval>
1 1 15.0 15.0 15.0 15.0 15.0 15.0 15.0 15.0 15.0 15.0
1 2 15.0 15.0 15.0 15.0 15.0 15.0 15.0 15.0 15.0 15.0
1 3 15.0 15.0 15.0 15.0 15.0 15.0 15.0 15.0 15.0 15.0
2 1 15.0 15.0 15.0 15.0 15.0 15.0 15.0 15.0 15.0 15.0
2 2 15.0 15.0 15.0 15.0 15.0 15.0 15.0 15.0 15.0 15.0
2 3 15.0 15.0 15.0 15.0 15.0 15.0 15.0 15.0 15.0 15.0
3 1 15.0 15.0 15.0 15.0 15.0 15.0 15.0 15.0 15.0 15.0
3 2 15.0 15.0 15.0 15.0 15.0 15.0 15.0 15.0 15.0 15.0
3 3 15.0 15.0 15.0 15.0 15.0 15.0 15.0 15.0 15.0 15.0
