10 1 2 3 11
10 1 2 5 8 9 6 3 11
10 1 2 5 4 7 8 9 6 3 11
10 1 2 5 6 3 11
10 1 4 5 8 9 6 3 11
10 1 4 5 2 3 11
10 1 4 5 6 3 11
10 1 4 7 8 9 6 3 11
10 1 4 7 8 9 6 5 2 3 11
10 1 4 7 8 5 2 3 11
10 1 4 7 8 5 6 3 11
10 1 2 3 6 13
10 1 2 5 8 9 6 13
10 1 2 5 4 7 8 9 6 13
10 1 2 5 6 13
10 1 4 5 8 9 6 13
10 1 4 5 2 3 6 13
10 1 4 5 6 13
10 1 4 7 8 9 6 13
10 1 4 7 8 5 2 3 6 13
10 1 4 7 8 5 6 13
10 1 2 3 6 9 15
10 1 2 3 6 5 8 9 15
10 1 2 3 6 5 4 7 8 9 15
10 1 2 5 8 9 15
10 1 2 5 4 7 8 9 15
10 1 2 5 6 9 15
10 1 4 5 8 9 15
10 1 4 5 2 3 6 9 15
10 1 4 5 6 9 15
10 1 4 7 8 9 15
10 1 4 7 8 5 2 3 6 9 15
10 1 4 7 8 5 6 9 15
12 4 1 2 3 11
12 4 1 2 5 8 9 6 3 11
12 4 1 2 5 6 3 11
12 4 5 8 9 6 3 11
12 4 5 2 3 11
12 4 5 6 3 11
12 4 7 8 9 6 3 11
12 4 7 8 9 6 5 2 3 11
12 4 7 8 5 2 3 11
12 4 7 8 5 6 3 11
12 4 1 2 3 6 13
12 4 1 2 5 8 9 6 13
12 4 1 2 5 6 13
12 4 5 8 9 6 13
12 4 5 2 3 6 13
12 4 5 6 13
12 4 7 8 9 6 13
12 4 7 8 5 2 3 6 13
12 4 7 8 5 6 13
12 4 1 2 3 6 9 15
12 4 1 2 3 6 5 8 9 15
12 4 1 2 5 8 9 15
12 4 1 2 5 6 9 15
12 4 5 8 9 15
12 4 5 2 3 6 9 15
12 4 5 6 9 15
12 4 7 8 9 15
12 4 7 8 5 2 3 6 9 15
12 4 7 8 5 6 9 15
14 7 8 9 6 3 11
14 7 8 9 6 5 2 3 11
14 7 8 9 6 5 4 1 2 3 11
14 7 8 5 2 3 11
14 7 8 5 4 1 2 3 11
14 7 8 5 6 3 11
14 7 4 1 2 3 11
14 7 4 1 2 5 8 9 6 3 11
14 7 4 1 2 5 6 3 11
14 7 4 5 8 9 6 3 11
14 7 4 5 2 3 11
14 7 4 5 6 3 11
14 7 8 9 6 13
14 7 8 5 2 3 6 13
14 7 8 5 4 1 2 3 6 13
14 7 8 5 6 13
14 7 4 1 2 3 6 13
14 7 4 1 2 5 8 9 6 13
14 7 4 1 2 5 6 13
14 7 4 5 8 9 6 13
14 7 4 5 2 3 6 13
14 7 4 5 6 13
14 7 8 9 15
14 7 8 5 2 3 6 9 15
14 7 8 5 4 1 2 3 6 9 15
14 7 8 5 6 9 15
14 7 4 1 2 3 6 9 15
14 7 4 1 2 3 6 5 8 9 15
14 7 4 1 2 5 8 9 15
14 7 4 1 2 5 6 9 15
14 7 4 5 8 9 15
14 7 4 5 2 3 6 9 15
14 7 4 5 6 9 15
