0.090909090909 0.090909090909 0.090909090909 0.090909090909 0.090909090909 0.090909090909 0.090909090909 0.090909090909 0.090909090909 0.090909090909
0.090909090909 0.090909090909 0.090909090909 0.090909090909 0.090909090909 0.090909090909 0.090909090909 0.090909090909 0.090909090909 0.090909090909
0.090909090909 0.090909090909 0.090909090909 0.090909090909 0.090909090909 0.090909090909 0.090909090909 0.090909090909 0.090909090909 0.090909090909
0.090909090909 0.090909090909 0.090909090909 0.090909090909 0.090909090909 0.090909090909 0.090909090909 0.090909090909 0.090909090909 0.090909090909
0.090909090909 0.090909090909 0.090909090909 0.090909090909 0.090909090909 0.090909090909 0.090909090909 0.090909090909 0.090909090909 0.090909090909
0.090909090909 0.090909090909 0.090909090909 0.090909090909 0.090909090909 0.090909090909 0.090909090909 0.090909090909 0.090909090909 0.090909090909
0.090909090909 0.090909090909 0.090909090909 0.090909090909 0.090909090909 0.090909090909 0.090909090909 0.090909090909 0.090909090909 0.090909090909
0.090909090909 0.090909090909 0.090909090909 0.090909090909 0.090909090909 0.090909090909 0.090909090909 0.090909090909 0.090909090909 0.090909090909
0.090909090909 0.090909090909 0.090909090909 0.090909090909 0.090909090909 0.090909090909 0.090909090909 0.090909090909 0.090909090909 0.090909090909
0.090909090909 0.090909090909 0.090909090909 0.090909090909 0.090909090909 0.090909090909 0.090909090909 0.090909090909 0.090909090909 0.090909090909
0.090909090909 0.090909090909 0.090909090909 0.090909090909 0.090909090909 0.090909090909 0.090909090909 0.090909090909 0.090909090909 0.090909090909
0.100000000000 0.100000000000 0.100000000000 0.100000000000 0.100000000000 0.100000000000 0.100000000000 0.100000000000 0.100000000000 0.100000000000
0.100000000000 0.100000000000 0.100000000000 0.100000000000 0.100000000000 0.100000000000 0.100000000000 0.100000000000 0.100000000000 0.100000000000
0.100000000000 0.100000000000 0.100000000000 0.100000000000 0.100000000000 0.100000000000 0.100000000000 0.100000000000 0.100000000000 0.100000000000
0.100000000000 0.100000000000 0.100000000000 0.100000000000 0.100000000000 0.100000000000 0.100000000000 0.100000000000 0.100000000000 0.100000000000
0.100000000000 0.100000000000 0.100000000000 0.100000000000 0.100000000000 0.100000000000 0.100000000000 0.100000000000 0.100000000000 0.100000000000
0.100000000000 0.100000000000 0.100000000000 0.100000000000 0.100000000000 0.100000000000 0.100000000000 0.100000000000 0.100000000000 0.100000000000
0.100000000000 0.100000000000 0.100000000000 0.100000000000 0.100000000000 0.100000000000 0.100000000000 0.100000000000 0.100000000000 0.100000000000
0.100000000000 0.100000000000 0.100000000000 0.100000000000 0.100000000000 0.100000000000 0.100000000000 0.100000000000 0.100000000000 0.100000000000
0.100000000000 0.100000000000 0.100000000000 0.100000000000 0.100000000000 0.100000000000 0.100000000000 0.100000000000 0.100000000000 0.100000000000
0.100000000000 0.100000000000 0.100000000000 0.100000000000 0.100000000000 0.100000000000 0.100000000000 0.100000000000 0.100000000000 0.100000000000
0.083333333333 0.083333333333 0.083333333333 0.083333333333 0.083333333333 0.083333333333 0.083333333333 0.083333333333 0.083333333333 0.083333333333
0.083333333333 0.083333333333 0.083333333333 0.083333333333 0.083333333333 0.083333333333 0.083333333333 0.083333333333 0.083333333333 0.083333333333
0.083333333333 0.083333333333 0.083333333333 0.083333333333 0.083333333333 0.083333333333 0.083333333333 0.083333333333 0.083333333333 0.083333333333
0.083333333333 0.083333333333 0.083333333333 0.083333333333 0.083333333333 0.083333333333 0.083333333333 0.083333333333 0.083333333333 0.083333333333
0.083333333333 0.083333333333 0.083333333333 0.083333333333 0.083333333333 0.083333333333 0.083333333333 0.083333333333 0.083333333333 0.083333333333
0.083333333333 0.083333333333 0.083333333333 0.083333333333 0.083333333333 0.083333333333 0.083333333333 0.083333333333 0.083333333333 0.083333333333
0.083333333333 0.083333333333 0.083333333333 0.083333333333 0.083333333333 0.083333333333 0.083333333333 0.083333333333 0.083333333333 0.083333333333
0.083333333333 0.083333333333 0.083333333333 0.083333333333 0.083333333333 0.083333333333 0.083333333333 0.083333333333 0.083333333333 0.083333333333
0.083333333333 0.083333333333 0.083333333333 0.083333333333 0.083333333333 0.083333333333 0.083333333333 0.083333333333 0.083333333333 0.083333333333
0.083333333333 0.083333333333 0.083333333333 0.083333333333 0.083333333333 0.083333333333 0.083333333333 0.083333333333 0.083333333333 0.083333333333
0.083333333333 0.083333333333 0.083333333333 0.083333333333 0.083333333333 0.083333333333 0.083333333333 0.083333333333 0.083333333333 0.083333333333
0.083333333333 0.083333333333 0.083333333333 0.083333333333 0.083333333333 0.083333333333 0.083333333333 0.083333333333 0.083333333333 0.083333333333
0.100000000000 0.100000000000 0.100000000000 0.100000000000 0.100000000000 0.100000000000 0.100000000000 0.100000000000 0.100000000000 0.100000000000
0.100000000000 0.100000000000 0.100000000000 0.100000000000 0.100000000000 0.100000000000 0.100000000000 0.100000000000 0.100000000000 0.100000000000
0.100000000000 0.100000000000 0.100000000000 0.100000000000 0.100000000000 0.100000000000 0.100000000000 0.100000000000 0.100000000000 0.100000000000
0.100000000000 0.100000000000 0.100000000000 0.100000000000 0.100000000000 0.100000000000 0.100000000000 0.100000000000 0.100000000000 0.100000000000
0.100000000000 0.100000000000 0.100000000000 0.100000000000 0.100000000000 0.100000000000 0.100000000000 0.100000000000 0.100000000000 0.100000000000
0.100000000000 0.100000000000 0.100000000000 0.100000000000 0.100000000000 0.100000000000 0.100000000000 0.100000000000 0.100000000000 0.100000000000
0.100000000000 0.100000000000 0.100000000000 0.100000000000 0.100000000000 0.100000000000 0.100000000000 0.100000000000 0.100000000000 0.100000000000
0.100000000000 0.100000000000 0.100000000000 0.100000000000 0.100000000000 0.100000000000 0.100000000000 0.100000000000 0.100000000000 0.100000000000
0.100000000000 0.100000000000 0.100000000000 0.100000000000 0.100000000000 0.100000000000 0.100000000000 0.100000000000 0.100000000000 0.100000000000
0.100000000000 0.100000000000 0.100000000000 0.100000000000 0.100000000000 0.100000000000 0.100000000000 0.100000000000 0.100000000000 0.100000000000
0.111111111111 0.111111111111 0.111111111111 0.111111111111 0.111111111111 0.111111111111 0.111111111111 0.111111111111 0.111111111111 0.111111111111
0.111111111111 0.111111111111 0.111111111111 0.111111111111 0.111111111111 0.111111111111 0.111111111111 0.111111111111 0.111111111111 0.111111111111
0.111111111111 0.111111111111 0.111111111111 0.111111111111 0.111111111111 0.111111111111 0.111111111111 0.111111111111 0.111111111111 0.111111111111
0.111111111111 0.111111111111 0.111111111111 0.111111111111 0.111111111111 0.111111111111 0.111111111111 0.111111111111 0.111111111111 0.111111111111
0.111111111111 0.111111111111 0.111111111111 0.111111111111 0.111111111111 0.111111111111 0.111111111111 0.111111111111 0.111111111111 0.111111111111
0.111111111111 0.111111111111 0.111111111111 0.111111111111 0.111111111111 0.111111111111 0.111111111111 0.111111111111 0.111111111111 0.111111111111
0.111111111111 0.111111111111 0.111111111111 0.111111111111 0.111111111111 0.111111111111 0.111111111111 0.111111111111 0.111111111111 0.111111111111
0.111111111111 0.111111111111 0.111111111111 0.111111111111 0.111111111111 0.111111111111 0.111111111111 0.111111111111 0.111111111111 0.111111111111
0.111111111111 0.111111111111 0.111111111111 0.111111111111 0.111111111111 0.111111111111 0.111111111111 0.111111111111 0.111111111111 0.111111111111
0.100000000000 0.100000000000 0.100000000000 0.100000000000 0.100000000000 0.100000000000 0.100000000000 0.100000000000 0.100000000000 0.100000000000
0.100000000000 0.100000000000 0.100000000000 0.100000000000 0.100000000000 0.100000000000 0.100000000000 0.100000000000 0.100000000000 0.100000000000
0.100000000000 0.100000000000 0.100000000000 0.100000000000 0.100000000000 0.100000000000 0.100000000000 0.100000000000 0.100000000000 0.100000000000
0.100000000000 0.100000000000 0.100000000000 0.100000000000 0.100000000000 0.100000000000 0.100000000000 0.100000000000 0.100000000000 0.100000000000
0.100000000000 0.100000000000 0.100000000000 0.100000000000 0.100000000000 0.100000000000 0.100000000000 0.100000000000 0.100000000000 0.100000000000
0.100000000000 0.100000000000 0.100000000000 0.100000000000 0.100000000000 0.100000000000 0.100000000000 0.100000000000 0.100000000000 0.100000000000
0.100000000000 0.100000000000 0.100000000000 0.100000000000 0.100000000000 0.100000000000 0.100000000000 0.100000000000 0.100000000000 0.100000000000
0.100000000000 0.100000000000 0.100000000000 0.100000000000 0.100000000000 0.100000000000 0.100000000000 0.100000000000 0.100000000000 0.100000000000
0.100000000000 0.100000000000 0.100000000000 0.100000000000 0.100000000000 0.100000000000 0.100000000000 0.100000000000 0.100000000000 0.100000000000
0.100000000000 0.100000000000 0.100000000000 0.100000000000 0.100000000000 0.100000000000 0.100000000000 0.100000000000 0.100000000000 0.100000000000
0.083333333333 0.083333333333 0.083333333333 0.083333333333 0.083333333333 0.083333333333 0.083333333333 0.083333333333 0.083333333333 0.083333333333
0.083333333333 0.083333333333 0.083333333333 0.083333333333 0.083333333333 0.083333333333 0.083333333333 0.083333333333 0.083333333333 0.083333333333
0.083333333333 0.083333333333 0.083333333333 0.083333333333 0.083333333333 0.083333333333 0.083333333333 0.083333333333 0.083333333333 0.083333333333
0.083333333333 0.083333333333 0.083333333333 0.083333333333 0.083333333333 0.083333333333 0.083333333333 0.083333333333 0.083333333333 0.083333333333
0.083333333333 0.083333333333 0.083333333333 0.083333333333 0.083333333333 0.083333333333 0.083333333333 0.083333333333 0.083333333333 0.083333333333
0.083333333333 0.083333333333 0.083333333333 0.083333333333 0.083333333333 0.083333333333 0.083333333333 0.083333333333 0.083333333333 0.083333333333
0.083333333333 0.083333333333 0.083333333333 0.083333333333 0.083333333333 0.083333333333 0.083333333333 0.083333333333 0.083333333333 0.083333333333
0.083333333333 0.083333333333 0.083333333333 0.083333333333 0.083333333333 0.083333333333 0.083333333333 0.083333333333 0.083333333333 0.083333333333
0.083333333333 0.083333333333 0.083333333333 0.083333333333 0.083333333333 0.083333333333 0.083333333333 0.083333333333 0.083333333333 0.083333333333
0.083333333333 0.083333333333 0.083333333333 0.083333333333 0.083333333333 0.083333333333 0.083333333333 0.083333333333 0.083333333333 0.083333333333
0.083333333333 0.083333333333 0.083333333333 0.083333333333 0.083333333333 0.083333333333 0.083333333333 0.083333333333 0.083333333333 0.083333333333
0.083333333333 0.083333333333 0.083333333333 0.083333333333 0.083333333333 0.083333333333 0.083333333333 0.083333333333 0.083333333333 0.083333333333
0.100000000000 0.100000000000 0.100000000000 0.100000000000 0.100000000000 0.100000000000 0.100000000000 0.100000000000 0.100000000000 0.100000000000
0.100000000000 0.100000000000 0.100000000000 0.100000000000 0.100000000000 0.100000000000 0.100000000000 0.100000000000 0.100000000000 0.100000000000
0.100000000000 0.100000000000 0.100000000000 0.100000000000 0.100000000000 0.100000000000 0.100000000000 0.100000000000 0.100000000000 0.100000000000
0.100000000000 0.100000000000 0.100000000000 0.100000000000 0.100000000000 0.100000000000 0.100000000000 0.100000000000 0.100000000000 0.100000000000
0.100000000000 0.100000000000 0.100000000000 0.100000000000 0.100000000000 0.100000000000 0.100000000000 0.100000000000 0.100000000000 0.100000000000
0.100000000000 0.100000000000 0.100000000000 0.100000000000 0.100000000000 0.100000000000 0.100000000000 0.100000000000 0.100000000000 0.100000000000
0.100000000000 0.100000000000 0.100000000000 0.100000000000 0.100000000000 0.100000000000 0.100000000000 0.100000000000 0.100000000000 0.100000000000
0.100000000000 0.100000000000 0.100000000000 0.100000000000 0.100000000000 0.100000000000 0.100000000000 0.100000000000 0.100000000000 0.100000000000
0.100000000000 0.100000000000 0.100000000000 0.100000000000 0.100000000000 0.100000000000 0.100000000000 0.100000000000 0.100000000000 0.100000000000
0.100000000000 0.100000000000 0.100000000000 0.100000000000 0.100000000000 0.100000000000 0.100000000000 0.100000000000 0.100000000000 0.100000000000
0.090909090909 0.090909090909 0.090909090909 0.090909090909 0.090909090909 0.090909090909 0.090909090909 0.090909090909 0.090909090909 0.090909090909
0.090909090909 0.090909090909 0.090909090909 0.090909090909 0.090909090909 0.090909090909 0.090909090909 0.090909090909 0.090909090909 0.090909090909
0.090909090909 0.090909090909 0.090909090909 0.090909090909 0.090909090909 0.090909090909 0.090909090909 0.090909090909 0.090909090909 0.090909090909
0.090909090909 0.090909090909 0.090909090909 0.090909090909 0.090909090909 0.090909090909 0.090909090909 0.090909090909 0.090909090909 0.090909090909
0.090909090909 0.090909090909 0.090909090909 0.090909090909 0.090909090909 0.090909090909 0.090909090909 0.090909090909 0.090909090909 0.090909090909
0.090909090909 0.090909090909 0.090909090909 0.090909090909 0.090909090909 0.090909090909 0.090909090909 0.090909090909 0.090909090909 0.090909090909
0.090909090909 0.090909090909 0.090909090909 0.090909090909 0.090909090909 0.090909090909 0.090909090909 0.090909090909 0.090909090909 0.090909090909
0.090909090909 0.090909090909 0.090909090909 0.090909090909 0.090909090909 0.090909090909 0.090909090909 0.090909090909 0.090909090909 0.090909090909
0.090909090909 0.090909090909 0.090909090909 0.090909090909 0.090909090909 0.090909090909 0.090909090909 0.090909090909 0.090909090909 0.090909090909
0.090909090909 0.090909090909 0.090909090909 0.090909090909 0.090909090909 0.090909090909 0.090909090909 0.090909090909 0.090909090909 0.090909090909
0.090909090909 0.090909090909 0.090909090909 0.090909090909 0.090909090909 0.090909090909 0.090909090909 0.090909090909 0.090909090909 0.090909090909
