# EdgeID FromVirtualBusstopID ToVirtualBusstopID LEN(mile) FFTT(h) RouteID(each link belongs only one route ID, MultiGraph) <overlapped driving link IDs>
201 31001 30201 1.37 0.0149 1 101 2
202 30201 30301 0.46 0.0182 1 2 4
203 30301 31101 1.275 0.0111 1 4 106
204 31002 30101 1.18 0.0073 2 101 2
205 30101 30401 0.64 0.0258 2 2 6
206 30401 30601 0.46 0.0182 2 6 5
207 30601 31102 1.37 0.0149 2 5 106
208 31003 30501 1.275 0.0111 3 101 3
209 30501 30602 0.46 0.0182 3 3 5
210 30602 30701 0.18 0.0076 3 5
211 30701 31103 1.18 0.0073 3 5 106
