timestamp (intervals), driving_link_ID, car_inflow, truck_inflow, car_tt (s), truck_tt (s), car_fftt (s), truck_fftt (s), car_speed (mph), truck_speed (mph)
0 7 0.000000 0.000000 0.036000 0.036000 0.036000 0.036000 99999.000000 99999.000000
0 6 0.000000 0.000000 56.571429 79.200000 56.571429 79.200000 35.000000 25.000000
0 2 10.600000 1.400000 56.571429 79.200000 56.571429 79.200000 35.000000 25.000000
0 1 22.500000 2.500000 0.036000 0.036000 0.036000 0.036000 99999.000000 99999.000000
0 3 11.900000 1.100000 56.571429 79.200000 56.571429 79.200000 35.000000 25.000000
0 4 0.000000 0.000000 56.571429 79.200000 56.571429 79.200000 35.000000 25.000000
0 5 0.000000 0.000000 56.571429 79.200000 56.571429 79.200000 35.000000 25.000000
12 7 3.800000 0.000000 0.036000 0.036000 0.036000 0.036000 99999.000000 99999.000000
12 6 9.200000 0.100000 56.571429 79.200000 56.571429 79.200000 35.000000 25.000000
12 2 10.500000 1.800000 56.571429 95.000000 56.571429 79.200000 35.000000 20.842105
12 1 22.500000 2.600000 15.000000 15.000000 0.036000 0.036000 240.000000 240.000000
12 3 12.000000 0.800000 60.000000 90.000000 56.571429 79.200000 33.000000 22.000000
12 4 1.400000 1.300000 56.571429 79.200000 56.571429 79.200000 35.000000 25.000000
12 5 14.900000 1.100000 56.571429 79.200000 56.571429 79.200000 35.000000 25.000000
24 7 15.700000 2.000000 5.000000 0.036000 0.036000 0.036000 720.000000 99999.000000
24 6 9.200000 0.100000 80.000000 80.000000 56.571429 79.200000 24.750000 24.750000
24 2 9.900000 1.400000 60.000000 105.000000 56.571429 79.200000 33.000000 18.857143
24 1 22.500000 2.500000 15.000000 15.000000 0.036000 0.036000 240.000000 240.000000
24 3 12.600000 1.100000 70.000000 80.000000 56.571429 79.200000 28.285714 24.750000
24 4 1.300000 1.600000 56.571429 80.000000 56.571429 79.200000 35.000000 24.750000
24 5 21.200000 0.900000 56.571429 80.000000 56.571429 79.200000 35.000000 24.750000
36 7 22.600000 2.800000 5.000000 5.000000 0.036000 0.036000 720.000000 720.000000
36 6 8.500000 0.200000 75.000000 95.000000 56.571429 79.200000 26.400000 20.842105
36 2 10.800000 1.100000 56.571429 100.000000 56.571429 79.200000 35.000000 19.800000
36 1 22.500000 2.600000 15.000000 15.000000 0.036000 0.036000 240.000000 240.000000
36 3 11.700000 1.500000 70.000000 80.000000 56.571429 79.200000 28.285714 24.750000
36 4 1.400000 1.300000 56.571429 80.000000 56.571429 79.200000 35.000000 24.750000
36 5 21.800000 1.200000 56.571429 79.200000 56.571429 79.200000 35.000000 25.000000
48 7 23.000000 2.200000 5.000000 5.000000 0.036000 0.036000 720.000000 720.000000
48 6 9.400000 0.100000 75.000000 79.200000 56.571429 79.200000 26.400000 25.000000
48 2 9.800000 0.800000 60.000000 85.000000 56.571429 79.200000 33.000000 23.294118
48 1 22.500000 2.500000 15.000000 15.000000 0.036000 0.036000 240.000000 240.000000
48 3 12.700000 1.700000 70.000000 85.000000 56.571429 79.200000 28.285714 23.294118
48 4 1.400000 1.000000 56.571429 80.000000 56.571429 79.200000 35.000000 24.750000
48 5 20.200000 1.700000 56.571429 90.000000 56.571429 79.200000 35.000000 22.000000
60 7 21.300000 2.700000 5.000000 5.000000 0.036000 0.036000 720.000000 720.000000
60 6 8.600000 0.000000 75.000000 95.000000 56.571429 79.200000 26.400000 20.842105
60 2 9.900000 1.100000 60.000000 115.000000 56.571429 79.200000 33.000000 17.217391
60 1 22.500000 2.500000 15.000000 15.000000 0.036000 0.036000 240.000000 240.000000
60 3 12.600000 1.400000 70.000000 120.000000 56.571429 79.200000 28.285714 16.500000
60 4 1.200000 0.700000 56.571429 80.000000 56.571429 79.200000 35.000000 24.750000
60 5 22.000000 1.700000 56.571429 79.200000 56.571429 79.200000 35.000000 25.000000
72 7 23.500000 2.200000 5.000000 5.000000 0.036000 0.036000 720.000000 720.000000
72 6 8.500000 0.000000 80.000000 95.000000 56.571429 79.200000 24.750000 20.842105
72 2 9.900000 1.000000 60.000000 85.000000 56.571429 79.200000 33.000000 23.294118
72 1 22.500000 2.500000 15.000000 15.000000 0.036000 0.036000 240.000000 240.000000
72 3 12.600000 1.500000 70.000000 90.000000 56.571429 79.200000 28.285714 22.000000
72 4 1.400000 1.200000 56.571429 85.000000 56.571429 79.200000 35.000000 23.294118
72 5 21.300000 1.500000 56.571429 85.000000 56.571429 79.200000 35.000000 23.294118
84 7 22.700000 2.900000 5.000000 5.000000 0.036000 0.036000 720.000000 720.000000
84 6 9.300000 0.000000 80.000000 95.000000 56.571429 79.200000 24.750000 20.842105
84 2 10.600000 1.200000 60.000000 90.000000 56.571429 79.200000 33.000000 22.000000
84 1 22.500000 2.500000 15.000000 15.000000 0.036000 0.036000 240.000000 240.000000
84 3 11.900000 1.300000 70.000000 90.000000 56.571429 79.200000 28.285714 22.000000
84 4 0.600000 1.000000 56.571429 80.000000 56.571429 79.200000 35.000000 24.750000
84 5 21.100000 1.500000 56.571429 85.000000 56.571429 79.200000 35.000000 23.294118
96 7 21.700000 2.600000 5.000000 5.000000 0.036000 0.036000 720.000000 720.000000
96 6 9.600000 0.100000 80.000000 95.000000 56.571429 79.200000 24.750000 20.842105
96 2 10.100000 1.500000 60.000000 90.000000 56.571429 79.200000 33.000000 22.000000
96 1 22.500000 2.600000 15.000000 15.000000 0.036000 0.036000 240.000000 240.000000
96 3 12.400000 1.100000 70.000000 100.000000 56.571429 79.200000 28.285714 19.800000
96 4 1.000000 1.100000 56.571429 80.000000 56.571429 79.200000 35.000000 24.750000
96 5 21.100000 1.300000 56.571429 85.000000 56.571429 79.200000 35.000000 23.294118
108 7 22.000000 2.200000 5.000000 5.000000 0.036000 0.036000 720.000000 720.000000
108 6 9.400000 0.000000 75.000000 80.000000 56.571429 79.200000 26.400000 24.750000
108 2 9.700000 1.000000 60.000000 85.000000 56.571429 79.200000 33.000000 23.294118
108 1 22.600000 2.500000 15.000000 15.000000 0.036000 0.036000 240.000000 240.000000
108 3 12.900000 1.500000 70.000000 85.000000 56.571429 79.200000 28.285714 23.294118
108 4 0.700000 1.500000 56.571429 79.200000 56.571429 79.200000 35.000000 25.000000
108 5 22.100000 1.200000 56.571429 79.200000 56.571429 79.200000 35.000000 25.000000
120 7 22.500000 2.700000 5.000000 5.000000 0.036000 0.036000 720.000000 720.000000
120 6 8.900000 0.000000 75.000000 80.000000 56.571429 79.200000 26.400000 24.750000
120 2 12.500000 1.600000 60.000000 105.000000 56.571429 79.200000 33.000000 18.857143
120 1 22.500000 2.500000 15.000000 15.000000 0.036000 0.036000 240.000000 240.000000
120 3 10.000000 0.900000 70.000000 85.000000 56.571429 79.200000 28.285714 23.294118
120 4 0.800000 1.000000 56.571429 95.000000 56.571429 79.200000 35.000000 20.842105
120 5 22.300000 1.500000 56.571429 80.000000 56.571429 79.200000 35.000000 24.750000
132 7 22.900000 2.500000 5.000000 5.000000 0.036000 0.036000 720.000000 720.000000
132 6 11.800000 0.400000 75.000000 80.000000 56.571429 79.200000 26.400000 24.750000
132 2 10.700000 1.500000 60.000000 95.000000 56.571429 79.200000 33.000000 20.842105
132 1 22.500000 2.500000 15.000000 15.000000 0.036000 0.036000 240.000000 240.000000
132 3 11.800000 1.000000 70.000000 95.000000 56.571429 79.200000 28.285714 20.842105
132 4 0.700000 1.200000 56.571429 85.000000 56.571429 79.200000 35.000000 23.294118
132 5 18.900000 0.900000 56.571429 90.000000 56.571429 79.200000 35.000000 22.000000
144 7 20.200000 2.000000 5.000000 5.000000 0.036000 0.036000 720.000000 720.000000
144 6 9.500000 0.200000 75.000000 80.000000 56.571429 79.200000 26.400000 24.750000
144 2 10.300000 1.500000 60.000000 85.000000 56.571429 79.200000 33.000000 23.294118
144 1 22.500000 2.600000 15.000000 15.000000 0.036000 0.036000 240.000000 240.000000
144 3 12.200000 1.100000 75.000000 95.000000 56.571429 79.200000 26.400000 20.842105
144 4 1.200000 1.300000 56.571429 85.000000 56.571429 79.200000 35.000000 23.294118
144 5 23.500000 1.400000 56.571429 80.000000 56.571429 79.200000 35.000000 24.750000
156 7 24.200000 2.500000 5.000000 5.000000 0.036000 0.036000 720.000000 720.000000
156 6 9.100000 0.200000 75.000000 80.000000 56.571429 79.200000 26.400000 24.750000
156 2 10.300000 1.200000 56.571429 100.000000 56.571429 79.200000 35.000000 19.800000
156 1 22.500000 2.500000 15.000000 15.000000 0.036000 0.036000 240.000000 240.000000
156 3 12.200000 1.300000 70.000000 90.000000 56.571429 79.200000 28.285714 22.000000
156 4 1.200000 1.300000 56.571429 90.000000 56.571429 79.200000 35.000000 22.000000
156 5 21.800000 1.300000 56.571429 85.000000 56.571429 79.200000 35.000000 23.294118
168 7 22.900000 3.000000 5.000000 5.000000 0.036000 0.036000 720.000000 720.000000
168 6 9.700000 0.100000 75.000000 79.200000 56.571429 79.200000 26.400000 25.000000
168 2 12.000000 1.500000 60.000000 90.000000 56.571429 79.200000 33.000000 22.000000
168 1 22.500000 2.500000 15.000000 15.000000 0.036000 0.036000 240.000000 240.000000
168 3 10.500000 1.000000 70.000000 85.000000 56.571429 79.200000 28.285714 23.294118
168 4 0.600000 1.100000 56.571429 79.200000 56.571429 79.200000 35.000000 25.000000
168 5 21.300000 1.500000 56.571429 95.000000 56.571429 79.200000 35.000000 20.842105
180 7 23.000000 2.600000 5.000000 5.000000 0.036000 0.036000 720.000000 720.000000
180 6 10.300000 0.000000 70.000000 79.200000 56.571429 79.200000 28.285714 25.000000
180 2 24.000000 1.800000 60.000000 85.000000 56.571429 79.200000 33.000000 23.294118
180 1 31.300000 3.100000 15.000000 15.000000 0.036000 0.036000 240.000000 240.000000
180 3 7.300000 1.300000 70.000000 85.000000 56.571429 79.200000 28.285714 23.294118
180 4 1.700000 1.500000 56.571429 80.000000 56.571429 79.200000 35.000000 24.750000
180 5 20.200000 1.100000 56.571429 85.000000 56.571429 79.200000 35.000000 23.294118
192 7 24.100000 2.800000 5.000000 5.000000 0.036000 0.036000 720.000000 720.000000
192 6 6.500000 1.400000 70.000000 79.200000 56.571429 79.200000 28.285714 25.000000
192 2 25.000000 2.000000 60.000000 85.000000 56.571429 79.200000 33.000000 23.294118
192 1 31.200000 3.100000 25.000000 25.000000 0.036000 0.036000 144.000000 144.000000
192 3 6.200000 1.100000 70.000000 95.000000 56.571429 79.200000 28.285714 20.842105
192 4 17.500000 0.400000 56.571429 85.000000 56.571429 79.200000 35.000000 23.294118
192 5 16.400000 1.300000 56.571429 95.000000 56.571429 79.200000 35.000000 20.842105
204 7 33.600000 1.600000 5.000000 5.000000 0.036000 0.036000 720.000000 720.000000
204 6 5.400000 1.500000 56.571429 85.000000 56.571429 79.200000 35.000000 23.294118
204 2 24.300000 2.300000 65.000000 95.000000 56.571429 79.200000 30.461538 20.842105
204 1 31.200000 3.000000 25.000000 25.000000 0.036000 0.036000 144.000000 144.000000
204 3 6.900000 0.700000 65.000000 95.000000 56.571429 79.200000 30.461538 20.842105
204 4 19.600000 0.300000 60.000000 100.000000 56.571429 79.200000 33.000000 19.800000
204 5 11.600000 2.300000 56.571429 80.000000 56.571429 79.200000 35.000000 24.750000
216 7 31.100000 2.100000 5.000000 5.000000 0.036000 0.036000 720.000000 720.000000
216 6 5.300000 2.000000 60.000000 90.000000 56.571429 79.200000 33.000000 22.000000
216 2 23.900000 1.300000 65.000000 110.000000 56.571429 79.200000 30.461538 18.000000
216 1 31.300000 3.100000 25.000000 25.000000 0.036000 0.036000 144.000000 144.000000
216 3 7.400000 1.800000 65.000000 95.000000 56.571429 79.200000 30.461538 20.842105
216 4 19.000000 0.300000 60.000000 79.200000 56.571429 79.200000 33.000000 25.000000
216 5 12.800000 2.000000 56.571429 80.000000 56.571429 79.200000 35.000000 24.750000
228 7 32.100000 2.700000 5.000000 5.000000 0.036000 0.036000 720.000000 720.000000
228 6 4.900000 1.300000 56.571429 79.200000 56.571429 79.200000 35.000000 25.000000
228 2 24.100000 2.200000 65.000000 90.000000 56.571429 79.200000 30.461538 22.000000
228 1 31.200000 3.100000 25.000000 25.000000 0.036000 0.036000 144.000000 144.000000
228 3 7.100000 0.900000 65.000000 100.000000 56.571429 79.200000 30.461538 19.800000
228 4 19.000000 0.200000 60.000000 79.200000 56.571429 79.200000 33.000000 25.000000
228 5 12.800000 4.000000 56.571429 79.200000 56.571429 79.200000 35.000000 25.000000
240 7 31.500000 3.700000 5.000000 5.000000 0.036000 0.036000 720.000000 720.000000
240 6 5.100000 1.600000 56.571429 85.000000 56.571429 79.200000 35.000000 23.294118
240 2 25.400000 2.400000 65.000000 90.000000 56.571429 79.200000 30.461538 22.000000
240 1 31.200000 3.100000 25.000000 25.000000 0.036000 0.036000 144.000000 144.000000
240 3 5.800000 0.700000 65.000000 90.000000 56.571429 79.200000 30.461538 22.000000
240 4 19.000000 0.600000 60.000000 79.200000 56.571429 79.200000 33.000000 25.000000
240 5 11.700000 2.000000 56.571429 80.000000 56.571429 79.200000 35.000000 24.750000
252 7 31.000000 2.900000 5.000000 5.000000 0.036000 0.036000 720.000000 720.000000
252 6 5.600000 1.900000 56.571429 80.000000 56.571429 79.200000 35.000000 24.750000
252 2 25.400000 2.200000 65.000000 95.000000 56.571429 79.200000 30.461538 20.842105
252 1 31.300000 3.000000 25.000000 25.000000 0.036000 0.036000 144.000000 144.000000
252 3 5.900000 0.800000 60.000000 85.000000 56.571429 79.200000 33.000000 23.294118
252 4 19.800000 0.400000 60.000000 80.000000 56.571429 79.200000 33.000000 24.750000
252 5 11.200000 2.400000 56.571429 79.200000 56.571429 79.200000 35.000000 25.000000
264 7 30.700000 2.700000 5.000000 5.000000 0.036000 0.036000 720.000000 720.000000
264 6 6.000000 1.800000 56.571429 85.000000 56.571429 79.200000 35.000000 23.294118
264 2 24.400000 2.200000 65.000000 95.000000 56.571429 79.200000 30.461538 20.842105
264 1 31.300000 3.100000 25.000000 25.000000 0.036000 0.036000 144.000000 144.000000
264 3 6.900000 0.900000 60.000000 85.000000 56.571429 79.200000 33.000000 23.294118
264 4 19.400000 0.400000 60.000000 95.000000 56.571429 79.200000 33.000000 20.842105
264 5 11.400000 2.600000 56.571429 79.200000 56.571429 79.200000 35.000000 25.000000
276 7 30.800000 2.900000 5.000000 5.000000 0.036000 0.036000 720.000000 720.000000
276 6 5.600000 1.900000 56.571429 80.000000 56.571429 79.200000 35.000000 24.750000
276 2 25.500000 1.700000 65.000000 95.000000 56.571429 79.200000 30.461538 20.842105
276 1 31.200000 3.100000 25.000000 25.000000 0.036000 0.036000 144.000000 144.000000
276 3 5.700000 1.400000 65.000000 95.000000 56.571429 79.200000 30.461538 20.842105
276 4 18.800000 0.300000 60.000000 80.000000 56.571429 79.200000 33.000000 24.750000
276 5 12.600000 2.700000 56.571429 79.200000 56.571429 79.200000 35.000000 25.000000
288 7 31.400000 3.000000 5.000000 5.000000 0.036000 0.036000 720.000000 720.000000
288 6 4.700000 1.600000 56.571429 79.200000 56.571429 79.200000 35.000000 25.000000
288 2 24.700000 2.400000 65.000000 85.000000 56.571429 79.200000 30.461538 23.294118
288 1 31.200000 3.100000 25.000000 20.000000 0.036000 0.036000 144.000000 180.000000
288 3 6.500000 0.700000 65.000000 85.000000 56.571429 79.200000 30.461538 23.294118
288 4 20.800000 0.200000 60.000000 85.000000 56.571429 79.200000 33.000000 23.294118
288 5 11.100000 3.400000 56.571429 79.200000 56.571429 79.200000 35.000000 25.000000
300 7 32.000000 4.000000 5.000000 5.000000 0.036000 0.036000 720.000000 720.000000
300 6 5.200000 2.100000 56.571429 95.000000 56.571429 79.200000 35.000000 20.842105
300 2 25.200000 1.900000 65.000000 90.000000 56.571429 79.200000 30.461538 22.000000
300 1 31.200000 3.000000 25.000000 25.000000 0.036000 0.036000 144.000000 144.000000
300 3 6.000000 1.100000 65.000000 80.000000 56.571429 79.200000 30.461538 24.750000
300 4 19.500000 0.300000 60.000000 80.000000 56.571429 79.200000 33.000000 24.750000
300 5 12.000000 2.300000 56.571429 79.200000 56.571429 79.200000 35.000000 25.000000
312 7 31.800000 2.600000 5.000000 5.000000 0.036000 0.036000 720.000000 720.000000
312 6 5.600000 1.700000 56.571429 85.000000 56.571429 79.200000 35.000000 23.294118
312 2 24.400000 2.200000 65.000000 100.000000 56.571429 79.200000 30.461538 19.800000
312 1 31.300000 3.000000 25.000000 25.000000 0.036000 0.036000 144.000000 144.000000
312 3 6.900000 0.800000 60.000000 95.000000 56.571429 79.200000 33.000000 20.842105
312 4 19.600000 0.100000 60.000000 80.000000 56.571429 79.200000 33.000000 24.750000
312 5 10.600000 3.100000 56.571429 79.200000 56.571429 79.200000 35.000000 25.000000
324 7 29.800000 2.700000 5.000000 5.000000 0.036000 0.036000 720.000000 720.000000
324 6 5.300000 1.000000 56.571429 79.200000 56.571429 79.200000 35.000000 25.000000
324 2 25.000000 2.300000 65.000000 100.000000 56.571429 79.200000 30.461538 19.800000
324 1 31.200000 3.000000 25.000000 25.000000 0.036000 0.036000 144.000000 144.000000
324 3 6.200000 0.700000 65.000000 95.000000 56.571429 79.200000 30.461538 20.842105
324 4 19.100000 1.200000 60.000000 79.200000 56.571429 79.200000 33.000000 25.000000
324 5 12.800000 2.500000 56.571429 80.000000 56.571429 79.200000 35.000000 24.750000
336 7 31.800000 3.700000 5.000000 5.000000 0.036000 0.036000 720.000000 720.000000
336 6 4.900000 2.100000 56.571429 80.000000 56.571429 79.200000 35.000000 24.750000
336 2 22.900000 2.000000 65.000000 95.000000 56.571429 79.200000 30.461538 20.842105
336 1 31.200000 3.000000 25.000000 25.000000 0.036000 0.036000 144.000000 144.000000
336 3 8.300000 1.000000 65.000000 80.000000 56.571429 79.200000 30.461538 24.750000
336 4 20.100000 0.200000 60.000000 80.000000 56.571429 79.200000 33.000000 24.750000
336 5 11.200000 1.800000 56.571429 79.200000 56.571429 79.200000 35.000000 25.000000
348 7 31.600000 2.600000 5.000000 5.000000 0.036000 0.036000 720.000000 720.000000
348 6 5.500000 1.600000 56.571429 79.200000 56.571429 79.200000 35.000000 25.000000
348 2 25.600000 1.800000 60.000000 85.000000 56.571429 79.200000 33.000000 23.294118
348 1 31.200000 3.100000 25.000000 25.000000 0.036000 0.036000 144.000000 144.000000
348 3 5.600000 1.300000 65.000000 100.000000 56.571429 79.200000 30.461538 19.800000
348 4 17.400000 0.500000 60.000000 79.200000 56.571429 79.200000 33.000000 25.000000
348 5 13.300000 3.000000 56.571429 79.200000 56.571429 79.200000 35.000000 25.000000
360 7 30.600000 2.900000 5.000000 5.000000 0.036000 0.036000 720.000000 720.000000
360 6 5.300000 1.400000 60.000000 90.000000 56.571429 79.200000 33.000000 22.000000
360 2 23.300000 4.400000 65.000000 95.000000 56.571429 79.200000 30.461538 20.842105
360 1 36.300000 5.500000 25.000000 25.000000 0.036000 0.036000 144.000000 144.000000
360 3 13.000000 1.100000 65.000000 105.000000 56.571429 79.200000 30.461538 18.857143
360 4 20.300000 0.300000 60.000000 105.000000 56.571429 79.200000 33.000000 18.857143
360 5 11.000000 2.900000 56.571429 79.200000 56.571429 79.200000 35.000000 25.000000
372 7 30.800000 3.400000 5.000000 5.000000 0.036000 0.036000 720.000000 720.000000
372 6 6.000000 2.500000 60.000000 90.000000 56.571429 79.200000 33.000000 22.000000
372 2 24.000000 3.600000 60.000000 85.000000 56.571429 79.200000 33.000000 23.294118
372 1 36.300000 5.500000 30.000000 30.000000 0.036000 0.036000 120.000000 120.000000
372 3 12.300000 1.900000 70.000000 100.000000 56.571429 79.200000 28.285714 19.800000
372 4 17.300000 2.000000 60.000000 90.000000 56.571429 79.200000 33.000000 22.000000
372 5 18.100000 2.500000 56.571429 79.200000 56.571429 79.200000 35.000000 25.000000
384 7 35.900000 4.200000 5.000000 5.000000 0.036000 0.036000 720.000000 720.000000
384 6 8.100000 2.300000 65.000000 95.000000 56.571429 79.200000 30.461538 20.842105
384 2 23.600000 3.700000 56.571429 95.000000 56.571429 79.200000 35.000000 20.842105
384 1 36.300000 5.500000 30.000000 30.000000 0.036000 0.036000 120.000000 120.000000
384 3 12.700000 1.800000 75.000000 100.000000 56.571429 79.200000 26.400000 19.800000
384 4 15.900000 1.200000 56.571429 80.000000 56.571429 79.200000 35.000000 24.750000
384 5 19.300000 4.500000 56.571429 85.000000 56.571429 79.200000 35.000000 23.294118
396 7 34.500000 5.100000 5.000000 5.000000 0.036000 0.036000 720.000000 720.000000
396 6 7.000000 2.200000 65.000000 90.000000 56.571429 79.200000 30.461538 22.000000
396 2 24.300000 4.300000 56.571429 90.000000 56.571429 79.200000 35.000000 22.000000
396 1 36.300000 5.400000 30.000000 30.000000 0.036000 0.036000 120.000000 120.000000
396 3 12.000000 1.100000 75.000000 100.000000 56.571429 79.200000 26.400000 19.800000
396 4 16.600000 1.400000 60.000000 90.000000 56.571429 79.200000 33.000000 22.000000
396 5 19.800000 3.900000 56.571429 90.000000 56.571429 79.200000 35.000000 22.000000
408 7 36.300000 5.600000 5.000000 5.000000 0.036000 0.036000 720.000000 720.000000
408 6 7.400000 2.000000 65.000000 90.000000 56.571429 79.200000 30.461538 22.000000
408 2 22.500000 3.400000 60.000000 90.000000 56.571429 79.200000 33.000000 22.000000
408 1 36.300000 5.400000 30.000000 30.000000 0.036000 0.036000 120.000000 120.000000
408 3 13.800000 2.000000 75.000000 95.000000 56.571429 79.200000 26.400000 20.842105
408 4 16.900000 2.300000 60.000000 80.000000 56.571429 79.200000 33.000000 24.750000
408 5 19.400000 3.300000 56.571429 80.000000 56.571429 79.200000 35.000000 24.750000
420 7 36.500000 5.700000 5.000000 5.000000 0.036000 0.036000 720.000000 720.000000
420 6 7.500000 2.000000 70.000000 90.000000 56.571429 79.200000 28.285714 22.000000
420 2 23.900000 3.500000 60.000000 95.000000 56.571429 79.200000 33.000000 20.842105
420 1 36.300000 5.400000 25.000000 25.000000 0.036000 0.036000 144.000000 144.000000
420 3 12.400000 1.900000 75.000000 105.000000 56.571429 79.200000 26.400000 18.857143
420 4 15.000000 1.400000 56.571429 79.200000 56.571429 79.200000 35.000000 25.000000
420 5 21.200000 3.800000 56.571429 80.000000 56.571429 79.200000 35.000000 24.750000
432 7 36.300000 5.000000 5.000000 5.000000 0.036000 0.036000 720.000000 720.000000
432 6 6.400000 1.500000 65.000000 80.000000 56.571429 79.200000 30.461538 24.750000
432 2 24.900000 3.200000 60.000000 85.000000 56.571429 79.200000 33.000000 23.294118
432 1 36.300000 5.400000 30.000000 25.000000 0.036000 0.036000 120.000000 144.000000
432 3 11.400000 2.200000 75.000000 95.000000 56.571429 79.200000 26.400000 20.842105
432 4 17.500000 2.200000 56.571429 79.200000 56.571429 79.200000 35.000000 25.000000
432 5 19.900000 4.400000 56.571429 80.000000 56.571429 79.200000 35.000000 24.750000
444 7 37.100000 6.500000 5.000000 5.000000 0.036000 0.036000 720.000000 720.000000
444 6 7.300000 1.900000 65.000000 95.000000 56.571429 79.200000 30.461538 20.842105
444 2 23.700000 3.700000 56.571429 95.000000 56.571429 79.200000 35.000000 20.842105
444 1 36.200000 5.500000 30.000000 25.000000 0.036000 0.036000 120.000000 144.000000
444 3 12.500000 1.800000 70.000000 110.000000 56.571429 79.200000 28.285714 18.000000
444 4 17.600000 1.200000 56.571429 90.000000 56.571429 79.200000 35.000000 22.000000
444 5 18.000000 3.300000 56.571429 80.000000 56.571429 79.200000 35.000000 24.750000
456 7 36.300000 4.900000 5.000000 5.000000 0.036000 0.036000 720.000000 720.000000
456 6 5.800000 1.600000 65.000000 90.000000 56.571429 79.200000 30.461538 22.000000
456 2 23.500000 3.600000 60.000000 90.000000 56.571429 79.200000 33.000000 22.000000
456 1 36.200000 5.500000 30.000000 30.000000 0.036000 0.036000 120.000000 120.000000
456 3 12.700000 1.900000 75.000000 120.000000 56.571429 79.200000 26.400000 16.500000
456 4 17.900000 2.000000 60.000000 80.000000 56.571429 79.200000 33.000000 24.750000
456 5 19.600000 3.800000 56.571429 85.000000 56.571429 79.200000 35.000000 23.294118
468 7 37.000000 5.300000 5.000000 5.000000 0.036000 0.036000 720.000000 720.000000
468 6 7.100000 1.700000 65.000000 85.000000 56.571429 79.200000 30.461538 23.294118
468 2 23.500000 3.700000 60.000000 100.000000 56.571429 79.200000 33.000000 19.800000
468 1 36.300000 5.400000 30.000000 25.000000 0.036000 0.036000 120.000000 144.000000
468 3 12.800000 1.700000 70.000000 90.000000 56.571429 79.200000 28.285714 22.000000
468 4 16.400000 2.000000 60.000000 79.200000 56.571429 79.200000 33.000000 25.000000
468 5 18.600000 3.800000 56.571429 79.200000 56.571429 79.200000 35.000000 25.000000
480 7 35.300000 5.800000 5.000000 5.000000 0.036000 0.036000 720.000000 720.000000
480 6 6.900000 2.000000 65.000000 90.000000 56.571429 79.200000 30.461538 22.000000
480 2 22.800000 3.400000 56.571429 90.000000 56.571429 79.200000 35.000000 22.000000
480 1 36.300000 5.500000 30.000000 30.000000 0.036000 0.036000 120.000000 120.000000
480 3 13.500000 2.100000 70.000000 90.000000 56.571429 79.200000 28.285714 22.000000
480 4 16.600000 1.600000 60.000000 80.000000 56.571429 79.200000 33.000000 24.750000
480 5 19.700000 3.200000 56.571429 80.000000 56.571429 79.200000 35.000000 24.750000
492 7 36.500000 5.500000 5.000000 5.000000 0.036000 0.036000 720.000000 720.000000
492 6 6.900000 1.800000 70.000000 95.000000 56.571429 79.200000 28.285714 20.842105
492 2 23.400000 3.400000 60.000000 95.000000 56.571429 79.200000 33.000000 20.842105
492 1 36.300000 5.500000 25.000000 25.000000 0.036000 0.036000 144.000000 144.000000
492 3 12.900000 2.100000 75.000000 95.000000 56.571429 79.200000 26.400000 20.842105
492 4 15.900000 1.600000 60.000000 79.200000 56.571429 79.200000 33.000000 25.000000
492 5 20.600000 3.900000 56.571429 79.200000 56.571429 79.200000 35.000000 25.000000
504 7 35.900000 5.300000 5.000000 5.000000 0.036000 0.036000 720.000000 720.000000
504 6 7.200000 1.800000 70.000000 85.000000 56.571429 79.200000 28.285714 23.294118
504 2 23.600000 3.200000 60.000000 95.000000 56.571429 79.200000 33.000000 20.842105
504 1 36.300000 5.400000 25.000000 25.000000 0.036000 0.036000 144.000000 144.000000
504 3 12.700000 2.200000 75.000000 110.000000 56.571429 79.200000 26.400000 18.000000
504 4 16.200000 1.700000 60.000000 79.200000 56.571429 79.200000 33.000000 25.000000
504 5 19.700000 4.100000 56.571429 80.000000 56.571429 79.200000 35.000000 24.750000
516 7 35.900000 5.800000 5.000000 5.000000 0.036000 0.036000 720.000000 720.000000
516 6 6.100000 1.500000 70.000000 85.000000 56.571429 79.200000 28.285714 23.294118
516 2 23.500000 3.800000 60.000000 95.000000 56.571429 79.200000 33.000000 20.842105
516 1 36.200000 5.400000 25.000000 25.000000 0.036000 0.036000 144.000000 144.000000
516 3 12.700000 1.600000 75.000000 115.000000 56.571429 79.200000 26.400000 17.217391
516 4 17.500000 1.700000 60.000000 100.000000 56.571429 79.200000 33.000000 19.800000
516 5 19.800000 3.700000 56.571429 79.200000 56.571429 79.200000 35.000000 25.000000
528 7 37.800000 5.300000 5.000000 5.000000 0.036000 0.036000 720.000000 720.000000
528 6 6.700000 2.100000 70.000000 90.000000 56.571429 79.200000 28.285714 22.000000
528 2 22.300000 3.700000 56.571429 95.000000 56.571429 79.200000 35.000000 20.842105
528 1 36.300000 5.500000 30.000000 25.000000 0.036000 0.036000 120.000000 144.000000
528 3 14.000000 1.800000 75.000000 85.000000 56.571429 79.200000 26.400000 23.294118
528 4 16.800000 1.600000 60.000000 79.200000 56.571429 79.200000 33.000000 25.000000
528 5 18.700000 3.300000 56.571429 79.200000 56.571429 79.200000 35.000000 25.000000
540 7 35.000000 5.000000 5.000000 5.000000 0.036000 0.036000 720.000000 720.000000
540 6 6.700000 2.400000 65.000000 90.000000 56.571429 79.200000 30.461538 22.000000
540 2 33.700000 1.000000 60.000000 95.000000 56.571429 79.200000 33.000000 20.842105
540 1 44.800000 2.400000 25.000000 25.000000 0.036000 0.036000 144.000000 144.000000
540 3 11.100000 1.400000 75.000000 95.000000 56.571429 79.200000 26.400000 20.842105
540 4 15.600000 1.400000 60.000000 85.000000 56.571429 79.200000 33.000000 23.294118
540 5 21.500000 4.200000 56.571429 79.200000 56.571429 79.200000 35.000000 25.000000
552 7 37.100000 5.100000 5.000000 5.000000 0.036000 0.036000 720.000000 720.000000
552 6 16.800000 0.300000 65.000000 90.000000 56.571429 79.200000 30.461538 22.000000
552 2 34.300000 1.500000 60.000000 85.000000 56.571429 79.200000 33.000000 23.294118
552 1 44.700000 2.400000 30.000000 30.000000 0.036000 0.036000 120.000000 120.000000
552 3 10.400000 0.900000 70.000000 100.000000 56.571429 79.200000 28.285714 19.800000
552 4 16.900000 0.800000 60.000000 79.200000 56.571429 79.200000 33.000000 25.000000
552 5 18.900000 3.600000 56.571429 85.000000 56.571429 79.200000 35.000000 23.294118
564 7 35.300000 4.900000 5.000000 5.000000 0.036000 0.036000 720.000000 720.000000
564 6 15.900000 0.800000 70.000000 85.000000 56.571429 79.200000 28.285714 23.294118
564 2 32.500000 1.400000 56.571429 85.000000 56.571429 79.200000 35.000000 23.294118
564 1 44.800000 2.400000 35.000000 30.000000 0.036000 0.036000 102.857143 120.000000
564 3 12.300000 1.000000 85.000000 90.000000 56.571429 79.200000 23.294118 22.000000
564 4 18.400000 0.700000 60.000000 80.000000 56.571429 79.200000 33.000000 24.750000
564 5 27.200000 1.400000 56.571429 80.000000 56.571429 79.200000 35.000000 24.750000
576 7 46.300000 2.700000 5.000000 5.000000 0.036000 0.036000 720.000000 720.000000
576 6 15.400000 0.600000 70.000000 90.000000 56.571429 79.200000 28.285714 22.000000
576 2 34.700000 1.300000 60.000000 85.000000 56.571429 79.200000 33.000000 23.294118
576 1 44.700000 2.400000 30.000000 25.000000 0.036000 0.036000 120.000000 144.000000
576 3 10.000000 1.100000 80.000000 90.000000 56.571429 79.200000 24.750000 22.000000
576 4 17.100000 0.800000 60.000000 79.200000 56.571429 79.200000 33.000000 25.000000
576 5 27.600000 1.800000 56.571429 85.000000 56.571429 79.200000 35.000000 23.294118
588 7 45.100000 2.200000 5.000000 5.000000 0.036000 0.036000 720.000000 720.000000
588 6 17.200000 0.400000 65.000000 100.000000 56.571429 79.200000 30.461538 19.800000
588 2 33.200000 1.100000 56.571429 85.000000 56.571429 79.200000 35.000000 23.294118
588 1 44.700000 2.400000 35.000000 30.000000 0.036000 0.036000 102.857143 120.000000
588 3 11.500000 1.300000 80.000000 95.000000 56.571429 79.200000 24.750000 20.842105
588 4 17.500000 0.900000 56.571429 85.000000 56.571429 79.200000 35.000000 23.294118
588 5 25.900000 1.800000 56.571429 85.000000 56.571429 79.200000 35.000000 23.294118
600 7 43.200000 2.600000 5.000000 5.000000 0.036000 0.036000 720.000000 720.000000
600 6 16.800000 0.300000 75.000000 90.000000 56.571429 79.200000 26.400000 22.000000
600 2 34.600000 0.800000 60.000000 95.000000 56.571429 79.200000 33.000000 20.842105
600 1 44.800000 2.400000 30.000000 30.000000 0.036000 0.036000 120.000000 120.000000
600 3 10.200000 1.600000 80.000000 95.000000 56.571429 79.200000 24.750000 20.842105
600 4 16.400000 0.600000 56.571429 80.000000 56.571429 79.200000 35.000000 24.750000
600 5 28.900000 1.700000 56.571429 80.000000 56.571429 79.200000 35.000000 24.750000
612 7 44.500000 2.500000 5.000000 5.000000 0.036000 0.036000 720.000000 720.000000
612 6 15.800000 0.400000 70.000000 80.000000 56.571429 79.200000 28.285714 24.750000
612 2 35.300000 0.800000 60.000000 95.000000 56.571429 79.200000 33.000000 20.842105
612 1 44.800000 2.400000 30.000000 30.000000 0.036000 0.036000 120.000000 120.000000
612 3 9.500000 1.600000 75.000000 90.000000 56.571429 79.200000 26.400000 22.000000
612 4 18.800000 0.400000 56.571429 85.000000 56.571429 79.200000 35.000000 23.294118
612 5 26.200000 2.000000 56.571429 90.000000 56.571429 79.200000 35.000000 22.000000
624 7 46.000000 2.600000 5.000000 5.000000 0.036000 0.036000 720.000000 720.000000
624 6 16.000000 0.300000 70.000000 79.200000 56.571429 79.200000 28.285714 25.000000
624 2 35.000000 1.000000 60.000000 80.000000 56.571429 79.200000 33.000000 24.750000
624 1 44.700000 2.400000 30.000000 30.000000 0.036000 0.036000 120.000000 120.000000
624 3 9.700000 1.400000 75.000000 125.000000 56.571429 79.200000 26.400000 15.840000
624 4 19.300000 0.700000 60.000000 79.200000 56.571429 79.200000 33.000000 25.000000
624 5 25.700000 1.800000 56.571429 90.000000 56.571429 79.200000 35.000000 22.000000
636 7 45.200000 2.600000 5.000000 5.000000 0.036000 0.036000 720.000000 720.000000
636 6 15.900000 0.200000 70.000000 79.200000 56.571429 79.200000 28.285714 25.000000
636 2 35.800000 1.200000 56.571429 90.000000 56.571429 79.200000 35.000000 22.000000
636 1 44.700000 2.400000 35.000000 30.000000 0.036000 0.036000 102.857143 120.000000
636 3 8.900000 1.200000 75.000000 90.000000 56.571429 79.200000 26.400000 22.000000
636 4 19.100000 0.700000 60.000000 79.200000 56.571429 79.200000 33.000000 25.000000
636 5 25.800000 1.900000 56.571429 90.000000 56.571429 79.200000 35.000000 22.000000
648 7 44.700000 2.700000 5.000000 5.000000 0.036000 0.036000 720.000000 720.000000
648 6 17.100000 1.000000 65.000000 79.200000 56.571429 79.200000 30.461538 25.000000
648 2 34.200000 1.500000 56.571429 79.200000 56.571429 79.200000 35.000000 25.000000
648 1 44.800000 2.400000 35.000000 30.000000 0.036000 0.036000 102.857143 120.000000
648 3 10.600000 0.900000 75.000000 85.000000 56.571429 79.200000 26.400000 23.294118
648 4 18.700000 0.300000 60.000000 85.000000 56.571429 79.200000 33.000000 23.294118
648 5 24.400000 1.400000 56.571429 85.000000 56.571429 79.200000 35.000000 23.294118
660 7 43.300000 1.900000 5.000000 5.000000 0.036000 0.036000 720.000000 720.000000
660 6 15.900000 0.700000 70.000000 110.000000 56.571429 79.200000 28.285714 18.000000
660 2 33.300000 1.100000 56.571429 90.000000 56.571429 79.200000 35.000000 22.000000
660 1 44.800000 2.400000 35.000000 30.000000 0.036000 0.036000 102.857143 120.000000
660 3 11.500000 1.300000 80.000000 90.000000 56.571429 79.200000 24.750000 22.000000
660 4 18.300000 0.700000 60.000000 79.200000 56.571429 79.200000 33.000000 25.000000
660 5 28.300000 1.600000 56.571429 95.000000 56.571429 79.200000 35.000000 20.842105
672 7 46.000000 1.600000 5.000000 5.000000 0.036000 0.036000 720.000000 720.000000
672 6 16.200000 0.800000 70.000000 85.000000 56.571429 79.200000 28.285714 23.294118
672 2 33.300000 1.100000 60.000000 79.200000 56.571429 79.200000 33.000000 25.000000
672 1 44.800000 2.400000 30.000000 25.000000 0.036000 0.036000 120.000000 144.000000
672 3 11.500000 1.300000 80.000000 95.000000 56.571429 79.200000 24.750000 20.842105
672 4 17.100000 0.400000 56.571429 85.000000 56.571429 79.200000 35.000000 23.294118
672 5 26.700000 2.200000 56.571429 90.000000 56.571429 79.200000 35.000000 22.000000
684 7 44.200000 2.900000 5.000000 5.000000 0.036000 0.036000 720.000000 720.000000
684 6 16.400000 0.400000 75.000000 105.000000 56.571429 79.200000 26.400000 18.857143
684 2 33.200000 1.500000 60.000000 95.000000 56.571429 79.200000 33.000000 20.842105
684 1 44.700000 2.400000 30.000000 30.000000 0.036000 0.036000 120.000000 120.000000
684 3 11.500000 0.900000 80.000000 90.000000 56.571429 79.200000 24.750000 22.000000
684 4 16.900000 0.500000 56.571429 79.200000 56.571429 79.200000 35.000000 25.000000
684 5 27.900000 2.100000 56.571429 80.000000 56.571429 79.200000 35.000000 24.750000
696 7 44.400000 2.200000 5.000000 5.000000 0.036000 0.036000 720.000000 720.000000
696 6 15.100000 1.100000 70.000000 80.000000 56.571429 79.200000 28.285714 24.750000
696 2 33.200000 1.500000 60.000000 95.000000 56.571429 79.200000 33.000000 20.842105
696 1 44.700000 2.400000 30.000000 30.000000 0.036000 0.036000 120.000000 120.000000
696 3 11.500000 0.900000 80.000000 100.000000 56.571429 79.200000 24.750000 19.800000
696 4 18.100000 0.400000 56.571429 79.200000 56.571429 79.200000 35.000000 25.000000
696 5 28.500000 1.400000 56.571429 79.200000 56.571429 79.200000 35.000000 25.000000
708 7 46.300000 2.300000 5.000000 5.000000 0.036000 0.036000 720.000000 720.000000
708 6 16.600000 0.800000 65.000000 95.000000 56.571429 79.200000 30.461538 20.842105
708 2 34.700000 0.800000 60.000000 80.000000 56.571429 79.200000 33.000000 24.750000
708 1 44.800000 2.400000 30.000000 30.000000 0.036000 0.036000 120.000000 120.000000
708 3 10.100000 1.600000 80.000000 125.000000 56.571429 79.200000 24.750000 15.840000
708 4 16.600000 0.900000 56.571429 85.000000 56.571429 79.200000 35.000000 23.294118
708 5 26.500000 1.600000 56.571429 80.000000 56.571429 79.200000 35.000000 24.750000
720 7 43.400000 2.300000 5.000000 5.000000 0.036000 0.036000 720.000000 720.000000
720 6 16.200000 0.500000 70.000000 95.000000 56.571429 79.200000 28.285714 20.842105
720 2 30.500000 3.300000 60.000000 79.200000 56.571429 79.200000 33.000000 25.000000
720 1 47.400000 4.200000 30.000000 30.000000 0.036000 0.036000 120.000000 120.000000
720 3 16.900000 0.900000 75.000000 90.000000 56.571429 79.200000 26.400000 22.000000
720 4 18.500000 0.300000 56.571429 80.000000 56.571429 79.200000 35.000000 24.750000
720 5 26.700000 2.600000 56.571429 85.000000 56.571429 79.200000 35.000000 23.294118
732 7 45.000000 2.700000 5.000000 5.000000 0.036000 0.036000 720.000000 720.000000
732 6 9.300000 0.900000 80.000000 79.200000 56.571429 79.200000 24.750000 25.000000
732 2 33.100000 3.400000 60.000000 90.000000 56.571429 79.200000 33.000000 22.000000
732 1 47.400000 4.300000 35.000000 30.000000 0.036000 0.036000 102.857143 120.000000
732 3 14.300000 0.900000 85.000000 95.000000 56.571429 79.200000 23.294118 20.842105
732 4 21.200000 2.300000 60.000000 79.200000 56.571429 79.200000 33.000000 25.000000
732 5 31.700000 1.500000 56.571429 85.000000 56.571429 79.200000 35.000000 23.294118
744 7 49.200000 3.400000 5.000000 5.000000 0.036000 0.036000 720.000000 720.000000
744 6 12.300000 1.900000 65.000000 90.000000 56.571429 79.200000 30.461538 22.000000
744 2 33.300000 3.800000 60.000000 85.000000 56.571429 79.200000 33.000000 23.294118
744 1 47.400000 4.300000 35.000000 35.000000 0.036000 0.036000 102.857143 102.857143
744 3 14.100000 0.500000 80.000000 85.000000 56.571429 79.200000 24.750000 23.294118
744 4 20.800000 1.400000 60.000000 80.000000 56.571429 79.200000 33.000000 24.750000
744 5 24.600000 1.600000 60.000000 85.000000 56.571429 79.200000 33.000000 23.294118
756 7 49.800000 3.400000 5.000000 5.000000 0.036000 0.036000 720.000000 720.000000
756 6 11.800000 1.300000 65.000000 85.000000 56.571429 79.200000 30.461538 23.294118
756 2 33.700000 3.300000 60.000000 85.000000 56.571429 79.200000 33.000000 23.294118
756 1 47.400000 4.200000 35.000000 35.000000 0.036000 0.036000 102.857143 102.857143
756 3 13.700000 0.900000 80.000000 90.000000 56.571429 79.200000 24.750000 22.000000
756 4 21.500000 2.500000 60.000000 80.000000 56.571429 79.200000 33.000000 24.750000
756 5 25.500000 2.200000 56.571429 85.000000 56.571429 79.200000 35.000000 23.294118
768 7 46.300000 3.600000 5.000000 5.000000 0.036000 0.036000 720.000000 720.000000
768 6 12.300000 1.400000 65.000000 95.000000 56.571429 79.200000 30.461538 20.842105
768 2 32.400000 3.000000 65.000000 90.000000 56.571429 79.200000 30.461538 22.000000
768 1 47.400000 4.200000 35.000000 30.000000 0.036000 0.036000 102.857143 120.000000
768 3 15.000000 1.200000 80.000000 90.000000 56.571429 79.200000 24.750000 22.000000
768 4 21.400000 2.000000 60.000000 80.000000 56.571429 79.200000 33.000000 24.750000
768 5 25.200000 2.400000 56.571429 80.000000 56.571429 79.200000 35.000000 24.750000
780 7 47.100000 5.600000 5.000000 5.000000 0.036000 0.036000 720.000000 720.000000
780 6 11.000000 1.200000 70.000000 85.000000 56.571429 79.200000 28.285714 23.294118
780 2 33.000000 3.000000 60.000000 95.000000 56.571429 79.200000 33.000000 20.842105
780 1 47.400000 4.300000 35.000000 30.000000 0.036000 0.036000 102.857143 120.000000
780 3 14.400000 1.300000 85.000000 95.000000 56.571429 79.200000 23.294118 20.842105
780 4 21.400000 1.700000 60.000000 79.200000 56.571429 79.200000 33.000000 25.000000
780 5 28.000000 2.700000 56.571429 90.000000 56.571429 79.200000 35.000000 22.000000
792 7 48.700000 3.600000 5.000000 5.000000 0.036000 0.036000 720.000000 720.000000
792 6 12.100000 1.200000 70.000000 95.000000 56.571429 79.200000 28.285714 20.842105
792 2 34.800000 3.400000 60.000000 90.000000 56.571429 79.200000 33.000000 22.000000
792 1 47.400000 4.300000 35.000000 35.000000 0.036000 0.036000 102.857143 102.857143
792 3 12.600000 0.900000 80.000000 85.000000 56.571429 79.200000 24.750000 23.294118
792 4 20.900000 1.900000 60.000000 85.000000 56.571429 79.200000 33.000000 23.294118
792 5 25.000000 2.500000 56.571429 85.000000 56.571429 79.200000 35.000000 23.294118
804 7 46.700000 4.900000 5.000000 5.000000 0.036000 0.036000 720.000000 720.000000
804 6 13.200000 1.300000 65.000000 85.000000 56.571429 79.200000 30.461538 23.294118
804 2 31.800000 3.500000 60.000000 90.000000 56.571429 79.200000 33.000000 22.000000
804 1 47.400000 4.300000 35.000000 35.000000 0.036000 0.036000 102.857143 102.857143
804 3 15.600000 0.800000 80.000000 85.000000 56.571429 79.200000 24.750000 23.294118
804 4 21.600000 1.800000 60.000000 79.200000 56.571429 79.200000 33.000000 25.000000
804 5 25.800000 2.100000 56.571429 80.000000 56.571429 79.200000 35.000000 24.750000
816 7 46.800000 3.900000 5.000000 5.000000 0.036000 0.036000 720.000000 720.000000
816 6 12.500000 1.800000 70.000000 85.000000 56.571429 79.200000 28.285714 23.294118
816 2 33.600000 3.100000 60.000000 90.000000 56.571429 79.200000 33.000000 22.000000
816 1 47.400000 4.200000 35.000000 30.000000 0.036000 0.036000 102.857143 120.000000
816 3 13.800000 1.100000 85.000000 90.000000 56.571429 79.200000 23.294118 22.000000
816 4 19.300000 2.000000 60.000000 80.000000 56.571429 79.200000 33.000000 24.750000
816 5 28.000000 1.800000 56.571429 79.200000 56.571429 79.200000 35.000000 25.000000
828 7 47.400000 3.800000 5.000000 5.000000 0.036000 0.036000 720.000000 720.000000
828 6 13.200000 1.800000 70.000000 95.000000 56.571429 79.200000 28.285714 20.842105
828 2 32.000000 3.600000 56.571429 85.000000 56.571429 79.200000 35.000000 23.294118
828 1 47.400000 4.300000 35.000000 35.000000 0.036000 0.036000 102.857143 102.857143
828 3 15.400000 0.700000 80.000000 90.000000 56.571429 79.200000 24.750000 22.000000
828 4 20.400000 1.100000 56.571429 85.000000 56.571429 79.200000 35.000000 23.294118
828 5 26.500000 3.100000 56.571429 80.000000 56.571429 79.200000 35.000000 24.750000
840 7 47.000000 3.700000 5.000000 5.000000 0.036000 0.036000 720.000000 720.000000
840 6 13.500000 2.000000 75.000000 95.000000 56.571429 79.200000 26.400000 20.842105
840 2 34.400000 3.100000 56.571429 90.000000 56.571429 79.200000 35.000000 22.000000
840 1 47.400000 4.200000 35.000000 35.000000 0.036000 0.036000 102.857143 102.857143
840 3 13.000000 1.100000 85.000000 90.000000 56.571429 79.200000 23.294118 22.000000
840 4 18.500000 1.700000 60.000000 79.200000 56.571429 79.200000 33.000000 25.000000
840 5 28.600000 2.300000 56.571429 85.000000 56.571429 79.200000 35.000000 23.294118
852 7 45.700000 4.300000 5.000000 5.000000 0.036000 0.036000 720.000000 720.000000
852 6 13.500000 1.400000 70.000000 100.000000 56.571429 79.200000 28.285714 19.800000
852 2 32.400000 3.600000 60.000000 95.000000 56.571429 79.200000 33.000000 20.842105
852 1 47.400000 4.300000 35.000000 35.000000 0.036000 0.036000 102.857143 102.857143
852 3 15.000000 0.700000 80.000000 100.000000 56.571429 79.200000 24.750000 19.800000
852 4 20.900000 1.500000 60.000000 79.200000 56.571429 79.200000 33.000000 25.000000
852 5 26.200000 2.900000 56.571429 90.000000 56.571429 79.200000 35.000000 22.000000
864 7 47.700000 4.200000 5.000000 5.000000 0.036000 0.036000 720.000000 720.000000
864 6 12.700000 1.600000 70.000000 95.000000 56.571429 79.200000 28.285714 20.842105
864 2 30.600000 3.400000 60.000000 90.000000 56.571429 79.200000 33.000000 22.000000
864 1 47.400000 4.300000 35.000000 35.000000 0.036000 0.036000 102.857143 102.857143
864 3 16.800000 0.900000 90.000000 95.000000 56.571429 79.200000 22.000000 20.842105
864 4 19.700000 2.100000 60.000000 80.000000 56.571429 79.200000 33.000000 24.750000
864 5 28.700000 2.200000 56.571429 80.000000 56.571429 79.200000 35.000000 24.750000
876 7 46.900000 4.500000 5.000000 5.000000 0.036000 0.036000 720.000000 720.000000
876 6 12.500000 1.900000 75.000000 95.000000 56.571429 79.200000 26.400000 20.842105
876 2 31.400000 3.400000 56.571429 85.000000 56.571429 79.200000 35.000000 23.294118
876 1 47.400000 4.300000 35.000000 35.000000 0.036000 0.036000 102.857143 102.857143
876 3 16.000000 0.900000 85.000000 95.000000 56.571429 79.200000 23.294118 20.842105
876 4 18.100000 1.700000 56.571429 80.000000 56.571429 79.200000 35.000000 24.750000
876 5 29.400000 2.700000 56.571429 80.000000 56.571429 79.200000 35.000000 24.750000
888 7 45.700000 4.300000 5.000000 5.000000 0.036000 0.036000 720.000000 720.000000
888 6 11.100000 1.600000 75.000000 90.000000 56.571429 79.200000 26.400000 22.000000
888 2 34.000000 3.200000 60.000000 85.000000 56.571429 79.200000 33.000000 23.294118
888 1 47.400000 4.300000 35.000000 35.000000 0.036000 0.036000 102.857143 102.857143
888 3 13.400000 1.100000 90.000000 90.000000 56.571429 79.200000 22.000000 22.000000
888 4 20.300000 1.500000 60.000000 79.200000 56.571429 79.200000 33.000000 25.000000
888 5 28.500000 2.600000 60.000000 80.000000 56.571429 79.200000 33.000000 24.750000
900 7 47.900000 3.900000 5.000000 5.000000 0.036000 0.036000 720.000000 720.000000
900 6 12.900000 1.300000 70.000000 95.000000 56.571429 79.200000 28.285714 20.842105
900 2 27.300000 2.400000 60.000000 90.000000 56.571429 79.200000 33.000000 22.000000
900 1 46.200000 3.800000 35.000000 35.000000 0.036000 0.036000 102.857143 102.857143
900 3 18.900000 1.400000 80.000000 90.000000 56.571429 79.200000 24.750000 22.000000
900 4 21.100000 2.200000 60.000000 79.200000 56.571429 79.200000 33.000000 25.000000
900 5 23.800000 2.900000 65.000000 85.000000 56.571429 79.200000 30.461538 23.294118
912 7 47.000000 5.200000 5.000000 5.000000 0.036000 0.036000 720.000000 720.000000
912 6 12.700000 0.500000 75.000000 105.000000 56.571429 79.200000 26.400000 18.857143
912 2 29.900000 1.900000 56.571429 85.000000 56.571429 79.200000 35.000000 23.294118
912 1 46.300000 3.700000 30.000000 30.000000 0.036000 0.036000 120.000000 120.000000
912 3 16.400000 1.800000 90.000000 105.000000 56.571429 79.200000 22.000000 18.857143
912 4 14.600000 2.000000 60.000000 80.000000 56.571429 79.200000 33.000000 24.750000
912 5 32.000000 2.700000 60.000000 85.000000 56.571429 79.200000 33.000000 23.294118
924 7 43.100000 3.900000 5.000000 5.000000 0.036000 0.036000 720.000000 720.000000
924 6 15.800000 0.200000 80.000000 115.000000 56.571429 79.200000 24.750000 17.217391
924 2 31.600000 1.900000 56.571429 95.000000 56.571429 79.200000 35.000000 20.842105
924 1 46.300000 3.700000 30.000000 30.000000 0.036000 0.036000 120.000000 120.000000
924 3 14.700000 1.800000 80.000000 95.000000 56.571429 79.200000 24.750000 20.842105
924 4 14.100000 1.500000 56.571429 95.000000 56.571429 79.200000 35.000000 20.842105
924 5 30.700000 2.500000 65.000000 90.000000 56.571429 79.200000 30.461538 22.000000
936 7 40.800000 4.200000 5.000000 5.000000 0.036000 0.036000 720.000000 720.000000
936 6 14.700000 0.300000 85.000000 85.000000 56.571429 79.200000 23.294118 23.294118
936 2 28.500000 1.200000 60.000000 85.000000 56.571429 79.200000 33.000000 23.294118
936 1 46.200000 3.700000 30.000000 30.000000 0.036000 0.036000 120.000000 120.000000
936 3 17.700000 2.500000 85.000000 95.000000 56.571429 79.200000 23.294118 20.842105
936 4 16.900000 1.800000 56.571429 80.000000 56.571429 79.200000 35.000000 24.750000
936 5 29.800000 2.200000 75.000000 95.000000 56.571429 79.200000 26.400000 20.842105
948 7 44.700000 4.200000 5.000000 5.000000 0.036000 0.036000 720.000000 720.000000
948 6 13.900000 0.100000 85.000000 130.000000 56.571429 79.200000 23.294118 15.230769
948 2 27.500000 1.500000 56.571429 85.000000 56.571429 79.200000 35.000000 23.294118
948 1 46.200000 3.700000 30.000000 25.000000 0.036000 0.036000 120.000000 144.000000
948 3 18.700000 2.200000 90.000000 105.000000 56.571429 79.200000 22.000000 18.857143
948 4 14.600000 1.100000 56.571429 79.200000 56.571429 79.200000 35.000000 25.000000
948 5 30.100000 1.400000 80.000000 105.000000 56.571429 79.200000 24.750000 18.857143
960 7 42.500000 3.400000 5.000000 5.000000 0.036000 0.036000 720.000000 720.000000
960 6 13.500000 0.200000 100.000000 125.000000 56.571429 79.200000 19.800000 15.840000
960 2 29.700000 2.100000 60.000000 85.000000 56.571429 79.200000 33.000000 23.294118
960 1 46.200000 3.700000 25.000000 25.000000 0.036000 0.036000 144.000000 144.000000
960 3 16.500000 1.600000 105.000000 110.000000 56.571429 79.200000 18.857143 18.000000
960 4 14.000000 1.300000 56.571429 90.000000 56.571429 79.200000 35.000000 22.000000
960 5 29.200000 1.700000 85.000000 79.200000 56.571429 79.200000 23.294118 25.000000
972 7 41.700000 3.400000 5.000000 5.000000 0.036000 0.036000 720.000000 720.000000
972 6 14.100000 0.600000 105.000000 130.000000 56.571429 79.200000 18.857143 15.230769
972 2 27.600000 1.800000 56.571429 90.000000 56.571429 79.200000 35.000000 22.000000
972 1 46.200000 3.800000 30.000000 30.000000 0.036000 0.036000 120.000000 120.000000
972 3 18.600000 2.000000 105.000000 115.000000 56.571429 79.200000 18.857143 17.217391
972 4 15.600000 1.400000 56.571429 80.000000 56.571429 79.200000 35.000000 24.750000
972 5 27.700000 2.100000 85.000000 79.200000 56.571429 79.200000 23.294118 25.000000
984 7 43.700000 3.200000 5.000000 5.000000 0.036000 0.036000 720.000000 720.000000
984 6 13.200000 0.200000 120.000000 170.000000 56.571429 79.200000 16.500000 11.647059
984 2 28.600000 2.000000 56.571429 85.000000 56.571429 79.200000 35.000000 23.294118
984 1 46.200000 3.700000 30.000000 25.000000 0.036000 0.036000 120.000000 144.000000
984 3 17.600000 1.700000 115.000000 120.000000 56.571429 79.200000 17.217391 16.500000
984 4 14.400000 1.700000 60.000000 85.000000 56.571429 79.200000 33.000000 23.294118
984 5 27.700000 2.000000 85.000000 79.200000 56.571429 79.200000 23.294118 25.000000
996 7 42.600000 4.100000 5.000000 5.000000 0.036000 0.036000 720.000000 720.000000
996 6 14.300000 0.300000 130.000000 185.000000 56.571429 79.200000 15.230769 10.702703
996 2 26.900000 1.700000 56.571429 85.000000 56.571429 79.200000 35.000000 23.294118
996 1 46.200000 3.800000 30.000000 25.000000 0.036000 0.036000 120.000000 144.000000
996 3 19.300000 2.100000 120.000000 125.000000 56.571429 79.200000 16.500000 15.840000
996 4 14.300000 1.700000 56.571429 79.200000 56.571429 79.200000 35.000000 25.000000
996 5 27.700000 2.400000 85.000000 80.000000 56.571429 79.200000 23.294118 24.750000
1008 7 42.500000 3.900000 5.000000 5.000000 0.036000 0.036000 720.000000 720.000000
1008 6 13.500000 0.300000 145.000000 175.000000 56.571429 79.200000 13.655172 11.314286
1008 2 30.800000 1.800000 60.000000 90.000000 56.571429 79.200000 33.000000 22.000000
1008 1 46.200000 3.800000 25.000000 25.000000 0.036000 0.036000 144.000000 144.000000
1008 3 15.400000 2.000000 125.000000 130.000000 56.571429 79.200000 15.840000 15.230769
1008 4 13.400000 1.400000 56.571429 85.000000 56.571429 79.200000 35.000000 23.294118
1008 5 28.700000 1.900000 85.000000 85.000000 56.571429 79.200000 23.294118 23.294118
1020 7 41.400000 3.300000 5.000000 5.000000 0.036000 0.036000 720.000000 720.000000
1020 6 14.800000 0.600000 160.000000 180.000000 56.571429 79.200000 12.375000 11.000000
1020 2 28.700000 1.600000 60.000000 90.000000 56.571429 79.200000 33.000000 22.000000
1020 1 46.300000 3.700000 30.000000 30.000000 0.036000 0.036000 120.000000 120.000000
1020 3 17.600000 2.100000 120.000000 125.000000 56.571429 79.200000 16.500000 15.840000
1020 4 16.000000 1.100000 56.571429 85.000000 56.571429 79.200000 35.000000 23.294118
1020 5 28.200000 2.100000 85.000000 80.000000 56.571429 79.200000 23.294118 24.750000
1032 7 44.600000 3.200000 5.000000 5.000000 0.036000 0.036000 720.000000 720.000000
1032 6 13.400000 0.100000 180.000000 220.000000 56.571429 79.200000 11.000000 9.000000
1032 2 29.700000 1.600000 56.571429 85.000000 56.571429 79.200000 35.000000 23.294118
1032 1 46.200000 3.800000 30.000000 25.000000 0.036000 0.036000 120.000000 144.000000
1032 3 16.500000 2.200000 125.000000 145.000000 56.571429 79.200000 15.840000 13.655172
1032 4 15.300000 1.600000 56.571429 80.000000 56.571429 79.200000 35.000000 24.750000
1032 5 27.300000 2.500000 85.000000 79.200000 56.571429 79.200000 23.294118 25.000000
1044 7 42.600000 3.700000 5.000000 5.000000 0.036000 0.036000 720.000000 720.000000
1044 6 14.600000 0.500000 200.000000 215.000000 56.571429 79.200000 9.900000 9.209302
1044 2 29.100000 1.600000 60.000000 90.000000 56.571429 79.200000 33.000000 22.000000
1044 1 46.200000 3.700000 30.000000 30.000000 0.036000 0.036000 120.000000 120.000000
1044 3 17.100000 2.100000 125.000000 135.000000 56.571429 79.200000 15.840000 14.666667
1044 4 15.100000 1.000000 60.000000 80.000000 56.571429 79.200000 33.000000 24.750000
1044 5 27.800000 2.200000 85.000000 85.000000 56.571429 79.200000 23.294118 23.294118
1056 7 43.000000 3.400000 5.000000 5.000000 0.036000 0.036000 720.000000 720.000000
1056 6 14.800000 0.400000 220.000000 210.000000 56.571429 79.200000 9.000000 9.428571
1056 2 28.200000 1.900000 56.571429 95.000000 56.571429 79.200000 35.000000 20.842105
1056 1 46.200000 3.800000 30.000000 30.000000 0.036000 0.036000 120.000000 120.000000
1056 3 18.000000 1.900000 125.000000 130.000000 56.571429 79.200000 15.840000 15.230769
1056 4 14.300000 1.200000 56.571429 80.000000 56.571429 79.200000 35.000000 24.750000
1056 5 27.200000 2.600000 85.000000 80.000000 56.571429 79.200000 23.294118 24.750000
1068 7 41.100000 3.900000 5.000000 5.000000 0.036000 0.036000 720.000000 720.000000
1068 6 12.600000 0.400000 220.000000 205.000000 56.571429 79.200000 9.000000 9.658537
1068 2 27.800000 2.000000 56.571429 85.000000 56.571429 79.200000 35.000000 23.294118
1068 1 46.200000 3.800000 30.000000 30.000000 0.036000 0.036000 120.000000 120.000000
1068 3 18.400000 1.800000 130.000000 135.000000 56.571429 79.200000 15.230769 14.666667
1068 4 15.600000 1.600000 56.571429 85.000000 56.571429 79.200000 35.000000 23.294118
1068 5 27.300000 2.500000 85.000000 90.000000 56.571429 79.200000 23.294118 22.000000
1080 7 43.500000 3.700000 5.000000 5.000000 0.036000 0.036000 720.000000 720.000000
1080 6 12.600000 0.600000 195.000000 200.000000 56.571429 79.200000 10.153846 9.900000
1080 2 22.600000 2.000000 56.571429 95.000000 56.571429 79.200000 35.000000 20.842105
1080 1 25.400000 4.400000 30.000000 30.000000 0.036000 0.036000 120.000000 120.000000
1080 3 2.800000 2.400000 135.000000 140.000000 56.571429 79.200000 14.666667 14.142857
1080 4 15.200000 1.200000 60.000000 80.000000 56.571429 79.200000 33.000000 24.750000
1080 5 28.200000 2.100000 85.000000 90.000000 56.571429 79.200000 23.294118 22.000000
1092 7 41.200000 3.900000 5.000000 5.000000 0.036000 0.036000 720.000000 720.000000
1092 6 18.200000 1.300000 165.000000 165.000000 56.571429 79.200000 12.000000 12.000000
1092 2 23.200000 2.600000 65.000000 90.000000 56.571429 79.200000 30.461538 22.000000
1092 1 25.400000 4.400000 25.000000 25.000000 0.036000 0.036000 144.000000 144.000000
1092 3 2.200000 1.800000 105.000000 125.000000 56.571429 79.200000 18.857143 15.840000
1092 4 4.400000 0.900000 56.571429 79.200000 56.571429 79.200000 35.000000 25.000000
1092 5 26.700000 2.800000 85.000000 80.000000 56.571429 79.200000 23.294118 24.750000
1104 7 31.800000 2.600000 5.000000 5.000000 0.036000 0.036000 720.000000 720.000000
1104 6 20.800000 1.200000 145.000000 150.000000 56.571429 79.200000 13.655172 13.200000
1104 2 22.800000 2.500000 70.000000 90.000000 56.571429 79.200000 28.285714 22.000000
1104 1 25.400000 4.400000 25.000000 25.000000 0.036000 0.036000 144.000000 144.000000
1104 3 2.600000 1.900000 80.000000 110.000000 56.571429 79.200000 24.750000 18.000000
1104 4 2.400000 1.400000 56.571429 90.000000 56.571429 79.200000 35.000000 22.000000
1104 5 24.300000 4.100000 85.000000 80.000000 56.571429 79.200000 23.294118 24.750000
1116 7 27.100000 5.700000 5.000000 5.000000 0.036000 0.036000 720.000000 720.000000
1116 6 20.300000 1.400000 135.000000 140.000000 56.571429 79.200000 14.666667 14.142857
1116 2 22.700000 2.500000 65.000000 95.000000 56.571429 79.200000 30.461538 20.842105
1116 1 25.400000 4.400000 25.000000 25.000000 0.036000 0.036000 144.000000 144.000000
1116 3 2.700000 1.900000 65.000000 95.000000 56.571429 79.200000 30.461538 20.842105
1116 4 2.500000 1.000000 56.571429 79.200000 56.571429 79.200000 35.000000 25.000000
1116 5 26.500000 3.100000 85.000000 85.000000 56.571429 79.200000 23.294118 23.294118
1128 7 29.200000 4.000000 5.000000 5.000000 0.036000 0.036000 720.000000 720.000000
1128 6 18.300000 2.100000 130.000000 120.000000 56.571429 79.200000 15.230769 16.500000
1128 2 22.900000 2.500000 65.000000 95.000000 56.571429 79.200000 30.461538 20.842105
1128 1 25.400000 4.300000 25.000000 25.000000 0.036000 0.036000 144.000000 144.000000
1128 3 2.500000 1.800000 65.000000 90.000000 56.571429 79.200000 30.461538 22.000000
1128 4 4.400000 0.400000 56.571429 95.000000 56.571429 79.200000 35.000000 20.842105
1128 5 25.700000 3.500000 85.000000 90.000000 56.571429 79.200000 23.294118 22.000000
1140 7 29.800000 4.100000 5.000000 5.000000 0.036000 0.036000 720.000000 720.000000
1140 6 20.200000 1.900000 125.000000 125.000000 56.571429 79.200000 15.840000 15.840000
1140 2 23.200000 2.600000 65.000000 85.000000 56.571429 79.200000 30.461538 23.294118
1140 1 25.400000 4.400000 25.000000 25.000000 0.036000 0.036000 144.000000 144.000000
1140 3 2.200000 1.800000 65.000000 120.000000 56.571429 79.200000 30.461538 16.500000
1140 4 2.700000 0.700000 56.571429 90.000000 56.571429 79.200000 35.000000 22.000000
1140 5 25.900000 3.400000 85.000000 85.000000 56.571429 79.200000 23.294118 23.294118
1152 7 29.100000 4.100000 5.000000 5.000000 0.036000 0.036000 720.000000 720.000000
1152 6 20.100000 1.400000 115.000000 125.000000 56.571429 79.200000 17.217391 15.840000
1152 2 22.700000 2.600000 65.000000 95.000000 56.571429 79.200000 30.461538 20.842105
1152 1 25.400000 4.400000 25.000000 25.000000 0.036000 0.036000 144.000000 144.000000
1152 3 2.700000 1.800000 65.000000 115.000000 56.571429 79.200000 30.461538 17.217391
1152 4 3.100000 1.100000 56.571429 79.200000 56.571429 79.200000 35.000000 25.000000
1152 5 24.500000 3.900000 85.000000 80.000000 56.571429 79.200000 23.294118 24.750000
1164 7 28.000000 5.000000 5.000000 5.000000 0.036000 0.036000 720.000000 720.000000
1164 6 19.700000 1.700000 110.000000 105.000000 56.571429 79.200000 18.000000 18.857143
1164 2 22.400000 2.400000 65.000000 95.000000 56.571429 79.200000 30.461538 20.842105
1164 1 25.400000 4.400000 25.000000 25.000000 0.036000 0.036000 144.000000 144.000000
1164 3 3.000000 2.000000 65.000000 95.000000 56.571429 79.200000 30.461538 20.842105
1164 4 3.000000 0.900000 56.571429 85.000000 56.571429 79.200000 35.000000 23.294118
1164 5 25.700000 3.800000 85.000000 80.000000 56.571429 79.200000 23.294118 24.750000
1176 7 28.300000 4.700000 5.000000 5.000000 0.036000 0.036000 720.000000 720.000000
1176 6 18.300000 1.300000 105.000000 105.000000 56.571429 79.200000 18.857143 18.857143
1176 2 22.200000 2.400000 65.000000 95.000000 56.571429 79.200000 30.461538 20.842105
1176 1 25.400000 4.400000 25.000000 25.000000 0.036000 0.036000 144.000000 144.000000
1176 3 3.200000 2.000000 65.000000 95.000000 56.571429 79.200000 30.461538 20.842105
1176 4 4.100000 1.100000 56.571429 80.000000 56.571429 79.200000 35.000000 24.750000
1176 5 25.300000 3.800000 85.000000 80.000000 56.571429 79.200000 23.294118 24.750000
1188 7 29.500000 4.800000 5.000000 5.000000 0.036000 0.036000 720.000000 720.000000
1188 6 18.200000 0.900000 90.000000 110.000000 56.571429 79.200000 22.000000 18.000000
1188 2 22.300000 2.400000 65.000000 95.000000 56.571429 79.200000 30.461538 20.842105
1188 1 25.400000 4.300000 25.000000 25.000000 0.036000 0.036000 144.000000 144.000000
1188 3 3.100000 1.900000 65.000000 95.000000 56.571429 79.200000 30.461538 20.842105
1188 4 4.000000 1.500000 56.571429 79.200000 56.571429 79.200000 35.000000 25.000000
1188 5 25.000000 3.900000 85.000000 85.000000 56.571429 79.200000 23.294118 23.294118
1200 7 29.300000 5.400000 5.000000 5.000000 0.036000 0.036000 720.000000 720.000000
1200 6 18.700000 1.200000 80.000000 79.200000 56.571429 79.200000 24.750000 25.000000
1200 2 22.800000 2.600000 65.000000 95.000000 56.571429 79.200000 30.461538 20.842105
1200 1 25.400000 4.400000 25.000000 25.000000 0.036000 0.036000 144.000000 144.000000
1200 3 2.600000 1.800000 65.000000 95.000000 56.571429 79.200000 30.461538 20.842105
1200 4 3.600000 1.200000 56.571429 79.200000 56.571429 79.200000 35.000000 25.000000
1200 5 26.000000 3.300000 85.000000 85.000000 56.571429 79.200000 23.294118 23.294118
1212 7 29.300000 4.600000 5.000000 5.000000 0.036000 0.036000 720.000000 720.000000
1212 6 19.200000 1.500000 70.000000 90.000000 56.571429 79.200000 28.285714 22.000000
1212 2 21.900000 2.800000 65.000000 95.000000 56.571429 79.200000 30.461538 20.842105
1212 1 25.400000 4.400000 25.000000 25.000000 0.036000 0.036000 144.000000 144.000000
1212 3 3.500000 1.600000 65.000000 95.000000 56.571429 79.200000 30.461538 20.842105
1212 4 3.600000 1.100000 56.571429 80.000000 56.571429 79.200000 35.000000 24.750000
1212 5 21.700000 3.000000 80.000000 90.000000 56.571429 79.200000 24.750000 22.000000
1224 7 29.800000 4.100000 5.000000 5.000000 0.036000 0.036000 720.000000 720.000000
1224 6 18.300000 1.300000 65.000000 100.000000 56.571429 79.200000 30.461538 19.800000
1224 2 23.400000 2.300000 65.000000 105.000000 56.571429 79.200000 30.461538 18.857143
1224 1 25.500000 4.400000 25.000000 25.000000 0.036000 0.036000 144.000000 144.000000
1224 3 2.100000 2.100000 65.000000 85.000000 56.571429 79.200000 30.461538 23.294118
1224 4 3.600000 1.500000 56.571429 80.000000 56.571429 79.200000 35.000000 24.750000
1224 5 22.600000 2.900000 75.000000 80.000000 56.571429 79.200000 26.400000 24.750000
1236 7 29.900000 4.700000 5.000000 5.000000 0.036000 0.036000 720.000000 720.000000
1236 6 20.600000 1.300000 60.000000 95.000000 56.571429 79.200000 33.000000 20.842105
1236 2 23.400000 2.500000 70.000000 95.000000 56.571429 79.200000 28.285714 20.842105
1236 1 25.400000 4.400000 25.000000 25.000000 0.036000 0.036000 144.000000 144.000000
1236 3 2.000000 1.900000 56.571429 95.000000 56.571429 79.200000 35.000000 20.842105
1236 4 2.800000 1.000000 56.571429 79.200000 56.571429 79.200000 35.000000 25.000000
1236 5 20.600000 3.500000 65.000000 79.200000 56.571429 79.200000 30.461538 25.000000
1248 7 28.100000 4.800000 5.000000 5.000000 0.036000 0.036000 720.000000 720.000000
1248 6 20.300000 1.300000 60.000000 90.000000 56.571429 79.200000 33.000000 22.000000
1248 2 23.300000 2.100000 65.000000 90.000000 56.571429 79.200000 30.461538 22.000000
1248 1 25.400000 4.400000 25.000000 25.000000 0.036000 0.036000 144.000000 144.000000
1248 3 2.100000 2.300000 65.000000 105.000000 56.571429 79.200000 30.461538 18.857143
1248 4 3.100000 1.200000 56.571429 79.200000 56.571429 79.200000 35.000000 25.000000
1248 5 22.500000 3.200000 56.571429 79.200000 56.571429 79.200000 35.000000 25.000000
1260 7 26.300000 4.300000 5.000000 5.000000 0.036000 0.036000 720.000000 720.000000
1260 6 20.300000 1.300000 65.000000 100.000000 56.571429 79.200000 30.461538 19.800000
1260 2 25.800000 2.700000 65.000000 80.000000 56.571429 79.200000 30.461538 24.750000
1260 1 44.800000 3.600000 25.000000 25.000000 0.036000 0.036000 144.000000 144.000000
1260 3 19.000000 0.900000 56.571429 100.000000 56.571429 79.200000 35.000000 19.800000
1260 4 3.000000 0.900000 56.571429 80.000000 56.571429 79.200000 35.000000 24.750000
1260 5 22.400000 3.500000 56.571429 80.000000 56.571429 79.200000 35.000000 24.750000
1272 7 26.500000 4.600000 5.000000 5.000000 0.036000 0.036000 720.000000 720.000000
1272 6 15.600000 1.600000 90.000000 125.000000 56.571429 79.200000 22.000000 15.840000
1272 2 26.300000 2.300000 56.571429 95.000000 56.571429 79.200000 35.000000 20.842105
1272 1 44.800000 3.700000 30.000000 30.000000 0.036000 0.036000 120.000000 120.000000
1272 3 18.500000 1.400000 95.000000 105.000000 56.571429 79.200000 20.842105 18.857143
1272 4 10.200000 1.000000 56.571429 85.000000 56.571429 79.200000 35.000000 23.294118
1272 5 35.500000 1.300000 56.571429 79.200000 56.571429 79.200000 35.000000 25.000000
1284 7 38.800000 2.200000 5.000000 5.000000 0.036000 0.036000 720.000000 720.000000
1284 6 16.100000 1.600000 100.000000 125.000000 56.571429 79.200000 19.800000 15.840000
1284 2 25.600000 2.500000 56.571429 80.000000 56.571429 79.200000 35.000000 24.750000
1284 1 44.800000 3.700000 30.000000 30.000000 0.036000 0.036000 120.000000 120.000000
1284 3 19.200000 1.200000 100.000000 105.000000 56.571429 79.200000 19.800000 18.857143
1284 4 10.200000 0.800000 56.571429 85.000000 56.571429 79.200000 35.000000 23.294118
1284 5 33.300000 2.100000 65.000000 79.200000 56.571429 79.200000 30.461538 25.000000
1296 7 38.200000 2.600000 5.000000 5.000000 0.036000 0.036000 720.000000 720.000000
1296 6 15.200000 1.600000 120.000000 150.000000 56.571429 79.200000 16.500000 13.200000
1296 2 24.800000 1.900000 56.571429 85.000000 56.571429 79.200000 35.000000 23.294118
1296 1 44.800000 3.600000 30.000000 25.000000 0.036000 0.036000 120.000000 144.000000
1296 3 20.000000 1.700000 105.000000 110.000000 56.571429 79.200000 18.857143 18.000000
1296 4 10.400000 0.900000 56.571429 90.000000 56.571429 79.200000 35.000000 22.000000
1296 5 30.100000 2.500000 80.000000 79.200000 56.571429 79.200000 24.750000 25.000000
1308 7 37.800000 4.100000 5.000000 5.000000 0.036000 0.036000 720.000000 720.000000
1308 6 14.800000 1.100000 150.000000 175.000000 56.571429 79.200000 13.200000 11.314286
1308 2 25.200000 2.300000 56.571429 95.000000 56.571429 79.200000 35.000000 20.842105
1308 1 44.900000 3.700000 25.000000 25.000000 0.036000 0.036000 144.000000 144.000000
1308 3 19.700000 1.400000 115.000000 130.000000 56.571429 79.200000 17.217391 15.230769
1308 4 10.000000 0.700000 56.571429 79.200000 56.571429 79.200000 35.000000 25.000000
1308 5 27.700000 2.400000 85.000000 79.200000 56.571429 79.200000 23.294118 25.000000
1320 7 37.900000 2.900000 5.000000 5.000000 0.036000 0.036000 720.000000 720.000000
1320 6 14.700000 1.600000 185.000000 185.000000 56.571429 79.200000 10.702703 10.702703
1320 2 27.100000 2.600000 60.000000 90.000000 56.571429 79.200000 33.000000 22.000000
1320 1 44.900000 3.600000 25.000000 25.000000 0.036000 0.036000 144.000000 144.000000
1320 3 17.800000 1.000000 120.000000 135.000000 56.571429 79.200000 16.500000 14.666667
1320 4 10.500000 0.800000 56.571429 79.200000 56.571429 79.200000 35.000000 25.000000
1320 5 27.100000 2.800000 85.000000 79.200000 56.571429 79.200000 23.294118 25.000000
1332 7 37.600000 3.300000 5.000000 5.000000 0.036000 0.036000 720.000000 720.000000
1332 6 15.100000 1.600000 205.000000 225.000000 56.571429 79.200000 9.658537 8.800000
1332 2 25.100000 2.500000 56.571429 80.000000 56.571429 79.200000 35.000000 24.750000
1332 1 44.900000 3.600000 30.000000 30.000000 0.036000 0.036000 120.000000 120.000000
1332 3 19.800000 1.100000 120.000000 125.000000 56.571429 79.200000 16.500000 15.840000
1332 4 12.000000 1.000000 56.571429 90.000000 56.571429 79.200000 35.000000 22.000000
1332 5 28.000000 2.200000 85.000000 85.000000 56.571429 79.200000 23.294118 23.294118
1344 7 39.800000 3.200000 5.000000 5.000000 0.036000 0.036000 720.000000 720.000000
1344 6 14.900000 1.600000 245.000000 265.000000 56.571429 79.200000 8.081633 7.471698
1344 2 27.600000 2.100000 60.000000 100.000000 56.571429 79.200000 33.000000 19.800000
1344 1 44.800000 3.700000 25.000000 25.000000 0.036000 0.036000 144.000000 144.000000
1344 3 17.200000 1.600000 120.000000 125.000000 56.571429 79.200000 16.500000 15.840000
1344 4 10.200000 0.700000 56.571429 85.000000 56.571429 79.200000 35.000000 23.294118
1344 5 28.500000 1.900000 85.000000 80.000000 56.571429 79.200000 23.294118 24.750000
1356 7 37.900000 2.900000 5.000000 5.000000 0.036000 0.036000 720.000000 720.000000
1356 6 16.200000 1.500000 280.000000 295.000000 56.571429 79.200000 7.071429 6.711864
1356 2 26.800000 2.100000 56.571429 85.000000 56.571429 79.200000 35.000000 23.294118
1356 1 44.900000 3.700000 30.000000 25.000000 0.036000 0.036000 120.000000 144.000000
1356 3 18.100000 1.600000 120.000000 130.000000 56.571429 79.200000 16.500000 15.230769
1356 4 11.400000 0.800000 56.571429 79.200000 56.571429 79.200000 35.000000 25.000000
1356 5 28.200000 2.000000 85.000000 79.200000 56.571429 79.200000 23.294118 25.000000
1368 7 40.400000 2.700000 5.000000 5.000000 0.036000 0.036000 720.000000 720.000000
1368 6 15.900000 1.100000 325.000000 335.000000 56.571429 79.200000 6.092308 5.910448
1368 2 25.200000 2.500000 56.571429 95.000000 56.571429 79.200000 35.000000 20.842105
1368 1 44.900000 3.600000 30.000000 25.000000 0.036000 0.036000 120.000000 144.000000
1368 3 19.700000 1.100000 125.000000 145.000000 56.571429 79.200000 15.840000 13.655172
1368 4 10.900000 0.900000 56.571429 85.000000 56.571429 79.200000 35.000000 23.294118
1368 5 26.800000 2.700000 85.000000 80.000000 56.571429 79.200000 23.294118 24.750000
1380 7 37.500000 3.300000 5.000000 5.000000 0.036000 0.036000 720.000000 720.000000
1380 6 15.500000 1.900000 365.000000 350.000000 56.571429 79.200000 5.424658 5.657143
1380 2 27.700000 2.100000 60.000000 95.000000 56.571429 79.200000 33.000000 20.842105
1380 1 44.900000 3.600000 25.000000 25.000000 0.036000 0.036000 144.000000 144.000000
1380 3 17.200000 1.500000 125.000000 130.000000 56.571429 79.200000 15.840000 15.230769
1380 4 9.700000 0.500000 56.571429 85.000000 56.571429 79.200000 35.000000 23.294118
1380 5 26.700000 2.600000 85.000000 80.000000 56.571429 79.200000 23.294118 24.750000
1392 7 36.800000 3.000000 5.000000 5.000000 0.036000 0.036000 720.000000 720.000000
1392 6 15.700000 1.400000 395.000000 400.000000 56.571429 79.200000 5.012658 4.950000
1392 2 24.400000 2.300000 56.571429 90.000000 56.571429 79.200000 35.000000 22.000000
1392 1 44.900000 3.700000 30.000000 30.000000 0.036000 0.036000 120.000000 120.000000
1392 3 20.500000 1.400000 125.000000 130.000000 56.571429 79.200000 15.840000 15.230769
1392 4 12.000000 0.800000 56.571429 79.200000 56.571429 79.200000 35.000000 25.000000
1392 5 27.600000 2.400000 85.000000 85.000000 56.571429 79.200000 23.294118 23.294118
1404 7 40.600000 3.100000 5.000000 5.000000 0.036000 0.036000 720.000000 720.000000
1404 6 14.100000 1.300000 400.000000 390.000000 56.571429 79.200000 4.950000 5.076923
1404 2 24.500000 2.300000 75.000000 100.000000 56.571429 79.200000 26.400000 19.800000
1404 1 44.800000 3.700000 25.000000 25.000000 0.036000 0.036000 144.000000 144.000000
1404 3 20.300000 1.400000 130.000000 135.000000 56.571429 79.200000 15.230769 14.666667
1404 4 10.300000 1.000000 56.571429 79.200000 56.571429 79.200000 35.000000 25.000000
1404 5 28.300000 2.100000 85.000000 80.000000 56.571429 79.200000 23.294118 24.750000
1416 7 36.400000 3.800000 5.000000 5.000000 0.036000 0.036000 720.000000 720.000000
1416 6 11.700000 0.500000 375.000000 385.000000 56.571429 79.200000 5.280000 5.142857
1416 2 26.900000 2.500000 95.000000 110.000000 56.571429 79.200000 20.842105 18.000000
1416 1 44.800000 3.700000 25.000000 25.000000 0.036000 0.036000 144.000000 144.000000
1416 3 17.900000 1.200000 135.000000 160.000000 56.571429 79.200000 14.666667 12.375000
1416 4 9.800000 1.000000 56.571429 80.000000 56.571429 79.200000 35.000000 24.750000
1416 5 27.600000 2.200000 85.000000 79.200000 56.571429 79.200000 23.294118 25.000000
1428 7 38.100000 2.800000 5.000000 5.000000 0.036000 0.036000 720.000000 720.000000
1428 6 9.100000 0.900000 345.000000 340.000000 56.571429 79.200000 5.739130 5.823529
1428 2 28.300000 1.800000 105.000000 150.000000 56.571429 79.200000 18.857143 13.200000
1428 1 44.900000 3.600000 30.000000 25.000000 0.036000 0.036000 120.000000 144.000000
1428 3 16.600000 1.800000 130.000000 140.000000 56.571429 79.200000 15.230769 14.142857
1428 4 11.600000 1.000000 56.571429 80.000000 56.571429 79.200000 35.000000 24.750000
1428 5 28.000000 2.300000 85.000000 85.000000 56.571429 79.200000 23.294118 23.294118
1440 7 40.000000 3.000000 5.000000 5.000000 0.036000 0.036000 720.000000 720.000000
1440 6 8.900000 1.000000 315.000000 335.000000 56.571429 79.200000 6.285714 5.910448
1440 2 12.100000 2.800000 135.000000 140.000000 56.571429 79.200000 14.666667 14.142857
1440 1 23.400000 2.800000 30.000000 30.000000 0.036000 0.036000 120.000000 120.000000
1440 3 11.300000 0.000000 130.000000 135.000000 56.571429 79.200000 15.230769 14.666667
1440 4 9.900000 0.400000 56.571429 90.000000 56.571429 79.200000 35.000000 22.000000
1440 5 27.400000 2.400000 85.000000 80.000000 56.571429 79.200000 23.294118 24.750000
1452 7 36.200000 2.900000 5.000000 5.000000 0.036000 0.036000 720.000000 720.000000
1452 6 10.000000 0.800000 285.000000 280.000000 56.571429 79.200000 6.947368 7.071429
1452 2 12.000000 2.900000 115.000000 155.000000 56.571429 79.200000 17.217391 12.774194
1452 1 23.400000 2.900000 15.000000 15.000000 0.036000 0.036000 240.000000 240.000000
1452 3 11.400000 0.000000 120.000000 135.000000 56.571429 79.200000 16.500000 14.666667
1452 4 11.500000 1.200000 56.571429 80.000000 56.571429 79.200000 35.000000 24.750000
1452 5 27.000000 2.800000 85.000000 85.000000 56.571429 79.200000 23.294118 23.294118
1464 7 39.400000 3.500000 5.000000 5.000000 0.036000 0.036000 720.000000 720.000000
1464 6 8.400000 1.300000 270.000000 235.000000 56.571429 79.200000 7.333333 8.425532
1464 2 12.100000 2.700000 100.000000 130.000000 56.571429 79.200000 19.800000 15.230769
1464 1 23.400000 2.800000 15.000000 15.000000 0.036000 0.036000 240.000000 240.000000
1464 3 11.300000 0.100000 110.000000 135.000000 56.571429 79.200000 18.000000 14.666667
1464 4 10.400000 1.500000 56.571429 79.200000 56.571429 79.200000 35.000000 25.000000
1464 5 29.700000 1.100000 85.000000 90.000000 56.571429 79.200000 23.294118 22.000000
1476 7 40.600000 3.200000 5.000000 5.000000 0.036000 0.036000 720.000000 720.000000
1476 6 4.400000 4.300000 245.000000 210.000000 56.571429 79.200000 8.081633 9.428571
1476 2 12.700000 2.800000 90.000000 100.000000 56.571429 79.200000 22.000000 19.800000
1476 1 23.400000 2.800000 15.000000 15.000000 0.036000 0.036000 240.000000 240.000000
1476 3 10.700000 0.000000 105.000000 110.000000 56.571429 79.200000 18.857143 18.000000
1476 4 10.200000 1.100000 56.571429 85.000000 56.571429 79.200000 35.000000 23.294118
1476 5 28.800000 1.600000 85.000000 90.000000 56.571429 79.200000 23.294118 22.000000
1488 7 39.300000 2.900000 5.000000 5.000000 0.036000 0.036000 720.000000 720.000000
1488 6 1.200000 1.600000 230.000000 210.000000 56.571429 79.200000 8.608696 9.428571
1488 2 12.600000 2.700000 56.571429 100.000000 56.571429 79.200000 35.000000 19.800000
1488 1 23.400000 2.800000 20.000000 15.000000 0.036000 0.036000 180.000000 240.000000
1488 3 10.800000 0.100000 105.000000 110.000000 56.571429 79.200000 18.857143 18.000000
1488 4 11.500000 1.300000 56.571429 79.200000 56.571429 79.200000 35.000000 25.000000
1488 5 28.200000 1.800000 85.000000 80.000000 56.571429 79.200000 23.294118 24.750000
1500 7 40.200000 3.100000 5.000000 5.000000 0.036000 0.036000 720.000000 720.000000
1500 6 1.700000 1.700000 210.000000 170.000000 56.571429 79.200000 9.428571 11.647059
1500 2 10.700000 2.900000 60.000000 105.000000 56.571429 79.200000 33.000000 18.857143
1500 1 23.400000 2.900000 15.000000 15.000000 0.036000 0.036000 240.000000 240.000000
1500 3 12.700000 0.000000 100.000000 105.000000 56.571429 79.200000 19.800000 18.857143
1500 4 10.900000 0.900000 60.000000 80.000000 56.571429 79.200000 33.000000 24.750000
1500 5 27.800000 2.300000 85.000000 85.000000 56.571429 79.200000 23.294118 23.294118
1512 7 39.400000 2.600000 5.000000 5.000000 0.036000 0.036000 720.000000 720.000000
1512 6 0.600000 1.500000 160.000000 125.000000 56.571429 79.200000 12.375000 15.840000
1512 2 11.900000 2.700000 60.000000 95.000000 56.571429 79.200000 33.000000 20.842105
1512 1 23.400000 2.800000 15.000000 15.000000 0.036000 0.036000 240.000000 240.000000
1512 3 11.500000 0.100000 100.000000 105.000000 56.571429 79.200000 19.800000 18.857143
1512 4 10.100000 1.500000 60.000000 79.200000 56.571429 79.200000 33.000000 25.000000
1512 5 25.600000 3.400000 80.000000 90.000000 56.571429 79.200000 24.750000 22.000000
1524 7 37.100000 4.300000 5.000000 5.000000 0.036000 0.036000 720.000000 720.000000
1524 6 1.800000 1.500000 105.000000 95.000000 56.571429 79.200000 18.857143 20.842105
1524 2 13.100000 2.800000 60.000000 95.000000 56.571429 79.200000 33.000000 20.842105
1524 1 23.400000 2.800000 15.000000 15.000000 0.036000 0.036000 240.000000 240.000000
1524 3 10.300000 0.000000 105.000000 105.000000 56.571429 79.200000 18.857143 18.857143
1524 4 10.100000 1.200000 56.571429 79.200000 56.571429 79.200000 35.000000 25.000000
1524 5 20.500000 6.400000 80.000000 85.000000 56.571429 79.200000 24.750000 23.294118
1536 7 33.800000 6.200000 5.000000 5.000000 0.036000 0.036000 720.000000 720.000000
1536 6 1.900000 1.000000 70.000000 85.000000 56.571429 79.200000 28.285714 23.294118
1536 2 12.500000 2.800000 60.000000 105.000000 56.571429 79.200000 33.000000 18.857143
1536 1 23.400000 2.800000 20.000000 20.000000 0.036000 0.036000 180.000000 180.000000
1536 3 10.900000 0.000000 70.000000 105.000000 56.571429 79.200000 28.285714 18.857143
1536 4 11.200000 1.600000 56.571429 80.000000 56.571429 79.200000 35.000000 24.750000
1536 5 12.900000 1.600000 80.000000 90.000000 56.571429 79.200000 24.750000 22.000000
1548 7 33.500000 6.000000 5.000000 5.000000 0.036000 0.036000 720.000000 720.000000
1548 6 1.100000 1.700000 65.000000 85.000000 56.571429 79.200000 30.461538 23.294118
1548 2 10.600000 2.800000 60.000000 105.000000 56.571429 79.200000 33.000000 18.857143
1548 1 23.400000 2.800000 15.000000 15.000000 0.036000 0.036000 240.000000 240.000000
1548 3 12.800000 0.000000 70.000000 105.000000 56.571429 79.200000 28.285714 18.857143
1548 4 11.400000 1.200000 56.571429 85.000000 56.571429 79.200000 35.000000 23.294118
1548 5 12.800000 1.300000 56.571429 85.000000 56.571429 79.200000 35.000000 23.294118
1560 7 24.500000 2.800000 5.000000 5.000000 0.036000 0.036000 720.000000 720.000000
1560 6 0.900000 1.800000 65.000000 80.000000 56.571429 79.200000 30.461538 24.750000
1560 2 13.600000 2.800000 60.000000 100.000000 56.571429 79.200000 33.000000 19.800000
1560 1 23.400000 2.900000 15.000000 15.000000 0.036000 0.036000 240.000000 240.000000
1560 3 9.800000 0.100000 65.000000 105.000000 56.571429 79.200000 30.461538 18.857143
1560 4 9.700000 1.100000 60.000000 85.000000 56.571429 79.200000 33.000000 23.294118
1560 5 13.400000 1.600000 56.571429 80.000000 56.571429 79.200000 35.000000 24.750000
1572 7 23.000000 2.400000 5.000000 5.000000 0.036000 0.036000 720.000000 720.000000
1572 6 1.500000 1.400000 60.000000 79.200000 56.571429 79.200000 33.000000 25.000000
1572 2 13.500000 2.900000 60.000000 100.000000 56.571429 79.200000 33.000000 19.800000
1572 1 23.400000 2.900000 20.000000 20.000000 0.036000 0.036000 180.000000 180.000000
1572 3 9.900000 0.000000 65.000000 79.200000 56.571429 79.200000 30.461538 25.000000
1572 4 12.100000 1.300000 56.571429 90.000000 56.571429 79.200000 35.000000 22.000000
1572 5 10.600000 1.800000 56.571429 85.000000 56.571429 79.200000 35.000000 23.294118
1584 7 22.500000 3.000000 5.000000 5.000000 0.036000 0.036000 720.000000 720.000000
1584 6 1.600000 1.400000 60.000000 79.200000 56.571429 79.200000 33.000000 25.000000
1584 2 12.500000 2.700000 60.000000 90.000000 56.571429 79.200000 33.000000 22.000000
1584 1 23.400000 2.800000 20.000000 20.000000 0.036000 0.036000 180.000000 180.000000
1584 3 10.900000 0.100000 65.000000 79.200000 56.571429 79.200000 30.461538 25.000000
1584 4 11.900000 1.600000 56.571429 85.000000 56.571429 79.200000 35.000000 23.294118
1584 5 11.600000 1.700000 56.571429 80.000000 56.571429 79.200000 35.000000 24.750000
1596 7 23.300000 3.300000 5.000000 5.000000 0.036000 0.036000 720.000000 720.000000
1596 6 1.300000 1.100000 65.000000 85.000000 56.571429 79.200000 30.461538 23.294118
1596 2 12.300000 2.800000 60.000000 105.000000 56.571429 79.200000 33.000000 18.857143
1596 1 23.400000 2.800000 15.000000 15.000000 0.036000 0.036000 240.000000 240.000000
1596 3 11.100000 0.000000 65.000000 79.200000 56.571429 79.200000 30.461538 25.000000
1596 4 11.200000 1.500000 56.571429 80.000000 56.571429 79.200000 35.000000 24.750000
1596 5 12.400000 1.200000 56.571429 80.000000 56.571429 79.200000 35.000000 24.750000
1608 7 23.800000 2.700000 5.000000 5.000000 0.036000 0.036000 720.000000 720.000000
1608 6 1.600000 1.700000 60.000000 79.200000 56.571429 79.200000 33.000000 25.000000
1608 2 12.500000 2.800000 60.000000 95.000000 56.571429 79.200000 33.000000 20.842105
1608 1 23.400000 2.900000 15.000000 15.000000 0.036000 0.036000 240.000000 240.000000
1608 3 10.900000 0.100000 70.000000 79.200000 56.571429 79.200000 28.285714 25.000000
1608 4 10.700000 1.200000 60.000000 85.000000 56.571429 79.200000 33.000000 23.294118
1608 5 12.700000 1.300000 56.571429 79.200000 56.571429 79.200000 35.000000 25.000000
1620 7 23.400000 2.700000 5.000000 5.000000 0.036000 0.036000 720.000000 720.000000
1620 6 1.300000 1.500000 65.000000 79.200000 56.571429 79.200000 30.461538 25.000000
1620 2 15.500000 2.900000 60.000000 100.000000 56.571429 79.200000 33.000000 19.800000
1620 1 30.100000 3.800000 15.000000 15.000000 0.036000 0.036000 240.000000 240.000000
1620 3 14.600000 0.900000 65.000000 79.200000 56.571429 79.200000 30.461538 25.000000
1620 4 11.200000 1.300000 60.000000 79.200000 56.571429 79.200000 33.000000 25.000000
1620 5 12.100000 1.700000 56.571429 80.000000 56.571429 79.200000 35.000000 24.750000
1632 7 23.200000 2.900000 5.000000 5.000000 0.036000 0.036000 720.000000 720.000000
1632 6 1.000000 1.300000 65.000000 85.000000 56.571429 79.200000 30.461538 23.294118
1632 2 14.200000 3.000000 60.000000 100.000000 56.571429 79.200000 33.000000 19.800000
1632 1 30.200000 3.900000 20.000000 20.000000 0.036000 0.036000 180.000000 180.000000
1632 3 16.000000 0.900000 70.000000 110.000000 56.571429 79.200000 28.285714 18.000000
1632 4 14.500000 1.500000 60.000000 79.200000 56.571429 79.200000 33.000000 25.000000
1632 5 16.100000 2.200000 56.571429 79.200000 56.571429 79.200000 35.000000 25.000000
1644 7 30.800000 3.700000 5.000000 5.000000 0.036000 0.036000 720.000000 720.000000
1644 6 0.600000 1.300000 60.000000 85.000000 56.571429 79.200000 33.000000 23.294118
1644 2 16.400000 2.400000 60.000000 105.000000 56.571429 79.200000 33.000000 18.857143
1644 1 30.100000 3.900000 20.000000 20.000000 0.036000 0.036000 180.000000 180.000000
1644 3 13.700000 1.500000 70.000000 90.000000 56.571429 79.200000 28.285714 22.000000
1644 4 13.600000 1.700000 60.000000 79.200000 56.571429 79.200000 33.000000 25.000000
1644 5 16.800000 2.500000 56.571429 79.200000 56.571429 79.200000 35.000000 25.000000
1656 7 30.300000 3.900000 5.000000 5.000000 0.036000 0.036000 720.000000 720.000000
1656 6 1.100000 1.500000 60.000000 80.000000 56.571429 79.200000 33.000000 24.750000
1656 2 15.000000 3.000000 65.000000 95.000000 56.571429 79.200000 30.461538 20.842105
1656 1 30.200000 3.900000 20.000000 20.000000 0.036000 0.036000 180.000000 180.000000
1656 3 15.200000 0.900000 65.000000 85.000000 56.571429 79.200000 30.461538 23.294118
1656 4 15.300000 1.000000 60.000000 90.000000 56.571429 79.200000 33.000000 22.000000
1656 5 14.400000 2.700000 56.571429 79.200000 56.571429 79.200000 35.000000 25.000000
1668 7 29.600000 3.800000 5.000000 5.000000 0.036000 0.036000 720.000000 720.000000
1668 6 0.900000 1.100000 65.000000 80.000000 56.571429 79.200000 30.461538 24.750000
1668 2 13.400000 3.000000 60.000000 105.000000 56.571429 79.200000 33.000000 18.857143
1668 1 30.100000 3.900000 20.000000 20.000000 0.036000 0.036000 180.000000 180.000000
1668 3 16.700000 0.900000 70.000000 95.000000 56.571429 79.200000 28.285714 20.842105
1668 4 14.100000 1.800000 56.571429 79.200000 56.571429 79.200000 35.000000 25.000000
1668 5 16.300000 2.400000 56.571429 85.000000 56.571429 79.200000 35.000000 23.294118
1680 7 30.700000 3.900000 5.000000 5.000000 0.036000 0.036000 720.000000 720.000000
1680 6 0.500000 1.200000 65.000000 85.000000 56.571429 79.200000 30.461538 23.294118
1680 2 15.700000 3.200000 60.000000 90.000000 56.571429 79.200000 33.000000 22.000000
1680 1 30.100000 3.900000 20.000000 20.000000 0.036000 0.036000 180.000000 180.000000
1680 3 14.400000 0.700000 65.000000 100.000000 56.571429 79.200000 30.461538 19.800000
1680 4 12.900000 1.900000 60.000000 80.000000 56.571429 79.200000 33.000000 24.750000
1680 5 17.700000 2.000000 56.571429 80.000000 56.571429 79.200000 35.000000 24.750000
1692 7 30.300000 3.900000 5.000000 5.000000 0.036000 0.036000 720.000000 720.000000
1692 6 0.700000 1.600000 56.571429 85.000000 56.571429 79.200000 35.000000 23.294118
1692 2 15.500000 2.700000 65.000000 95.000000 56.571429 79.200000 30.461538 20.842105
1692 1 30.100000 3.900000 20.000000 20.000000 0.036000 0.036000 180.000000 180.000000
1692 3 14.600000 1.200000 65.000000 85.000000 56.571429 79.200000 30.461538 23.294118
1692 4 15.000000 1.600000 60.000000 90.000000 56.571429 79.200000 33.000000 22.000000
1692 5 14.900000 1.900000 56.571429 80.000000 56.571429 79.200000 35.000000 24.750000
1704 7 30.000000 3.900000 5.000000 5.000000 0.036000 0.036000 720.000000 720.000000
1704 6 0.900000 1.300000 60.000000 79.200000 56.571429 79.200000 33.000000 25.000000
1704 2 17.100000 3.300000 60.000000 90.000000 56.571429 79.200000 33.000000 22.000000
1704 1 30.100000 3.900000 20.000000 20.000000 0.036000 0.036000 180.000000 180.000000
1704 3 13.000000 0.600000 70.000000 90.000000 56.571429 79.200000 28.285714 22.000000
1704 4 14.600000 1.400000 56.571429 85.000000 56.571429 79.200000 35.000000 23.294118
1704 5 15.100000 2.900000 56.571429 79.200000 56.571429 79.200000 35.000000 25.000000
1716 7 29.700000 3.700000 5.000000 5.000000 0.036000 0.036000 720.000000 720.000000
1716 6 0.800000 1.900000 60.000000 79.200000 56.571429 79.200000 33.000000 25.000000
1716 2 15.300000 2.400000 65.000000 95.000000 56.571429 79.200000 30.461538 20.842105
1716 1 30.100000 3.900000 20.000000 20.000000 0.036000 0.036000 180.000000 180.000000
1716 3 14.800000 1.500000 65.000000 90.000000 56.571429 79.200000 30.461538 22.000000
1716 4 16.300000 1.400000 60.000000 90.000000 56.571429 79.200000 33.000000 22.000000
1716 5 14.000000 1.900000 56.571429 80.000000 56.571429 79.200000 35.000000 24.750000
1728 7 30.000000 4.000000 5.000000 5.000000 0.036000 0.036000 720.000000 720.000000
1728 6 1.200000 0.900000 60.000000 90.000000 56.571429 79.200000 33.000000 22.000000
1728 2 15.600000 3.200000 60.000000 110.000000 56.571429 79.200000 33.000000 18.000000
1728 1 30.100000 3.900000 20.000000 15.000000 0.036000 0.036000 180.000000 240.000000
1728 3 14.500000 0.700000 70.000000 85.000000 56.571429 79.200000 28.285714 23.294118
1728 4 14.100000 1.400000 60.000000 80.000000 56.571429 79.200000 33.000000 24.750000
1728 5 15.400000 3.300000 56.571429 80.000000 56.571429 79.200000 35.000000 24.750000
1740 7 29.600000 4.300000 5.000000 5.000000 0.036000 0.036000 720.000000 720.000000
1740 6 0.800000 1.000000 60.000000 90.000000 56.571429 79.200000 33.000000 22.000000
1740 2 15.800000 3.300000 65.000000 100.000000 56.571429 79.200000 30.461538 19.800000
1740 1 30.100000 3.900000 20.000000 20.000000 0.036000 0.036000 180.000000 180.000000
1740 3 14.300000 0.600000 70.000000 85.000000 56.571429 79.200000 28.285714 23.294118
1740 4 14.800000 2.200000 60.000000 95.000000 56.571429 79.200000 33.000000 20.842105
1740 5 16.000000 1.500000 60.000000 85.000000 56.571429 79.200000 33.000000 23.294118
1752 7 31.200000 4.200000 5.000000 5.000000 0.036000 0.036000 720.000000 720.000000
1752 6 0.800000 1.900000 60.000000 90.000000 56.571429 79.200000 33.000000 22.000000
1752 2 14.800000 2.800000 65.000000 90.000000 56.571429 79.200000 30.461538 22.000000
1752 1 30.100000 3.900000 20.000000 20.000000 0.036000 0.036000 180.000000 180.000000
1752 3 15.300000 1.100000 70.000000 85.000000 56.571429 79.200000 28.285714 23.294118
1752 4 15.000000 1.500000 56.571429 85.000000 56.571429 79.200000 35.000000 23.294118
1752 5 15.000000 1.700000 56.571429 79.200000 56.571429 79.200000 35.000000 25.000000
1764 7 30.000000 3.000000 5.000000 5.000000 0.036000 0.036000 720.000000 720.000000
1764 6 0.700000 1.300000 60.000000 85.000000 56.571429 79.200000 33.000000 23.294118
1764 2 15.200000 2.800000 60.000000 105.000000 56.571429 79.200000 33.000000 18.857143
1764 1 30.200000 3.900000 20.000000 20.000000 0.036000 0.036000 180.000000 180.000000
1764 3 15.000000 1.100000 70.000000 85.000000 56.571429 79.200000 28.285714 23.294118
1764 4 14.100000 1.400000 56.571429 80.000000 56.571429 79.200000 35.000000 24.750000
1764 5 16.000000 2.900000 56.571429 80.000000 56.571429 79.200000 35.000000 24.750000
1776 7 29.500000 4.000000 5.000000 5.000000 0.036000 0.036000 720.000000 720.000000
1776 6 0.700000 1.700000 65.000000 85.000000 56.571429 79.200000 30.461538 23.294118
1776 2 15.700000 2.800000 60.000000 95.000000 56.571429 79.200000 33.000000 20.842105
1776 1 30.100000 3.900000 20.000000 20.000000 0.036000 0.036000 180.000000 180.000000
1776 3 14.400000 1.100000 70.000000 85.000000 56.571429 79.200000 28.285714 23.294118
1776 4 14.500000 1.200000 60.000000 95.000000 56.571429 79.200000 33.000000 20.842105
1776 5 15.800000 2.200000 56.571429 80.000000 56.571429 79.200000 35.000000 24.750000
1788 7 30.700000 3.800000 5.000000 5.000000 0.036000 0.036000 720.000000 720.000000
1788 6 0.800000 1.100000 60.000000 79.200000 56.571429 79.200000 33.000000 25.000000
1788 2 15.500000 2.700000 60.000000 90.000000 56.571429 79.200000 33.000000 22.000000
1788 1 30.100000 3.900000 20.000000 20.000000 0.036000 0.036000 180.000000 180.000000
1788 3 14.600000 1.200000 70.000000 85.000000 56.571429 79.200000 28.285714 23.294118
1788 4 14.900000 1.700000 60.000000 80.000000 56.571429 79.200000 33.000000 24.750000
1788 5 15.000000 2.800000 56.571429 79.200000 56.571429 79.200000 35.000000 25.000000
