7 2 1 3 4 5 6
0.003000 1.000000 0.300300 1.000000 1.000000 1.000000 1.000000
0.066002 58.456619 3.075566 12.000000 13.948052 12.000000 12.000000
0.108003 2878.764848 4.643777 12.000000 15.896104 12.000000 12.000000
0.108003 3600.000000 6.213300 12.000000 15.896104 12.000000 12.000000
0.108003 3600.000000 7.784136 12.000000 15.896104 12.000000 12.000000
0.108003 3600.000000 9.657999 12.000000 15.896104 12.000000 12.000000
0.108003 3600.000000 11.533776 12.000000 15.896104 12.000000 12.000000
0.108003 3600.000000 13.109360 12.000000 15.896104 12.000000 12.000000
0.108003 3600.000000 14.686266 12.000000 15.896104 12.000000 12.000000
0.108003 3600.000000 13.541910 12.000000 15.896104 12.000000 12.000000
0.108003 3600.000000 10.888796 12.000000 15.896104 12.000000 12.000000
0.108003 3600.000000 8.239576 12.000000 15.896104 12.000000 12.000000
0.108003 3600.000000 5.594240 12.000000 15.896104 12.000000 12.000000
0.108003 3600.000000 2.952780 12.000000 15.896104 12.000000 12.000000
0.108003 3600.000000 0.519152 12.000000 15.896104 12.000000 12.000000
0.108003 3600.000000 0.036000 12.000000 15.896104 12.000000 12.000000
0.108003 3600.000000 0.036000 12.000000 15.896104 12.000000 12.000000
0.108003 3600.000000 0.036000 12.000000 15.896104 12.000000 12.000000
0.108003 3600.000000 0.036000 12.000000 15.896104 12.000000 12.000000
0.108003 3600.000000 0.036000 12.000000 15.896104 12.000000 12.000000
0.108003 3600.000000 0.036000 12.000000 15.896104 12.000000 12.000000
0.108003 3600.000000 0.036000 12.000000 15.896104 12.000000 12.000000
0.108003 3600.000000 0.036000 12.000000 15.896104 12.000000 12.000000
0.108003 3600.000000 0.036000 12.000000 15.896104 12.000000 12.000000
0.108003 3600.000000 0.036000 12.000000 15.896104 12.000000 12.000000
0.108003 3600.000000 0.036000 12.000000 15.896104 12.000000 12.000000
0.108003 3600.000000 0.036000 12.000000 15.896104 12.000000 12.000000
0.108003 1681.651712 0.036000 12.000000 15.896104 12.000000 12.000000
0.108003 25.576516 0.036000 12.000000 15.896104 12.000000 12.000000
