26 25 24 211 23 10 9 8 7 6 5 1 2 3 4 11 12 201 13 202 14 203 15 204 16 205 17 206 18 207 19 208 20 209 21 210 22
5.000000 5.000000 5.000000 26.280001 5.000000 60.000000 5.000000 5.000000 5.000000 5.000000 5.000000 120.000000 120.000000 120.000000 5.000000 60.000000 5.000000 53.639999 5.000000 65.520003 20.000000 39.959999 20.000000 26.280001 20.000000 92.880003 20.000000 65.520003 120.000000 53.639999 120.000000 39.959999 120.000000 65.520003 5.000000 27.360000 5.000000
5.000000 5.000000 5.000000 26.280001 5.000000 60.000000 5.000000 5.000000 5.000000 5.000000 5.000000 120.000000 120.000000 120.000000 5.000000 60.000000 5.000000 53.639999 5.000000 65.520003 20.000000 39.959999 20.000000 26.280001 20.000000 92.880003 20.000000 65.520003 120.000000 53.639999 120.000000 39.959999 120.000000 65.520003 5.000000 27.360000 5.000000
5.000000 5.000000 5.000000 26.280001 5.000000 60.000000 5.000000 5.000000 5.000000 5.000000 5.000000 120.000000 120.000000 120.000000 5.000000 60.000000 5.000000 53.639999 5.000000 65.520003 20.000000 39.959999 20.000000 26.280001 20.000000 92.880003 20.000000 65.520003 120.000000 53.639999 120.000000 39.959999 120.000000 65.520003 5.000000 27.360000 5.000000
5.000000 5.000000 5.000000 26.280001 5.000000 60.000000 5.000000 5.000000 5.000000 5.000000 5.000000 120.000000 120.000000 120.000000 5.000000 60.000000 5.000000 53.639999 5.000000 65.520003 20.000000 39.959999 20.000000 26.280001 20.000000 92.880003 20.000000 65.520003 120.000000 53.639999 120.000000 39.959999 120.000000 65.520003 5.000000 27.360000 5.000000
5.000000 5.000000 5.000000 26.280001 5.000000 60.000000 5.000000 5.000000 5.000000 5.000000 5.000000 120.000000 120.000000 120.000000 5.000000 60.000000 5.000000 53.639999 5.000000 65.520003 20.000000 39.959999 20.000000 26.280001 20.000000 92.880003 20.000000 65.520003 120.000000 53.639999 120.000000 39.959999 120.000000 65.520003 5.000000 27.360000 5.000000
5.000000 5.000000 5.000000 26.280001 5.000000 60.000000 5.000000 5.000000 5.000000 5.000000 5.000000 120.000000 120.000000 120.000000 5.000000 60.000000 5.000000 53.639999 5.000000 65.520003 20.000000 39.959999 20.000000 26.280001 20.000000 92.880003 20.000000 65.520003 120.000000 53.639999 120.000000 39.959999 120.000000 65.520003 5.000000 27.360000 5.000000
5.000000 5.000000 5.000000 26.280001 5.000000 60.000000 5.000000 5.000000 5.000000 5.000000 5.000000 120.000000 120.000000 120.000000 5.000000 60.000000 5.000000 53.639999 5.000000 65.520003 20.000000 39.959999 20.000000 26.280001 20.000000 92.880003 20.000000 65.520003 120.000000 53.639999 120.000000 39.959999 120.000000 65.520003 5.000000 27.360000 5.000000
5.000000 5.000000 5.000000 26.280001 5.000000 60.000000 5.000000 5.000000 5.000000 5.000000 5.000000 120.000000 120.000000 120.000000 5.000000 60.000000 5.000000 53.639999 5.000000 65.520003 20.000000 39.959999 20.000000 26.280001 20.000000 92.880003 20.000000 65.520003 120.000000 53.639999 120.000000 39.959999 120.000000 65.520003 5.000000 27.360000 5.000000
5.000000 5.000000 5.000000 26.280001 5.000000 60.000000 5.000000 5.000000 5.000000 5.000000 5.000000 120.000000 120.000000 120.000000 5.000000 60.000000 5.000000 53.639999 5.000000 65.520003 20.000000 39.959999 20.000000 26.280001 20.000000 92.880003 20.000000 65.520003 120.000000 53.639999 120.000000 39.959999 120.000000 65.520003 5.000000 27.360000 5.000000
5.000000 5.000000 5.000000 26.280001 5.000000 60.000000 5.000000 5.000000 5.000000 5.000000 5.000000 120.000000 120.000000 120.000000 5.000000 60.000000 5.000000 53.639999 5.000000 65.520003 20.000000 39.959999 20.000000 26.280001 20.000000 92.880003 20.000000 65.520003 120.000000 53.639999 120.000000 39.959999 120.000000 65.520003 5.000000 27.360000 5.000000
5.000000 5.000000 5.000000 26.280001 5.000000 60.000000 5.000000 5.000000 5.000000 5.000000 5.000000 120.000000 120.000000 120.000000 5.000000 60.000000 5.000000 53.639999 5.000000 65.520003 20.000000 39.959999 20.000000 26.280001 20.000000 92.880003 20.000000 65.520003 120.000000 53.639999 120.000000 39.959999 120.000000 65.520003 5.000000 27.360000 5.000000
5.000000 5.000000 5.000000 26.280001 5.000000 60.000000 5.000000 5.000000 5.000000 5.000000 5.000000 120.000000 120.000000 120.000000 5.000000 60.000000 5.000000 53.639999 5.000000 65.520003 20.000000 39.959999 20.000000 26.280001 20.000000 92.880003 20.000000 65.520003 120.000000 53.639999 120.000000 39.959999 120.000000 65.520003 5.000000 27.360000 5.000000
5.000000 5.000000 5.000000 26.280001 5.000000 60.000000 5.000000 5.000000 5.000000 5.000000 5.000000 120.000000 120.000000 120.000000 5.000000 60.000000 5.000000 53.639999 5.000000 65.520003 20.000000 39.959999 20.000000 26.280001 20.000000 92.880003 20.000000 65.520003 120.000000 53.639999 120.000000 39.959999 120.000000 65.520003 5.000000 27.360000 5.000000
5.000000 5.000000 5.000000 26.280001 5.000000 60.000000 5.000000 5.000000 5.000000 5.000000 5.000000 120.000000 120.000000 120.000000 5.000000 60.000000 5.000000 53.639999 5.000000 65.520003 20.000000 39.959999 20.000000 26.280001 20.000000 92.880003 20.000000 65.520003 120.000000 53.639999 120.000000 39.959999 120.000000 65.520003 5.000000 27.360000 5.000000
5.000000 5.000000 5.000000 26.280001 5.000000 60.000000 5.000000 5.000000 5.000000 5.000000 5.000000 120.000000 120.000000 120.000000 5.000000 60.000000 5.000000 53.639999 5.000000 65.520003 20.000000 39.959999 20.000000 26.280001 20.000000 92.880003 20.000000 65.520003 120.000000 53.639999 120.000000 39.959999 120.000000 65.520003 5.000000 27.360000 5.000000
5.000000 5.000000 5.000000 26.280001 5.000000 60.000000 5.000000 5.000000 5.000000 5.000000 5.000000 120.000000 120.000000 120.000000 5.000000 60.000000 5.000000 53.639999 5.000000 65.520003 20.000000 39.959999 20.000000 26.280001 20.000000 92.880003 20.000000 65.520003 120.000000 53.639999 120.000000 39.959999 120.000000 65.520003 5.000000 27.360000 5.000000
5.000000 5.000000 5.000000 26.280001 5.000000 60.000000 5.000000 5.000000 5.000000 5.000000 5.000000 120.000000 120.000000 120.000000 5.000000 60.000000 5.000000 53.639999 5.000000 65.520003 20.000000 39.959999 20.000000 26.280001 20.000000 92.880003 20.000000 65.520003 120.000000 53.639999 120.000000 39.959999 120.000000 65.520003 5.000000 27.360000 5.000000
5.000000 5.000000 5.000000 26.280001 5.000000 60.000000 5.000000 5.000000 5.000000 5.000000 5.000000 120.000000 120.000000 120.000000 5.000000 60.000000 5.000000 53.639999 5.000000 65.520003 20.000000 39.959999 20.000000 26.280001 20.000000 92.880003 20.000000 65.520003 120.000000 53.639999 120.000000 39.959999 120.000000 65.520003 5.000000 27.360000 5.000000
5.000000 5.000000 5.000000 26.280001 5.000000 60.000000 5.000000 5.000000 5.000000 5.000000 5.000000 120.000000 120.000000 120.000000 5.000000 60.000000 5.000000 53.639999 5.000000 65.520003 20.000000 39.959999 20.000000 26.280001 20.000000 92.880003 20.000000 65.520003 120.000000 53.639999 120.000000 39.959999 120.000000 65.520003 5.000000 27.360000 5.000000
5.000000 5.000000 5.000000 26.280001 5.000000 60.000000 5.000000 5.000000 5.000000 5.000000 5.000000 120.000000 120.000000 120.000000 5.000000 60.000000 5.000000 53.639999 5.000000 65.520003 20.000000 39.959999 20.000000 26.280001 20.000000 92.880003 20.000000 65.520003 120.000000 53.639999 120.000000 39.959999 120.000000 65.520003 5.000000 27.360000 5.000000
5.000000 5.000000 5.000000 26.280001 5.000000 60.000000 5.000000 5.000000 5.000000 5.000000 5.000000 120.000000 120.000000 120.000000 5.000000 60.000000 5.000000 53.639999 5.000000 65.520003 20.000000 39.959999 20.000000 26.280001 20.000000 92.880003 20.000000 65.520003 120.000000 53.639999 120.000000 39.959999 120.000000 65.520003 5.000000 27.360000 5.000000
5.000000 5.000000 5.000000 26.280001 5.000000 60.000000 5.000000 5.000000 5.000000 5.000000 5.000000 120.000000 120.000000 120.000000 5.000000 60.000000 5.000000 53.639999 5.000000 65.520003 20.000000 39.959999 20.000000 26.280001 20.000000 92.880003 20.000000 65.520003 120.000000 53.639999 120.000000 39.959999 120.000000 65.520003 5.000000 27.360000 5.000000
5.000000 5.000000 5.000000 26.280001 5.000000 60.000000 5.000000 5.000000 5.000000 5.000000 5.000000 120.000000 120.000000 120.000000 5.000000 60.000000 5.000000 53.639999 5.000000 65.520003 20.000000 39.959999 20.000000 26.280001 20.000000 92.880003 20.000000 65.520003 120.000000 53.639999 120.000000 39.959999 120.000000 65.520003 5.000000 27.360000 5.000000
5.000000 5.000000 5.000000 26.280001 5.000000 60.000000 5.000000 5.000000 5.000000 5.000000 5.000000 120.000000 120.000000 120.000000 5.000000 60.000000 5.000000 53.639999 5.000000 65.520003 20.000000 39.959999 20.000000 26.280001 20.000000 92.880003 20.000000 65.520003 120.000000 53.639999 120.000000 39.959999 120.000000 65.520003 5.000000 27.360000 5.000000
5.000000 5.000000 5.000000 26.280001 5.000000 60.000000 5.000000 5.000000 5.000000 5.000000 5.000000 120.000000 120.000000 120.000000 5.000000 60.000000 5.000000 53.639999 5.000000 65.520003 20.000000 39.959999 20.000000 26.280001 20.000000 92.880003 20.000000 65.520003 120.000000 53.639999 120.000000 39.959999 120.000000 65.520003 5.000000 27.360000 5.000000
5.000000 5.000000 5.000000 26.280001 5.000000 60.000000 5.000000 5.000000 5.000000 5.000000 5.000000 120.000000 120.000000 120.000000 5.000000 60.000000 5.000000 53.639999 5.000000 65.520003 20.000000 39.959999 20.000000 26.280001 20.000000 92.880003 20.000000 65.520003 120.000000 53.639999 120.000000 39.959999 120.000000 65.520003 5.000000 27.360000 5.000000
5.000000 5.000000 5.000000 26.280001 5.000000 60.000000 5.000000 5.000000 5.000000 5.000000 5.000000 120.000000 120.000000 120.000000 5.000000 60.000000 5.000000 53.639999 5.000000 65.520003 20.000000 39.959999 20.000000 26.280001 20.000000 92.880003 20.000000 65.520003 120.000000 53.639999 120.000000 39.959999 120.000000 65.520003 5.000000 27.360000 5.000000
5.000000 5.000000 5.000000 26.280001 5.000000 60.000000 5.000000 5.000000 5.000000 5.000000 5.000000 120.000000 120.000000 120.000000 5.000000 60.000000 5.000000 53.639999 5.000000 65.520003 20.000000 39.959999 20.000000 26.280001 20.000000 92.880003 20.000000 65.520003 120.000000 53.639999 120.000000 39.959999 120.000000 65.520003 5.000000 27.360000 5.000000
5.000000 5.000000 5.000000 26.280001 5.000000 60.000000 5.000000 5.000000 5.000000 5.000000 5.000000 120.000000 120.000000 120.000000 5.000000 60.000000 5.000000 53.639999 5.000000 65.520003 20.000000 39.959999 20.000000 26.280001 20.000000 92.880003 20.000000 65.520003 120.000000 53.639999 120.000000 39.959999 120.000000 65.520003 5.000000 27.360000 5.000000
5.000000 5.000000 5.000000 26.280001 5.000000 60.000000 5.000000 5.000000 5.000000 5.000000 5.000000 120.000000 120.000000 120.000000 5.000000 60.000000 5.000000 53.639999 5.000000 65.520003 20.000000 39.959999 20.000000 26.280001 20.000000 92.880003 20.000000 65.520003 120.000000 53.639999 120.000000 39.959999 120.000000 65.520003 5.000000 27.360000 5.000000
5.000000 5.000000 5.000000 26.280001 5.000000 60.000000 5.000000 5.000000 5.000000 5.000000 5.000000 120.000000 120.000000 120.000000 5.000000 60.000000 5.000000 53.639999 5.000000 65.520003 20.000000 39.959999 20.000000 26.280001 20.000000 92.880003 20.000000 65.520003 120.000000 53.639999 120.000000 39.959999 120.000000 65.520003 5.000000 27.360000 5.000000
5.000000 5.000000 5.000000 26.280001 5.000000 60.000000 5.000000 5.000000 5.000000 5.000000 5.000000 120.000000 120.000000 120.000000 5.000000 60.000000 5.000000 53.639999 5.000000 65.520003 20.000000 39.959999 20.000000 26.280001 20.000000 92.880003 20.000000 65.520003 120.000000 53.639999 120.000000 39.959999 120.000000 65.520003 5.000000 27.360000 5.000000
5.000000 5.000000 5.000000 26.280001 5.000000 60.000000 5.000000 5.000000 5.000000 5.000000 5.000000 120.000000 120.000000 120.000000 5.000000 60.000000 5.000000 53.639999 5.000000 65.520003 20.000000 39.959999 20.000000 26.280001 20.000000 92.880003 20.000000 65.520003 120.000000 53.639999 120.000000 39.959999 120.000000 65.520003 5.000000 27.360000 5.000000
5.000000 5.000000 5.000000 26.280001 5.000000 60.000000 5.000000 5.000000 5.000000 5.000000 5.000000 120.000000 120.000000 120.000000 5.000000 60.000000 5.000000 53.639999 5.000000 65.520003 20.000000 39.959999 20.000000 26.280001 20.000000 92.880003 20.000000 65.520003 120.000000 53.639999 120.000000 39.959999 120.000000 65.520003 5.000000 27.360000 5.000000
5.000000 5.000000 5.000000 26.280001 5.000000 60.000000 5.000000 5.000000 5.000000 5.000000 5.000000 120.000000 120.000000 120.000000 5.000000 60.000000 5.000000 53.639999 5.000000 65.520003 20.000000 39.959999 20.000000 26.280001 20.000000 92.880003 20.000000 65.520003 120.000000 53.639999 120.000000 39.959999 120.000000 65.520003 5.000000 27.360000 5.000000
5.000000 5.000000 5.000000 26.280001 5.000000 60.000000 5.000000 5.000000 5.000000 5.000000 5.000000 120.000000 120.000000 120.000000 5.000000 60.000000 5.000000 53.639999 5.000000 65.520003 20.000000 39.959999 20.000000 26.280001 20.000000 92.880003 20.000000 65.520003 120.000000 53.639999 120.000000 39.959999 120.000000 65.520003 5.000000 27.360000 5.000000
5.000000 5.000000 5.000000 26.280001 5.000000 60.000000 5.000000 5.000000 5.000000 5.000000 5.000000 120.000000 120.000000 120.000000 5.000000 60.000000 5.000000 53.639999 5.000000 65.520003 20.000000 39.959999 20.000000 26.280001 20.000000 92.880003 20.000000 65.520003 120.000000 53.639999 120.000000 39.959999 120.000000 65.520003 5.000000 27.360000 5.000000
5.000000 5.000000 5.000000 26.280001 5.000000 60.000000 5.000000 5.000000 5.000000 5.000000 5.000000 120.000000 120.000000 120.000000 5.000000 60.000000 5.000000 53.639999 5.000000 65.520003 20.000000 39.959999 20.000000 26.280001 20.000000 92.880003 20.000000 65.520003 120.000000 53.639999 120.000000 39.959999 120.000000 65.520003 5.000000 27.360000 5.000000
5.000000 5.000000 5.000000 26.280001 5.000000 60.000000 5.000000 5.000000 5.000000 5.000000 5.000000 120.000000 120.000000 120.000000 5.000000 60.000000 5.000000 53.639999 5.000000 65.520003 20.000000 39.959999 20.000000 26.280001 20.000000 92.880003 20.000000 65.520003 120.000000 53.639999 120.000000 39.959999 120.000000 65.520003 5.000000 27.360000 5.000000
5.000000 5.000000 5.000000 26.280001 5.000000 60.000000 5.000000 5.000000 5.000000 5.000000 5.000000 120.000000 120.000000 120.000000 5.000000 60.000000 5.000000 53.639999 5.000000 65.520003 20.000000 39.959999 20.000000 26.280001 20.000000 92.880003 20.000000 65.520003 120.000000 53.639999 120.000000 39.959999 120.000000 65.520003 5.000000 27.360000 5.000000
5.000000 5.000000 5.000000 26.280001 5.000000 60.000000 5.000000 5.000000 5.000000 5.000000 5.000000 120.000000 120.000000 120.000000 5.000000 60.000000 5.000000 53.639999 5.000000 65.520003 20.000000 39.959999 20.000000 26.280001 20.000000 92.880003 20.000000 65.520003 120.000000 53.639999 120.000000 39.959999 120.000000 65.520003 5.000000 27.360000 5.000000
5.000000 5.000000 5.000000 26.280001 5.000000 60.000000 5.000000 5.000000 5.000000 5.000000 5.000000 120.000000 120.000000 120.000000 5.000000 60.000000 5.000000 53.639999 5.000000 65.520003 20.000000 39.959999 20.000000 26.280001 20.000000 92.880003 20.000000 65.520003 120.000000 53.639999 120.000000 39.959999 120.000000 65.520003 5.000000 27.360000 5.000000
5.000000 5.000000 5.000000 26.280001 5.000000 60.000000 5.000000 5.000000 5.000000 5.000000 5.000000 120.000000 120.000000 120.000000 5.000000 60.000000 5.000000 53.639999 5.000000 65.520003 20.000000 39.959999 20.000000 26.280001 20.000000 92.880003 20.000000 65.520003 120.000000 53.639999 120.000000 39.959999 120.000000 65.520003 5.000000 27.360000 5.000000
5.000000 5.000000 5.000000 26.280001 5.000000 60.000000 5.000000 5.000000 5.000000 5.000000 5.000000 120.000000 120.000000 120.000000 5.000000 60.000000 5.000000 53.639999 5.000000 65.520003 20.000000 39.959999 20.000000 26.280001 20.000000 92.880003 20.000000 65.520003 120.000000 53.639999 120.000000 39.959999 120.000000 65.520003 5.000000 27.360000 5.000000
5.000000 5.000000 5.000000 26.280001 5.000000 60.000000 5.000000 5.000000 5.000000 5.000000 5.000000 120.000000 120.000000 120.000000 5.000000 60.000000 5.000000 53.639999 5.000000 65.520003 20.000000 39.959999 20.000000 26.280001 20.000000 92.880003 20.000000 65.520003 120.000000 53.639999 120.000000 39.959999 120.000000 65.520003 5.000000 27.360000 5.000000
5.000000 5.000000 5.000000 26.280001 5.000000 60.000000 5.000000 5.000000 5.000000 5.000000 5.000000 120.000000 120.000000 120.000000 5.000000 60.000000 5.000000 53.639999 5.000000 65.520003 20.000000 39.959999 20.000000 26.280001 20.000000 92.880003 20.000000 65.520003 120.000000 53.639999 120.000000 39.959999 120.000000 65.520003 5.000000 27.360000 5.000000
5.000000 5.000000 5.000000 26.280001 5.000000 60.000000 5.000000 5.000000 5.000000 5.000000 5.000000 120.000000 120.000000 120.000000 5.000000 60.000000 5.000000 53.639999 5.000000 65.520003 20.000000 39.959999 20.000000 26.280001 20.000000 92.880003 20.000000 65.520003 120.000000 53.639999 120.000000 39.959999 120.000000 65.520003 5.000000 27.360000 5.000000
5.000000 5.000000 5.000000 26.280001 5.000000 60.000000 5.000000 5.000000 5.000000 5.000000 5.000000 120.000000 120.000000 120.000000 5.000000 60.000000 5.000000 53.639999 5.000000 65.520003 20.000000 39.959999 20.000000 26.280001 20.000000 92.880003 20.000000 65.520003 120.000000 53.639999 120.000000 39.959999 120.000000 65.520003 5.000000 27.360000 5.000000
5.000000 5.000000 5.000000 26.280001 5.000000 60.000000 5.000000 5.000000 5.000000 5.000000 5.000000 120.000000 120.000000 120.000000 5.000000 60.000000 5.000000 53.639999 5.000000 65.520003 20.000000 39.959999 20.000000 26.280001 20.000000 92.880003 20.000000 65.520003 120.000000 53.639999 120.000000 39.959999 120.000000 65.520003 5.000000 27.360000 5.000000
5.000000 5.000000 5.000000 26.280001 5.000000 60.000000 5.000000 5.000000 5.000000 5.000000 5.000000 120.000000 120.000000 120.000000 5.000000 60.000000 5.000000 53.639999 5.000000 65.520003 20.000000 39.959999 20.000000 26.280001 20.000000 92.880003 20.000000 65.520003 120.000000 53.639999 120.000000 39.959999 120.000000 65.520003 5.000000 27.360000 5.000000
5.000000 5.000000 5.000000 26.280001 5.000000 60.000000 5.000000 5.000000 5.000000 5.000000 5.000000 120.000000 120.000000 120.000000 5.000000 60.000000 5.000000 53.639999 5.000000 65.520003 20.000000 39.959999 20.000000 26.280001 20.000000 92.880003 20.000000 65.520003 120.000000 53.639999 120.000000 39.959999 120.000000 65.520003 5.000000 27.360000 5.000000
5.000000 5.000000 5.000000 26.280001 5.000000 60.000000 5.000000 5.000000 5.000000 5.000000 5.000000 120.000000 120.000000 120.000000 5.000000 60.000000 5.000000 53.639999 5.000000 65.520003 20.000000 39.959999 20.000000 26.280001 20.000000 92.880003 20.000000 65.520003 120.000000 53.639999 120.000000 39.959999 120.000000 65.520003 5.000000 27.360000 5.000000
5.000000 5.000000 5.000000 26.280001 5.000000 60.000000 5.000000 5.000000 5.000000 5.000000 5.000000 120.000000 120.000000 120.000000 5.000000 60.000000 5.000000 53.639999 5.000000 65.520003 20.000000 39.959999 20.000000 26.280001 20.000000 92.880003 20.000000 65.520003 120.000000 53.639999 120.000000 39.959999 120.000000 65.520003 5.000000 27.360000 5.000000
5.000000 5.000000 5.000000 26.280001 5.000000 60.000000 5.000000 5.000000 5.000000 5.000000 5.000000 120.000000 120.000000 120.000000 5.000000 60.000000 5.000000 53.639999 5.000000 65.520003 20.000000 39.959999 20.000000 26.280001 20.000000 92.880003 20.000000 65.520003 120.000000 53.639999 120.000000 39.959999 120.000000 65.520003 5.000000 27.360000 5.000000
5.000000 5.000000 5.000000 26.280001 5.000000 60.000000 5.000000 5.000000 5.000000 5.000000 5.000000 120.000000 120.000000 120.000000 5.000000 60.000000 5.000000 53.639999 5.000000 65.520003 20.000000 39.959999 20.000000 26.280001 20.000000 92.880003 20.000000 65.520003 120.000000 53.639999 120.000000 39.959999 120.000000 65.520003 5.000000 27.360000 5.000000
5.000000 5.000000 5.000000 26.280001 5.000000 60.000000 5.000000 5.000000 5.000000 5.000000 5.000000 120.000000 120.000000 120.000000 5.000000 60.000000 5.000000 53.639999 5.000000 65.520003 20.000000 39.959999 20.000000 26.280001 20.000000 92.880003 20.000000 65.520003 120.000000 53.639999 120.000000 39.959999 120.000000 65.520003 5.000000 27.360000 5.000000
5.000000 5.000000 5.000000 26.280001 5.000000 60.000000 5.000000 5.000000 5.000000 5.000000 5.000000 120.000000 120.000000 120.000000 5.000000 60.000000 5.000000 53.639999 5.000000 65.520003 20.000000 39.959999 20.000000 26.280001 20.000000 92.880003 20.000000 65.520003 120.000000 53.639999 120.000000 39.959999 120.000000 65.520003 5.000000 27.360000 5.000000
5.000000 5.000000 5.000000 26.280001 5.000000 60.000000 5.000000 5.000000 5.000000 5.000000 5.000000 120.000000 120.000000 120.000000 5.000000 60.000000 5.000000 53.639999 5.000000 65.520003 20.000000 39.959999 20.000000 26.280001 20.000000 92.880003 20.000000 65.520003 120.000000 53.639999 120.000000 39.959999 120.000000 65.520003 5.000000 27.360000 5.000000
5.000000 5.000000 5.000000 26.280001 5.000000 60.000000 5.000000 5.000000 5.000000 5.000000 5.000000 120.000000 120.000000 120.000000 5.000000 60.000000 5.000000 53.639999 5.000000 65.520003 20.000000 39.959999 20.000000 26.280001 20.000000 92.880003 20.000000 65.520003 120.000000 53.639999 120.000000 39.959999 120.000000 65.520003 5.000000 27.360000 5.000000
5.000000 5.000000 5.000000 26.280001 5.000000 60.000000 5.000000 5.000000 5.000000 5.000000 5.000000 120.000000 120.000000 120.000000 5.000000 60.000000 5.000000 53.639999 5.000000 65.520003 20.000000 39.959999 20.000000 26.280001 20.000000 92.880003 20.000000 65.520003 120.000000 53.639999 120.000000 39.959999 120.000000 65.520003 5.000000 27.360000 5.000000
5.000000 5.000000 5.000000 26.280001 5.000000 60.000000 5.000000 5.000000 5.000000 5.000000 5.000000 120.000000 120.000000 120.000000 5.000000 60.000000 5.000000 53.639999 5.000000 65.520003 20.000000 39.959999 20.000000 26.280001 20.000000 92.880003 20.000000 65.520003 120.000000 53.639999 120.000000 39.959999 120.000000 65.520003 5.000000 27.360000 5.000000
5.000000 5.000000 5.000000 26.280001 5.000000 60.000000 5.000000 5.000000 5.000000 5.000000 5.000000 120.000000 120.000000 120.000000 5.000000 60.000000 5.000000 53.639999 5.000000 65.520003 20.000000 39.959999 20.000000 26.280001 20.000000 92.880003 20.000000 65.520003 120.000000 53.639999 120.000000 39.959999 120.000000 65.520003 5.000000 27.360000 5.000000
5.000000 5.000000 5.000000 26.280001 5.000000 60.000000 5.000000 5.000000 5.000000 5.000000 5.000000 120.000000 120.000000 120.000000 5.000000 60.000000 5.000000 53.639999 5.000000 65.520003 20.000000 39.959999 20.000000 26.280001 20.000000 92.880003 20.000000 65.520003 120.000000 53.639999 120.000000 39.959999 120.000000 65.520003 5.000000 27.360000 5.000000
5.000000 5.000000 5.000000 26.280001 5.000000 60.000000 5.000000 5.000000 5.000000 5.000000 5.000000 120.000000 120.000000 120.000000 5.000000 60.000000 5.000000 53.639999 5.000000 65.520003 20.000000 39.959999 20.000000 26.280001 20.000000 92.880003 20.000000 65.520003 120.000000 53.639999 120.000000 39.959999 120.000000 65.520003 5.000000 27.360000 5.000000
5.000000 5.000000 5.000000 26.280001 5.000000 60.000000 5.000000 5.000000 5.000000 5.000000 5.000000 120.000000 120.000000 120.000000 5.000000 60.000000 5.000000 53.639999 5.000000 65.520003 20.000000 39.959999 20.000000 26.280001 20.000000 92.880003 20.000000 65.520003 120.000000 53.639999 120.000000 39.959999 120.000000 65.520003 5.000000 27.360000 5.000000
5.000000 5.000000 5.000000 26.280001 5.000000 60.000000 5.000000 5.000000 5.000000 5.000000 5.000000 120.000000 120.000000 120.000000 5.000000 60.000000 5.000000 53.639999 5.000000 65.520003 20.000000 39.959999 20.000000 26.280001 20.000000 92.880003 20.000000 65.520003 120.000000 53.639999 120.000000 39.959999 120.000000 65.520003 5.000000 27.360000 5.000000
5.000000 5.000000 5.000000 26.280001 5.000000 60.000000 5.000000 5.000000 5.000000 5.000000 5.000000 120.000000 120.000000 120.000000 5.000000 60.000000 5.000000 53.639999 5.000000 65.520003 20.000000 39.959999 20.000000 26.280001 20.000000 92.880003 20.000000 65.520003 120.000000 53.639999 120.000000 39.959999 120.000000 65.520003 5.000000 27.360000 5.000000
5.000000 5.000000 5.000000 26.280001 5.000000 60.000000 5.000000 5.000000 5.000000 5.000000 5.000000 120.000000 120.000000 120.000000 5.000000 60.000000 5.000000 53.639999 5.000000 65.520003 20.000000 39.959999 20.000000 26.280001 20.000000 92.880003 20.000000 65.520003 120.000000 53.639999 120.000000 39.959999 120.000000 65.520003 5.000000 27.360000 5.000000
5.000000 5.000000 5.000000 26.280001 5.000000 60.000000 5.000000 5.000000 5.000000 5.000000 5.000000 120.000000 120.000000 120.000000 5.000000 60.000000 5.000000 53.639999 5.000000 65.520003 20.000000 39.959999 20.000000 26.280001 20.000000 92.880003 20.000000 65.520003 120.000000 53.639999 120.000000 39.959999 120.000000 65.520003 5.000000 27.360000 5.000000
5.000000 5.000000 5.000000 26.280001 5.000000 60.000000 5.000000 5.000000 5.000000 5.000000 5.000000 120.000000 120.000000 120.000000 5.000000 60.000000 5.000000 53.639999 5.000000 65.520003 20.000000 39.959999 20.000000 26.280001 20.000000 92.880003 20.000000 65.520003 120.000000 53.639999 120.000000 39.959999 120.000000 65.520003 5.000000 27.360000 5.000000
5.000000 5.000000 5.000000 26.280001 5.000000 60.000000 5.000000 5.000000 5.000000 5.000000 5.000000 120.000000 120.000000 120.000000 5.000000 60.000000 5.000000 53.639999 5.000000 65.520003 20.000000 39.959999 20.000000 26.280001 20.000000 92.880003 20.000000 65.520003 120.000000 53.639999 120.000000 39.959999 120.000000 65.520003 5.000000 27.360000 5.000000
5.000000 5.000000 5.000000 26.280001 5.000000 60.000000 5.000000 5.000000 5.000000 5.000000 5.000000 120.000000 120.000000 120.000000 5.000000 60.000000 5.000000 53.639999 5.000000 65.520003 20.000000 39.959999 20.000000 26.280001 20.000000 92.880003 20.000000 65.520003 120.000000 53.639999 120.000000 39.959999 120.000000 65.520003 5.000000 27.360000 5.000000
5.000000 5.000000 5.000000 26.280001 5.000000 60.000000 5.000000 5.000000 5.000000 5.000000 5.000000 120.000000 120.000000 120.000000 5.000000 60.000000 5.000000 53.639999 5.000000 65.520003 20.000000 39.959999 20.000000 26.280001 20.000000 92.880003 20.000000 65.520003 120.000000 53.639999 120.000000 39.959999 120.000000 65.520003 5.000000 27.360000 5.000000
5.000000 5.000000 5.000000 26.280001 5.000000 60.000000 5.000000 5.000000 5.000000 5.000000 5.000000 120.000000 120.000000 120.000000 5.000000 60.000000 5.000000 53.639999 5.000000 65.520003 20.000000 39.959999 20.000000 26.280001 20.000000 92.880003 20.000000 65.520003 120.000000 53.639999 120.000000 39.959999 120.000000 65.520003 5.000000 27.360000 5.000000
5.000000 5.000000 5.000000 26.280001 5.000000 60.000000 5.000000 5.000000 5.000000 5.000000 5.000000 120.000000 120.000000 120.000000 5.000000 60.000000 5.000000 53.639999 5.000000 65.520003 20.000000 39.959999 20.000000 26.280001 20.000000 92.880003 20.000000 65.520003 120.000000 53.639999 120.000000 39.959999 120.000000 65.520003 5.000000 27.360000 5.000000
5.000000 5.000000 5.000000 26.280001 5.000000 60.000000 5.000000 5.000000 5.000000 5.000000 5.000000 120.000000 120.000000 120.000000 5.000000 60.000000 5.000000 53.639999 5.000000 65.520003 20.000000 39.959999 20.000000 26.280001 20.000000 92.880003 20.000000 65.520003 120.000000 53.639999 120.000000 39.959999 120.000000 65.520003 5.000000 27.360000 5.000000
5.000000 5.000000 5.000000 26.280001 5.000000 60.000000 5.000000 5.000000 5.000000 5.000000 5.000000 120.000000 120.000000 120.000000 5.000000 60.000000 5.000000 53.639999 5.000000 65.520003 20.000000 39.959999 20.000000 26.280001 20.000000 92.880003 20.000000 65.520003 120.000000 53.639999 120.000000 39.959999 120.000000 65.520003 5.000000 27.360000 5.000000
5.000000 5.000000 5.000000 26.280001 5.000000 60.000000 5.000000 5.000000 5.000000 5.000000 5.000000 120.000000 120.000000 120.000000 5.000000 60.000000 5.000000 53.639999 5.000000 65.520003 20.000000 39.959999 20.000000 26.280001 20.000000 92.880003 20.000000 65.520003 120.000000 53.639999 120.000000 39.959999 120.000000 65.520003 5.000000 27.360000 5.000000
5.000000 5.000000 5.000000 26.280001 5.000000 60.000000 5.000000 5.000000 5.000000 5.000000 5.000000 120.000000 120.000000 120.000000 5.000000 60.000000 5.000000 53.639999 5.000000 65.520003 20.000000 39.959999 20.000000 26.280001 20.000000 92.880003 20.000000 65.520003 120.000000 53.639999 120.000000 39.959999 120.000000 65.520003 5.000000 27.360000 5.000000
5.000000 5.000000 5.000000 26.280001 5.000000 60.000000 5.000000 5.000000 5.000000 5.000000 5.000000 120.000000 120.000000 120.000000 5.000000 60.000000 5.000000 53.639999 5.000000 65.520003 20.000000 39.959999 20.000000 26.280001 20.000000 92.880003 20.000000 65.520003 120.000000 53.639999 120.000000 39.959999 120.000000 65.520003 5.000000 27.360000 5.000000
5.000000 5.000000 5.000000 26.280001 5.000000 60.000000 5.000000 5.000000 5.000000 5.000000 5.000000 120.000000 120.000000 120.000000 5.000000 60.000000 5.000000 53.639999 5.000000 65.520003 20.000000 39.959999 20.000000 26.280001 20.000000 92.880003 20.000000 65.520003 120.000000 53.639999 120.000000 39.959999 120.000000 65.520003 5.000000 27.360000 5.000000
5.000000 5.000000 5.000000 26.280001 5.000000 60.000000 5.000000 5.000000 5.000000 5.000000 5.000000 120.000000 120.000000 120.000000 5.000000 60.000000 5.000000 53.639999 5.000000 65.520003 20.000000 39.959999 20.000000 26.280001 20.000000 92.880003 20.000000 65.520003 120.000000 53.639999 120.000000 39.959999 120.000000 65.520003 5.000000 27.360000 5.000000
5.000000 5.000000 5.000000 26.280001 5.000000 60.000000 5.000000 5.000000 5.000000 5.000000 5.000000 120.000000 120.000000 120.000000 5.000000 60.000000 5.000000 53.639999 5.000000 65.520003 20.000000 39.959999 20.000000 26.280001 20.000000 92.880003 20.000000 65.520003 120.000000 53.639999 120.000000 39.959999 120.000000 65.520003 5.000000 27.360000 5.000000
5.000000 5.000000 5.000000 26.280001 5.000000 60.000000 5.000000 5.000000 5.000000 5.000000 5.000000 120.000000 120.000000 120.000000 5.000000 60.000000 5.000000 53.639999 5.000000 65.520003 20.000000 39.959999 20.000000 26.280001 20.000000 92.880003 20.000000 65.520003 120.000000 53.639999 120.000000 39.959999 120.000000 65.520003 5.000000 27.360000 5.000000
5.000000 5.000000 5.000000 26.280001 5.000000 60.000000 5.000000 5.000000 5.000000 5.000000 5.000000 120.000000 120.000000 120.000000 5.000000 60.000000 5.000000 53.639999 5.000000 65.520003 20.000000 39.959999 20.000000 26.280001 20.000000 92.880003 20.000000 65.520003 120.000000 53.639999 120.000000 39.959999 120.000000 65.520003 5.000000 27.360000 5.000000
5.000000 5.000000 5.000000 26.280001 5.000000 60.000000 5.000000 5.000000 5.000000 5.000000 5.000000 120.000000 120.000000 120.000000 5.000000 60.000000 5.000000 53.639999 5.000000 65.520003 20.000000 39.959999 20.000000 26.280001 20.000000 92.880003 20.000000 65.520003 120.000000 53.639999 120.000000 39.959999 120.000000 65.520003 5.000000 27.360000 5.000000
5.000000 5.000000 5.000000 26.280001 5.000000 60.000000 5.000000 5.000000 5.000000 5.000000 5.000000 120.000000 120.000000 120.000000 5.000000 60.000000 5.000000 53.639999 5.000000 65.520003 20.000000 39.959999 20.000000 26.280001 20.000000 92.880003 20.000000 65.520003 120.000000 53.639999 120.000000 39.959999 120.000000 65.520003 5.000000 27.360000 5.000000
5.000000 5.000000 5.000000 26.280001 5.000000 60.000000 5.000000 5.000000 5.000000 5.000000 5.000000 120.000000 120.000000 120.000000 5.000000 60.000000 5.000000 53.639999 5.000000 65.520003 20.000000 39.959999 20.000000 26.280001 20.000000 92.880003 20.000000 65.520003 120.000000 53.639999 120.000000 39.959999 120.000000 65.520003 5.000000 27.360000 5.000000
5.000000 5.000000 5.000000 26.280001 5.000000 60.000000 5.000000 5.000000 5.000000 5.000000 5.000000 120.000000 120.000000 120.000000 5.000000 60.000000 5.000000 53.639999 5.000000 65.520003 20.000000 39.959999 20.000000 26.280001 20.000000 92.880003 20.000000 65.520003 120.000000 53.639999 120.000000 39.959999 120.000000 65.520003 5.000000 27.360000 5.000000
5.000000 5.000000 5.000000 26.280001 5.000000 60.000000 5.000000 5.000000 5.000000 5.000000 5.000000 120.000000 120.000000 120.000000 5.000000 60.000000 5.000000 53.639999 5.000000 65.520003 20.000000 39.959999 20.000000 26.280001 20.000000 92.880003 20.000000 65.520003 120.000000 53.639999 120.000000 39.959999 120.000000 65.520003 5.000000 27.360000 5.000000
5.000000 5.000000 5.000000 26.280001 5.000000 60.000000 5.000000 5.000000 5.000000 5.000000 5.000000 120.000000 120.000000 120.000000 5.000000 60.000000 5.000000 53.639999 5.000000 65.520003 20.000000 39.959999 20.000000 26.280001 20.000000 92.880003 20.000000 65.520003 120.000000 53.639999 120.000000 39.959999 120.000000 65.520003 5.000000 27.360000 5.000000
5.000000 5.000000 5.000000 26.280001 5.000000 60.000000 5.000000 5.000000 5.000000 5.000000 5.000000 120.000000 120.000000 120.000000 5.000000 60.000000 5.000000 53.639999 5.000000 65.520003 20.000000 39.959999 20.000000 26.280001 20.000000 92.880003 20.000000 65.520003 120.000000 53.639999 120.000000 39.959999 120.000000 65.520003 5.000000 27.360000 5.000000
5.000000 5.000000 5.000000 26.280001 5.000000 60.000000 5.000000 5.000000 5.000000 5.000000 5.000000 120.000000 120.000000 120.000000 5.000000 60.000000 5.000000 53.639999 5.000000 65.520003 20.000000 39.959999 20.000000 26.280001 20.000000 92.880003 20.000000 65.520003 120.000000 53.639999 120.000000 39.959999 120.000000 65.520003 5.000000 27.360000 5.000000
5.000000 5.000000 5.000000 26.280001 5.000000 60.000000 5.000000 5.000000 5.000000 5.000000 5.000000 120.000000 120.000000 120.000000 5.000000 60.000000 5.000000 53.639999 5.000000 65.520003 20.000000 39.959999 20.000000 26.280001 20.000000 92.880003 20.000000 65.520003 120.000000 53.639999 120.000000 39.959999 120.000000 65.520003 5.000000 27.360000 5.000000
5.000000 5.000000 5.000000 26.280001 5.000000 60.000000 5.000000 5.000000 5.000000 5.000000 5.000000 120.000000 120.000000 120.000000 5.000000 60.000000 5.000000 53.639999 5.000000 65.520003 20.000000 39.959999 20.000000 26.280001 20.000000 92.880003 20.000000 65.520003 120.000000 53.639999 120.000000 39.959999 120.000000 65.520003 5.000000 27.360000 5.000000
5.000000 5.000000 5.000000 26.280001 5.000000 60.000000 5.000000 5.000000 5.000000 5.000000 5.000000 120.000000 120.000000 120.000000 5.000000 60.000000 5.000000 53.639999 5.000000 65.520003 20.000000 39.959999 20.000000 26.280001 20.000000 92.880003 20.000000 65.520003 120.000000 53.639999 120.000000 39.959999 120.000000 65.520003 5.000000 27.360000 5.000000
5.000000 5.000000 5.000000 26.280001 5.000000 60.000000 5.000000 5.000000 5.000000 5.000000 5.000000 120.000000 120.000000 120.000000 5.000000 60.000000 5.000000 53.639999 5.000000 65.520003 20.000000 39.959999 20.000000 26.280001 20.000000 92.880003 20.000000 65.520003 120.000000 53.639999 120.000000 39.959999 120.000000 65.520003 5.000000 27.360000 5.000000
5.000000 5.000000 5.000000 26.293224 5.000000 60.000000 5.000000 5.000000 5.000000 5.000000 5.000000 120.000000 120.000000 120.000000 5.000000 60.000000 5.000000 53.639999 5.000000 65.520003 20.000000 39.959999 20.000000 26.280001 20.000000 92.880003 20.000000 65.520003 120.000000 53.732055 120.000000 39.959999 120.000000 65.520003 5.000000 27.448867 5.000000
5.000000 5.000000 5.000000 26.538288 5.000000 60.000000 5.000000 5.000000 5.000000 5.000000 5.000000 120.000000 120.000000 120.000000 5.000000 60.000000 5.000000 53.639999 5.000000 65.520003 20.000000 39.959999 20.000000 26.280001 20.000000 92.880003 20.000000 65.520003 120.000000 54.349798 120.000000 39.959999 120.000000 65.520003 5.000000 27.821987 5.000000
5.000000 5.000000 5.000000 27.343890 5.000000 60.000000 5.000000 5.000000 5.000000 5.000000 5.000000 120.000000 120.000000 120.000000 5.000000 60.000000 5.000000 53.639999 5.000000 65.520003 20.000000 39.959999 20.000000 26.280001 20.000000 92.880003 20.000000 65.520003 120.000000 56.054883 120.000000 39.959999 120.000000 65.520003 5.000000 28.711436 5.000000
5.000000 5.000000 5.000000 27.424064 5.000000 60.000000 5.000000 5.000000 5.000000 5.000000 5.000000 120.000000 120.000000 120.000000 5.000000 60.000000 5.000000 53.639999 5.000000 65.520003 20.000000 39.959999 20.000000 26.280001 20.000000 92.880003 20.000000 65.520003 120.000000 56.276686 120.000000 39.959999 120.000000 65.520003 5.000000 28.852623 5.000000
5.000000 5.000000 5.000000 27.974530 5.000000 60.000000 5.000000 5.000000 5.000000 5.000000 5.000000 120.000000 120.000000 120.000000 5.000000 60.000000 5.000000 53.639999 5.000000 65.520003 20.000000 39.959999 20.000000 26.280001 20.000000 92.880003 20.000000 65.520003 120.000000 57.465200 120.000000 39.959999 120.000000 65.520003 5.000000 29.490671 5.000000
5.000000 5.000000 5.000000 29.386264 5.000000 60.000000 5.000000 5.000000 5.000000 5.000000 5.000000 120.000000 120.000000 120.000000 5.000000 60.000000 5.000000 53.639999 5.000000 65.520003 20.000000 39.959999 20.000000 26.280001 20.000000 92.880003 20.000000 65.520003 120.000000 60.367098 120.000000 39.959999 120.000000 65.520003 5.000000 30.980834 5.000000
5.000000 5.000000 5.000000 29.411826 5.000000 60.000000 5.000000 5.000000 5.000000 5.000000 5.000000 120.000000 120.000000 120.000000 5.000000 60.000000 5.000000 53.639999 5.000000 65.520003 20.000000 39.959999 20.000000 26.280001 20.000000 92.880003 20.000000 65.520003 120.000000 60.419643 120.000000 39.959999 120.000000 65.520003 5.000000 31.007817 5.000000
5.000000 5.000000 5.000000 28.074871 5.000000 60.000000 5.000000 5.000000 5.000000 5.000000 5.000000 120.000000 120.000000 120.000000 5.000000 60.000000 5.000000 53.639999 5.000000 65.520003 20.000000 39.959999 20.000000 26.280001 20.000000 92.880003 20.000000 65.520003 120.000000 57.671458 120.000000 39.959999 120.000000 65.520003 5.000000 29.596586 5.000000
5.000000 5.000000 5.000000 28.882932 5.000000 60.000000 5.000000 5.000000 5.000000 5.000000 5.000000 120.000000 120.000000 120.000000 5.000000 60.000000 5.000000 53.639999 5.000000 65.520003 20.000000 39.959999 20.000000 26.280001 20.000000 92.880003 20.000000 65.520003 120.000000 59.332471 120.000000 39.959999 120.000000 65.520003 5.000000 30.449539 5.000000
5.000000 5.000000 5.000000 28.436277 5.000000 60.000000 5.000000 5.000000 5.000000 5.000000 5.000000 120.000000 120.000000 120.000000 5.000000 60.000000 5.000000 53.639999 5.000000 65.520003 20.000000 39.959999 20.000000 26.280001 20.000000 92.880003 20.000000 65.520003 120.000000 58.357348 120.000000 39.959999 120.000000 65.520003 5.000000 29.921071 5.000000
5.000000 5.000000 5.000000 29.165466 5.000000 60.000000 5.000000 5.000000 5.000000 5.000000 5.000000 120.000000 120.000000 120.000000 5.000000 60.000000 5.000000 53.639999 5.000000 65.520003 20.000000 39.959999 20.000000 26.280001 20.000000 92.880003 20.000000 65.520003 120.000000 59.913236 120.000000 39.959999 120.000000 65.520003 5.000000 30.747770 5.000000
5.000000 5.000000 5.000000 28.819448 5.000000 60.000000 5.000000 5.000000 5.000000 5.000000 5.000000 120.000000 120.000000 120.000000 5.000000 60.000000 5.000000 53.639999 5.000000 65.520003 20.000000 39.959999 20.000000 26.280001 20.000000 92.880003 20.000000 65.520003 120.000000 59.201976 120.000000 39.959999 120.000000 65.520003 5.000000 30.382528 5.000000
5.000000 5.000000 5.000000 30.403069 5.000000 60.000000 5.000000 5.000000 5.000000 5.000000 5.000000 120.000000 120.000000 120.000000 5.000000 60.000000 5.000000 53.639999 5.000000 65.520003 20.000000 39.959999 20.000000 26.280001 20.000000 92.880003 20.000000 65.520003 120.000000 62.457197 120.000000 39.959999 120.000000 65.520003 5.000000 32.054128 5.000000
5.000000 5.000000 5.000000 29.804462 5.000000 60.000000 5.000000 5.000000 5.000000 5.000000 5.000000 120.000000 120.000000 120.000000 5.000000 60.000000 5.000000 53.639999 5.000000 65.520003 20.000000 39.959999 20.000000 26.280001 20.000000 92.880003 20.000000 65.520003 120.000000 61.226728 120.000000 39.959999 120.000000 65.520003 5.000000 31.422266 5.000000
5.000000 5.000000 5.000000 29.080713 5.000000 60.000000 5.000000 5.000000 5.000000 5.000000 5.000000 120.000000 120.000000 120.000000 5.000000 60.000000 5.000000 53.639999 5.000000 65.520003 20.000000 39.959999 20.000000 26.280001 20.000000 92.880003 20.000000 65.520003 120.000000 59.739022 120.000000 39.959999 120.000000 65.520003 5.000000 30.658309 5.000000
5.000000 5.000000 5.000000 28.797446 5.000000 60.000000 5.000000 5.000000 5.000000 5.000000 5.000000 120.000000 120.000000 120.000000 5.000000 60.000000 5.000000 53.639999 5.000000 65.520003 20.000000 39.959999 20.000000 26.280001 20.000000 92.880003 20.000000 65.520003 120.000000 59.156750 120.000000 39.959999 120.000000 65.520003 5.000000 30.359304 5.000000
5.000000 5.000000 5.000000 29.017833 5.000000 60.000000 5.000000 5.000000 5.000000 5.000000 5.000000 120.000000 120.000000 120.000000 5.000000 60.000000 5.000000 53.639999 5.000000 65.520003 20.000000 39.959999 20.000000 26.280001 20.000000 92.880003 20.000000 65.520003 120.000000 59.609769 120.000000 39.959999 120.000000 65.520003 5.000000 30.591935 5.000000
5.000000 5.000000 5.000000 30.016656 5.000000 60.000000 5.000000 5.000000 5.000000 5.000000 5.000000 120.000000 120.000000 120.000000 5.000000 60.000000 5.000000 53.639999 5.000000 65.520003 20.000000 39.959999 20.000000 26.280001 20.000000 92.880003 20.000000 65.520003 120.000000 61.662904 120.000000 39.959999 120.000000 65.520003 5.000000 31.646248 5.000000
5.000000 5.000000 5.000000 29.094661 5.000000 60.000000 5.000000 5.000000 5.000000 5.000000 5.000000 120.000000 120.000000 120.000000 5.000000 60.000000 5.000000 53.639999 5.000000 65.520003 20.000000 39.959999 20.000000 26.280001 20.000000 92.880003 20.000000 65.520003 120.000000 59.767692 120.000000 39.959999 120.000000 65.520003 5.000000 30.673031 5.000000
5.000000 5.000000 5.000000 29.326418 5.000000 60.000000 5.000000 5.000000 5.000000 5.000000 5.000000 120.000000 120.000000 120.000000 5.000000 60.000000 5.000000 53.639999 5.000000 65.520003 20.000000 39.959999 20.000000 26.280001 20.000000 92.880003 20.000000 65.520003 120.000000 60.244081 120.000000 39.959999 120.000000 65.520003 5.000000 30.917663 5.000000
5.000000 5.000000 5.000000 29.182204 5.000000 60.000000 5.000000 5.000000 5.000000 5.000000 5.000000 120.000000 120.000000 120.000000 5.000000 60.000000 5.000000 53.639999 5.000000 65.520003 20.000000 39.959999 20.000000 26.280001 20.000000 92.880003 20.000000 65.520003 120.000000 59.947643 120.000000 39.959999 120.000000 65.520003 5.000000 30.765438 5.000000
5.000000 5.000000 5.000000 29.145585 5.000000 60.000000 5.000000 5.000000 5.000000 5.000000 5.000000 120.000000 120.000000 120.000000 5.000000 60.000000 5.000000 53.639999 5.000000 65.520003 20.000000 39.959999 20.000000 26.280001 20.000000 92.880003 20.000000 65.520003 120.000000 59.872370 120.000000 39.959999 120.000000 65.520003 5.000000 30.726784 5.000000
5.000000 5.000000 5.000000 30.159764 5.000000 60.000000 5.000000 5.000000 5.000000 5.000000 5.000000 120.000000 120.000000 120.000000 5.000000 60.000000 5.000000 53.639999 5.000000 65.520003 20.000000 39.959999 20.000000 26.280001 20.000000 92.880003 20.000000 65.520003 120.000000 61.957071 120.000000 39.959999 120.000000 65.520003 5.000000 31.797307 5.000000
5.000000 5.000000 5.000000 29.417571 5.000000 60.000000 5.000000 5.000000 5.000000 5.000000 5.000000 120.000000 120.000000 120.000000 5.000000 60.000000 5.000000 53.639999 5.000000 65.520003 20.000000 39.959999 20.000000 26.280001 20.000000 92.880003 20.000000 65.520003 120.000000 60.431452 120.000000 39.959999 120.000000 65.520003 5.000000 31.013881 5.000000
5.000000 5.000000 5.000000 28.747007 5.000000 60.000000 5.000000 5.000000 5.000000 5.000000 5.000000 120.000000 120.000000 120.000000 5.000000 60.000000 5.000000 53.639999 5.000000 65.520003 20.000000 39.959999 20.000000 26.280001 20.000000 92.880003 20.000000 65.520003 120.000000 59.053071 120.000000 39.959999 120.000000 65.520003 5.000000 30.306063 5.000000
5.000000 5.000000 5.000000 29.349466 5.000000 60.000000 5.000000 5.000000 5.000000 5.000000 5.000000 120.000000 120.000000 120.000000 5.000000 60.000000 5.000000 53.639999 5.000000 65.520003 20.000000 39.959999 20.000000 26.280001 20.000000 92.880003 20.000000 65.520003 120.000000 60.291458 120.000000 39.959999 120.000000 65.520003 5.000000 30.941992 5.000000
5.000000 5.000000 5.000000 29.415973 5.000000 60.000000 5.000000 5.000000 5.000000 5.000000 5.000000 120.000000 120.000000 120.000000 5.000000 60.000000 5.000000 53.639999 5.000000 65.520003 20.000000 39.959999 20.000000 26.280001 20.000000 92.880003 20.000000 65.520003 120.000000 60.428167 120.000000 39.959999 120.000000 65.520003 5.000000 31.012194 5.000000
5.000000 5.000000 5.000000 29.488747 5.000000 60.000000 5.000000 5.000000 5.000000 5.000000 5.000000 120.000000 120.000000 120.000000 5.000000 60.000000 5.000000 53.639999 5.000000 65.520003 20.000000 39.959999 20.000000 26.280001 20.000000 92.880003 20.000000 65.520003 120.000000 60.577758 120.000000 39.959999 120.000000 65.520003 5.000000 31.089011 5.000000
5.000000 5.000000 5.000000 28.749571 5.000000 60.000000 5.000000 5.000000 5.000000 5.000000 5.000000 120.000000 120.000000 120.000000 5.000000 60.000000 5.000000 53.639999 5.000000 65.520003 20.000000 39.959999 20.000000 26.280001 20.000000 92.880003 20.000000 65.520003 120.000000 59.058340 120.000000 39.959999 120.000000 65.520003 5.000000 30.308769 5.000000
5.000000 5.000000 5.000000 29.168516 5.000000 60.000000 5.000000 5.000000 5.000000 5.000000 5.000000 120.000000 120.000000 120.000000 5.000000 60.000000 5.000000 53.639999 5.000000 65.520003 20.000000 39.959999 20.000000 26.280001 20.000000 92.880003 20.000000 65.520003 120.000000 59.919505 120.000000 39.959999 120.000000 65.520003 5.000000 30.750989 5.000000
5.000000 5.000000 5.000000 29.883066 5.000000 60.000000 5.000000 5.000000 5.000000 5.000000 5.000000 120.000000 120.000000 120.000000 5.000000 60.000000 5.000000 53.639999 5.000000 65.520003 20.000000 39.959999 20.000000 26.280001 20.000000 92.880003 20.000000 65.520003 120.000000 61.388302 120.000000 39.959999 120.000000 65.520003 5.000000 31.505236 5.000000
5.000000 5.000000 5.000000 29.294000 5.000000 60.000000 5.000000 5.000000 5.000000 5.000000 5.000000 120.000000 120.000000 120.000000 5.000000 60.000000 5.000000 53.639999 5.000000 65.520003 20.000000 39.959999 20.000000 26.280001 20.000000 92.880003 20.000000 65.520003 120.000000 60.177445 120.000000 39.959999 120.000000 65.520003 5.000000 30.883445 5.000000
5.000000 5.000000 5.000000 30.571377 5.000000 60.000000 5.000000 5.000000 5.000000 5.000000 5.000000 120.000000 120.000000 120.000000 5.000000 60.000000 5.000000 53.639999 5.000000 65.520003 20.000000 39.959999 20.000000 26.280001 20.000000 92.880003 20.000000 65.520003 120.000000 62.803164 120.000000 39.959999 120.000000 65.520003 5.000000 32.231787 5.000000
5.000000 5.000000 5.000000 30.080799 5.000000 60.000000 5.000000 5.000000 5.000000 5.000000 5.000000 120.000000 120.000000 120.000000 5.000000 60.000000 5.000000 53.639999 5.000000 65.520003 20.000000 39.959999 20.000000 26.280001 20.000000 92.880003 20.000000 65.520003 120.000000 61.794754 120.000000 39.959999 120.000000 65.520003 5.000000 31.713955 5.000000
5.000000 5.000000 5.000000 29.233913 5.000000 60.000000 5.000000 5.000000 5.000000 5.000000 5.000000 120.000000 120.000000 120.000000 5.000000 60.000000 5.000000 53.639999 5.000000 65.520003 20.000000 39.959999 20.000000 26.280001 20.000000 92.880003 20.000000 65.520003 120.000000 60.053932 120.000000 39.959999 120.000000 65.520003 5.000000 30.820019 5.000000
5.000000 5.000000 5.000000 30.118475 5.000000 60.000000 5.000000 5.000000 5.000000 5.000000 5.000000 120.000000 120.000000 120.000000 5.000000 60.000000 5.000000 53.639999 5.000000 65.520003 20.000000 39.959999 20.000000 26.280001 20.000000 92.880003 20.000000 65.520003 120.000000 61.872199 120.000000 39.959999 120.000000 65.520003 5.000000 31.753724 5.000000
5.000000 5.000000 5.000000 28.998120 5.000000 60.000000 5.000000 5.000000 5.000000 5.000000 5.000000 120.000000 120.000000 120.000000 5.000000 60.000000 5.000000 53.639999 5.000000 65.520003 20.000000 39.959999 20.000000 26.280001 20.000000 92.880003 20.000000 65.520003 120.000000 59.569246 120.000000 39.959999 120.000000 65.520003 5.000000 30.571126 5.000000
5.000000 5.000000 5.000000 30.098353 5.000000 60.000000 5.000000 5.000000 5.000000 5.000000 5.000000 120.000000 120.000000 120.000000 5.000000 60.000000 5.000000 53.639999 5.000000 65.520003 20.000000 39.959999 20.000000 26.280001 20.000000 92.880003 20.000000 65.520003 120.000000 61.830836 120.000000 39.959999 120.000000 65.520003 5.000000 31.732484 5.000000
5.000000 5.000000 5.000000 30.304621 5.000000 60.000000 5.000000 5.000000 5.000000 5.000000 5.000000 120.000000 120.000000 120.000000 5.000000 60.000000 5.000000 53.639999 5.000000 65.520003 20.000000 39.959999 20.000000 26.280001 20.000000 92.880003 20.000000 65.520003 120.000000 62.254832 120.000000 39.959999 120.000000 65.520003 5.000000 31.950211 5.000000
5.000000 5.000000 5.000000 30.079753 5.000000 60.000000 5.000000 5.000000 5.000000 5.000000 5.000000 120.000000 120.000000 120.000000 5.000000 60.000000 5.000000 53.639999 5.000000 65.520003 20.000000 39.959999 20.000000 26.280001 20.000000 92.880003 20.000000 65.520003 120.000000 61.792603 120.000000 39.959999 120.000000 65.520003 5.000000 31.712850 5.000000
5.000000 5.000000 5.000000 30.137089 5.000000 60.000000 5.000000 5.000000 5.000000 5.000000 5.000000 120.000000 120.000000 120.000000 5.000000 60.000000 5.000000 53.639999 5.000000 65.520003 20.000000 39.959999 20.000000 26.280001 20.000000 92.880003 20.000000 65.520003 120.000000 61.910461 120.000000 39.959999 120.000000 65.520003 5.000000 31.773372 5.000000
5.000000 5.000000 5.000000 29.805654 5.000000 60.000000 5.000000 5.000000 5.000000 5.000000 5.000000 120.000000 120.000000 120.000000 5.000000 60.000000 5.000000 53.639999 5.000000 65.520003 20.000000 39.959999 20.000000 26.280001 20.000000 92.880003 20.000000 65.938136 120.000000 61.229178 120.000000 39.959999 120.000000 65.520003 5.000000 31.423524 5.000000
5.000000 5.000000 5.000000 30.661968 5.000000 60.000000 5.000000 5.000000 5.000000 5.000000 5.000000 120.000000 120.000000 120.000000 5.000000 60.000000 5.000000 53.639999 5.000000 65.520003 20.000000 39.959999 20.000000 26.280001 20.000000 92.880003 20.000000 65.520003 120.000000 62.989378 120.000000 39.959999 120.000000 65.520003 5.000000 32.327410 5.000000
5.000000 5.000000 5.000000 28.558638 5.000000 60.000000 5.000000 5.000000 5.000000 5.000000 5.000000 120.000000 120.000000 120.000000 5.000000 60.000000 5.000000 53.639999 5.000000 65.520003 20.000000 39.959999 20.000000 26.280001 20.000000 92.880003 20.000000 65.520003 120.000000 58.580366 120.000000 39.959999 120.000000 65.520003 5.000000 30.022171 5.000000
5.000000 5.000000 5.000000 26.988301 5.000000 60.000000 5.000000 5.000000 5.000000 5.000000 5.000000 120.000000 120.000000 120.000000 5.000000 60.000000 5.000000 53.639999 5.000000 65.520003 20.000000 39.959999 20.000000 26.280001 20.000000 92.880003 20.000000 65.520003 120.000000 55.274825 120.000000 39.959999 120.000000 65.520003 5.000000 28.296559 5.000000
5.000000 5.000000 5.000000 26.280001 5.000000 60.000000 5.000000 5.000000 5.000000 5.000000 5.000000 120.000000 120.000000 120.000000 5.000000 60.000000 5.000000 53.639999 5.000000 65.520003 20.000000 39.959999 20.000000 26.280001 20.000000 92.880003 20.000000 65.520003 120.000000 53.639999 120.000000 39.959999 120.000000 65.520003 5.000000 27.360000 5.000000
5.000000 5.000000 5.000000 26.280001 5.000000 60.000000 5.000000 5.000000 5.000000 5.000000 5.000000 120.000000 120.000000 120.000000 5.000000 60.000000 5.000000 53.639999 5.000000 65.520003 20.000000 39.959999 20.000000 26.280001 20.000000 92.880003 20.000000 65.520003 120.000000 53.639999 120.000000 39.959999 120.000000 65.520003 5.000000 27.360000 5.000000
5.000000 5.000000 5.000000 26.280001 5.000000 60.000000 5.000000 5.000000 5.000000 5.000000 5.000000 120.000000 120.000000 120.000000 5.000000 60.000000 5.000000 53.639999 5.000000 65.520003 20.000000 39.959999 20.000000 26.280001 20.000000 92.880003 20.000000 65.520003 120.000000 53.639999 120.000000 39.959999 120.000000 65.520003 5.000000 27.360000 5.000000
5.000000 5.000000 5.000000 26.280001 5.000000 60.000000 5.000000 5.000000 5.000000 5.000000 5.000000 120.000000 120.000000 120.000000 5.000000 60.000000 5.000000 53.639999 5.000000 65.520003 20.000000 39.959999 20.000000 26.280001 20.000000 92.880003 20.000000 65.520003 120.000000 53.639999 120.000000 39.959999 120.000000 65.520003 5.000000 27.360000 5.000000
5.000000 5.000000 5.000000 26.280001 5.000000 60.000000 5.000000 5.000000 5.000000 5.000000 5.000000 120.000000 120.000000 120.000000 5.000000 60.000000 5.000000 53.639999 5.000000 65.520003 20.000000 39.959999 20.000000 26.280001 20.000000 92.880003 20.000000 65.520003 120.000000 53.639999 120.000000 39.959999 120.000000 65.520003 5.000000 27.360000 5.000000
5.000000 5.000000 5.000000 26.280001 5.000000 60.000000 5.000000 5.000000 5.000000 5.000000 5.000000 120.000000 120.000000 120.000000 5.000000 60.000000 5.000000 53.639999 5.000000 65.520003 20.000000 39.959999 20.000000 26.280001 20.000000 92.880003 20.000000 65.520003 120.000000 53.639999 120.000000 39.959999 120.000000 65.520003 5.000000 27.360000 5.000000
5.000000 5.000000 5.000000 26.280001 5.000000 60.000000 5.000000 5.000000 5.000000 5.000000 5.000000 120.000000 120.000000 120.000000 5.000000 60.000000 5.000000 53.639999 5.000000 65.520003 20.000000 39.959999 20.000000 26.280001 20.000000 92.880003 20.000000 65.520003 120.000000 53.639999 120.000000 39.959999 120.000000 65.520003 5.000000 27.360000 5.000000
5.000000 5.000000 5.000000 26.280001 5.000000 60.000000 5.000000 5.000000 5.000000 5.000000 5.000000 120.000000 120.000000 120.000000 5.000000 60.000000 5.000000 53.639999 5.000000 65.520003 20.000000 39.959999 20.000000 26.280001 20.000000 92.880003 20.000000 65.520003 120.000000 53.639999 120.000000 39.959999 120.000000 65.520003 5.000000 27.360000 5.000000
5.000000 5.000000 5.000000 26.280001 5.000000 60.000000 5.000000 5.000000 5.000000 5.000000 5.000000 120.000000 120.000000 120.000000 5.000000 60.000000 5.000000 53.639999 5.000000 65.520003 20.000000 39.959999 20.000000 26.280001 20.000000 92.880003 20.000000 65.520003 120.000000 53.639999 120.000000 39.959999 120.000000 65.520003 5.000000 27.360000 5.000000
5.000000 5.000000 5.000000 26.280001 5.000000 60.000000 5.000000 5.000000 5.000000 5.000000 5.000000 120.000000 120.000000 120.000000 5.000000 60.000000 5.000000 53.639999 5.000000 65.520003 20.000000 39.959999 20.000000 26.280001 20.000000 92.880003 20.000000 65.520003 120.000000 53.639999 120.000000 39.959999 120.000000 65.520003 5.000000 27.360000 5.000000
5.000000 5.000000 5.000000 26.280001 5.000000 60.000000 5.000000 5.000000 5.000000 5.000000 5.000000 120.000000 120.000000 120.000000 5.000000 60.000000 5.000000 53.639999 5.000000 65.520003 20.000000 39.959999 20.000000 26.280001 20.000000 92.880003 20.000000 65.520003 120.000000 53.639999 120.000000 39.959999 120.000000 65.520003 5.000000 27.360000 5.000000
5.000000 5.000000 5.000000 26.280001 5.000000 60.000000 5.000000 5.000000 5.000000 5.000000 5.000000 120.000000 120.000000 120.000000 5.000000 60.000000 5.000000 53.639999 5.000000 65.520003 20.000000 39.959999 20.000000 26.280001 20.000000 92.880003 20.000000 65.520003 120.000000 53.639999 120.000000 39.959999 120.000000 65.520003 5.000000 27.360000 5.000000
5.000000 5.000000 5.000000 26.280001 5.000000 60.000000 5.000000 5.000000 5.000000 5.000000 5.000000 120.000000 120.000000 120.000000 5.000000 60.000000 5.000000 53.639999 5.000000 65.520003 20.000000 39.959999 20.000000 26.280001 20.000000 92.880003 20.000000 65.520003 120.000000 53.639999 120.000000 39.959999 120.000000 65.520003 5.000000 27.360000 5.000000
5.000000 5.000000 5.000000 26.280001 5.000000 60.000000 5.000000 5.000000 5.000000 5.000000 5.000000 120.000000 120.000000 120.000000 5.000000 60.000000 5.000000 53.639999 5.000000 65.520003 20.000000 39.959999 20.000000 26.280001 20.000000 92.880003 20.000000 65.520003 120.000000 53.639999 120.000000 39.959999 120.000000 65.520003 5.000000 27.360000 5.000000
5.000000 5.000000 5.000000 26.280001 5.000000 60.000000 5.000000 5.000000 5.000000 5.000000 5.000000 120.000000 120.000000 120.000000 5.000000 60.000000 5.000000 53.639999 5.000000 65.520003 20.000000 39.959999 20.000000 26.280001 20.000000 92.880003 20.000000 65.520003 120.000000 53.639999 120.000000 39.959999 120.000000 65.520003 5.000000 27.360000 5.000000
5.000000 5.000000 5.000000 26.280001 5.000000 60.000000 5.000000 5.000000 5.000000 5.000000 5.000000 120.000000 120.000000 120.000000 5.000000 60.000000 5.000000 53.639999 5.000000 65.520003 20.000000 39.959999 20.000000 26.280001 20.000000 92.880003 20.000000 65.520003 120.000000 53.639999 120.000000 39.959999 120.000000 65.520003 5.000000 27.360000 5.000000
