8 106 7 6 5 1 101 2 3 4
0.036000 0.036000 0.036000 56.571429 56.571429 0.036000 0.036000 56.571429 56.571429 56.571429
0.036000 0.036000 0.036000 56.571429 56.571429 0.036000 0.036000 56.571429 56.571429 56.571429
0.036000 0.036000 0.036000 56.571429 56.571429 0.036000 0.036000 56.571429 56.571429 56.571429
0.036000 0.036000 0.036000 56.571429 56.571429 0.036000 0.036000 56.571429 56.571429 56.571429
0.036000 0.036000 0.036000 56.571429 56.571429 0.036000 0.036000 56.571429 56.571429 56.571429
0.036000 0.036000 0.036000 56.571429 56.571429 0.036000 0.036000 56.571429 56.571429 56.571429
0.036000 0.036000 0.036000 56.571429 56.571429 0.036000 0.036000 56.571429 56.571429 56.571429
0.036000 0.036000 0.036000 56.571429 56.571429 0.036000 0.036000 56.571429 56.571429 56.571429
0.036000 0.036000 0.036000 56.571429 56.571429 0.036000 0.036000 56.571429 56.571429 56.571429
0.036000 0.036000 0.036000 56.571429 56.571429 0.036000 0.036000 56.571429 56.571429 56.571429
0.036000 0.036000 0.036000 56.571429 56.571429 0.036000 0.036000 56.571429 56.571429 56.571429
0.036000 0.036000 0.036000 56.571429 56.571429 0.036000 0.036000 56.571429 56.571429 56.571429
0.036000 0.036000 0.036000 56.571429 56.571429 0.036000 0.036000 56.571429 56.571429 56.571429
0.036000 0.036000 0.036000 56.571429 56.571429 0.036000 0.036000 56.571429 56.571429 56.571429
0.036000 0.036000 0.036000 56.571429 56.571429 0.036000 0.036000 56.571429 56.571429 56.571429
0.036000 0.036000 0.036000 56.571429 56.571429 0.036000 0.036000 56.571429 56.571429 56.571429
0.036000 0.036000 0.036000 56.571429 56.571429 0.036000 0.036000 56.571429 56.571429 56.571429
0.036000 0.036000 0.036000 56.571429 56.571429 0.036000 0.036000 56.571429 56.571429 56.571429
0.036000 0.036000 0.036000 56.571429 56.571429 0.036000 0.036000 56.571429 56.571429 56.571429
0.036000 0.036000 0.036000 56.571429 56.571429 0.036000 0.036000 56.571429 56.571429 56.571429
0.036000 0.036000 0.036000 56.571429 56.571429 0.036000 0.036000 56.571429 56.571429 56.571429
0.036000 0.036000 0.036000 56.571429 56.571429 0.036000 0.036000 56.571429 56.571429 56.571429
0.036000 0.036000 0.036000 56.571429 56.571429 0.036000 0.036000 56.571429 56.571429 56.571429
0.036000 0.036000 0.036000 56.571429 56.571429 0.036000 0.036000 56.571429 56.571429 56.571429
0.036000 0.036000 0.036000 56.571429 56.571429 0.036000 0.036000 56.571429 56.571429 56.571429
0.036000 0.036000 0.036000 56.571429 56.571429 0.036000 0.036000 56.571429 56.571429 56.571429
0.036000 0.036000 0.036000 56.571429 56.571429 0.036000 0.036000 56.571429 56.571429 56.571429
0.036000 0.036000 0.036000 56.571429 56.571429 0.036000 0.036000 56.571429 56.571429 56.571429
0.036000 0.036000 0.036000 56.571429 56.571429 0.036000 0.036000 56.571429 56.571429 56.571429
0.036000 0.036000 0.036000 56.571429 56.571429 0.036000 0.036000 56.571429 56.571429 56.571429
0.036000 0.036000 0.036000 56.571429 56.571429 0.036000 0.036000 56.571429 56.571429 56.571429
0.036000 0.036000 0.036000 56.571429 56.571429 0.036000 0.036000 56.571429 56.571429 56.571429
0.036000 0.036000 0.036000 56.571429 56.571429 0.036000 0.036000 56.571429 56.571429 56.571429
0.036000 0.036000 0.036000 56.571429 56.571429 0.036000 0.036000 56.571429 56.571429 56.571429
0.036000 0.036000 0.036000 56.571429 56.571429 0.036000 0.036000 56.571429 56.571429 56.571429
0.036000 0.036000 0.036000 56.571429 56.571429 0.036000 0.036000 56.571429 56.571429 56.571429
0.036000 0.036000 0.036000 56.571429 56.571429 0.036000 0.036000 56.571429 56.571429 56.571429
0.036000 0.036000 0.036000 56.571429 56.571429 0.036000 0.036000 56.571429 56.571429 56.571429
0.036000 0.036000 0.036000 56.571429 56.571429 0.036000 0.036000 56.571429 56.571429 56.571429
0.036000 0.036000 0.036000 56.571429 56.657143 0.036000 0.036000 56.571429 56.571429 56.571429
0.036000 0.036000 0.036000 56.571429 58.731826 0.036000 0.036000 56.571429 56.571429 56.571429
0.036000 0.036000 0.036000 56.571429 56.911190 0.036000 0.036000 56.571429 56.571429 56.571429
0.036000 0.036000 0.036000 56.571429 56.571429 0.036000 0.036000 56.571429 56.571429 56.571429
0.036000 0.036000 0.036000 56.571429 56.571429 0.036000 0.036000 56.571429 56.571429 56.571429
0.036000 0.036000 0.036000 56.571429 56.571429 0.036000 0.036000 56.571429 56.571429 56.571429
0.036000 0.036000 0.036000 56.571429 56.571429 0.036000 0.036000 56.571429 56.571429 56.571429
0.036000 0.036000 0.036000 56.571429 56.571429 0.036000 0.036000 56.571429 56.571429 56.571429
0.036000 0.036000 0.036000 56.571429 56.571429 0.036000 0.036000 56.571429 56.571429 56.571429
0.036000 0.036000 0.036000 56.571429 56.571429 0.036000 0.036000 56.571429 56.571429 56.571429
0.036000 0.036000 0.036000 56.571429 56.571429 0.036000 0.036000 56.571429 56.571429 56.571429
0.036000 0.036000 0.036000 56.571429 56.571429 0.036000 0.036000 56.571429 56.571429 56.571429
0.036000 0.036000 0.036000 56.571429 56.571429 0.036000 0.036000 56.571429 56.571429 56.571429
0.036000 0.036000 0.036000 56.571429 56.571429 0.036000 0.036000 56.571429 56.571429 56.571429
0.036000 0.036000 0.036000 56.571429 56.571429 0.036000 0.036000 56.571429 56.571429 56.571429
0.036000 0.036000 0.036000 56.571429 56.571429 0.036000 0.036000 56.571429 56.571429 56.571429
0.036000 0.036000 0.036000 56.571429 56.571429 0.036000 0.036000 56.571429 56.571429 56.571429
0.036000 0.036000 0.036000 56.571429 56.571429 0.036000 0.036000 56.571429 56.571429 56.571429
0.036000 0.036000 0.036000 56.571429 56.571429 0.036000 0.036000 56.571429 56.571429 56.571429
0.036000 0.036000 0.036000 56.571429 56.571429 0.036000 0.036000 56.571429 56.571429 56.571429
0.036000 0.036000 0.036000 56.571429 56.571429 0.036000 0.036000 56.571429 56.571429 56.571429
0.036000 0.036000 0.036000 56.571429 56.571429 0.036000 0.036000 56.571429 56.571429 56.571429
0.036000 0.036000 0.036000 56.571429 56.571429 0.036000 0.036000 56.571429 56.571429 56.571429
0.036000 0.036000 0.036000 56.571429 56.571429 0.036000 0.036000 56.571429 56.571429 56.571429
0.036000 0.036000 0.036000 56.571429 56.571429 0.036000 0.036000 56.571429 56.571429 56.571429
0.036000 0.036000 0.036000 56.571429 56.571429 0.036000 0.036000 56.571429 56.571429 56.571429
0.036000 0.036000 0.036000 56.571429 56.571429 0.036000 0.036000 56.571429 56.571429 56.571429
0.036000 0.036000 0.036000 56.571429 56.571429 0.036000 0.036000 56.571429 56.571429 56.571429
0.036000 0.036000 0.036000 56.571429 56.571429 0.036000 0.036000 56.571429 56.571429 56.571429
0.036000 0.036000 0.036000 56.571429 56.571429 0.036000 0.036000 56.571429 56.571429 56.571429
0.036000 0.036000 0.036000 56.571429 56.571429 0.036000 0.036000 56.571429 56.571429 56.571429
0.036000 0.036000 0.036000 56.571429 56.571429 0.036000 0.036000 56.571429 56.571429 56.571429
0.036000 0.036000 0.036000 56.571429 56.571429 0.036000 0.036000 56.571429 56.571429 56.571429
0.036000 0.036000 0.036000 56.571429 56.571429 0.036000 0.036000 56.571429 56.571429 56.571429
0.036000 0.036000 0.036000 56.571429 56.571429 0.036000 0.036000 56.571429 56.571429 56.571429
0.036000 0.036000 0.036000 56.571429 56.571429 0.036000 0.036000 56.571429 56.571429 56.571429
0.036000 0.036000 0.036000 56.571429 56.571429 0.036000 0.036000 56.571429 56.571429 56.571429
0.036000 0.036000 0.036000 56.571429 56.571429 0.036000 0.036000 56.571429 56.571429 56.571429
0.036000 0.036000 0.036000 56.571429 56.571429 0.036000 0.036000 56.571429 56.571429 56.571429
0.036000 0.036000 0.036000 56.571429 56.571429 0.036000 0.036000 56.571429 56.571429 56.571429
0.036000 0.036000 0.036000 56.571429 56.571429 0.036000 0.036000 56.571429 56.571429 56.571429
0.036000 0.036000 0.036000 56.571429 56.910109 0.036000 0.036000 56.571429 56.571429 56.571429
0.036000 0.036000 0.036000 56.571429 66.693353 0.036000 0.036000 56.571429 56.571429 56.571429
0.036000 0.036000 0.036000 56.571429 68.290420 0.036000 0.036000 56.571429 56.571429 56.571429
0.036000 0.036000 0.036000 56.571429 64.105006 0.036000 0.036000 56.571429 56.571429 56.571429
0.036000 0.036000 0.036000 56.571429 60.997398 0.036000 0.036000 56.571429 56.571429 56.571429
0.036000 0.036000 0.036000 56.617021 57.993878 0.036000 0.036000 56.571429 56.571429 56.571429
0.036000 0.036000 0.036000 56.571429 61.965955 0.036000 0.036000 56.571429 56.571429 56.571429
0.036000 0.036000 0.036000 56.571429 62.140176 0.036000 0.036000 56.571429 56.571429 56.571429
0.036000 0.036000 0.036000 56.571429 60.694373 0.036000 0.036000 56.571429 56.571429 56.571429
0.036000 0.036000 0.036000 56.617021 58.080670 0.036000 0.036000 56.571429 56.571429 56.571429
0.036000 0.036000 0.036000 56.571429 57.702571 0.036000 0.036000 56.571429 56.571429 56.571429
0.036000 0.036000 0.036000 57.286921 57.407119 0.036000 0.036000 56.571429 56.571429 56.571429
0.036000 0.036000 0.036000 56.571429 68.136631 0.036000 0.036000 56.571429 56.571429 56.571429
0.036000 0.036000 0.036000 56.577113 70.874840 0.036000 0.036000 56.571429 56.571429 56.571429
0.036000 0.036000 0.036000 56.571429 70.404403 0.036000 0.036000 56.571429 56.571429 56.571429
0.036000 0.036000 0.036000 56.577113 67.948430 0.036000 0.036000 56.571429 56.571429 56.571429
0.036000 0.036000 0.036000 56.571429 70.515080 0.036000 0.036000 56.571429 56.571429 56.571429
0.036000 0.036000 0.036000 56.571429 76.713950 0.036000 0.036000 56.571429 56.571429 56.571429
0.036000 0.036000 0.036000 56.571429 79.601065 0.036000 0.036000 56.571429 56.571429 56.571429
0.036000 0.036000 0.036000 56.571429 82.518995 0.036000 0.036000 56.571429 56.571429 56.571429
0.036000 0.036000 0.036000 56.571429 83.224712 0.036000 0.036000 56.571429 56.571429 56.571429
0.036000 0.036000 0.036000 56.617021 85.367732 0.036000 0.036000 56.571429 56.571429 56.571429
0.036000 0.036000 0.036000 56.617021 89.681364 0.036000 0.036000 56.571429 56.571429 56.571429
0.036000 0.036000 0.036000 56.571429 89.759471 0.036000 0.036000 56.571429 56.571429 56.571429
0.036000 0.036000 0.036000 56.577113 85.674330 0.036000 0.036000 56.571429 56.571429 56.571429
0.036000 0.036000 0.036000 56.571429 88.143405 0.036000 0.036000 56.571429 56.571429 56.571429
0.036000 0.036000 0.036000 56.571429 86.465706 0.036000 0.036000 56.571429 56.571429 56.571429
0.036000 0.036000 0.036000 56.571429 89.006703 0.036000 0.036000 56.571429 56.571429 56.571429
0.036000 0.036000 0.036000 58.485023 87.949425 0.036000 0.036000 56.571429 56.571429 56.571429
0.036000 0.036000 0.036000 56.571429 92.788267 0.036000 0.036000 56.571429 56.571429 56.571429
0.036000 0.036000 0.036000 57.162853 90.959191 0.036000 0.036000 56.571429 56.571429 56.571429
0.036000 0.036000 0.036000 56.571429 88.747737 0.036000 0.036000 56.571429 56.571429 56.571429
0.036000 0.036000 0.036000 56.571429 87.882197 0.036000 0.036000 56.571429 56.571429 56.571429
0.036000 0.036000 0.036000 56.582797 88.555604 0.036000 0.036000 56.571429 56.571429 56.571429
0.036000 0.036000 0.036000 56.571429 91.607561 0.036000 0.036000 56.571429 56.571429 56.571429
0.036000 0.036000 0.036000 56.991435 88.790354 0.036000 0.036000 56.571429 56.571429 56.571429
0.036000 0.036000 0.036000 57.366287 89.498500 0.036000 0.036000 56.571429 56.571429 56.571429
0.036000 0.036000 0.036000 59.830325 89.057848 0.036000 0.036000 56.571429 56.571429 56.571429
0.036000 0.036000 0.036000 61.327991 88.945956 0.036000 0.036000 56.571429 56.571429 56.571429
0.036000 0.036000 0.036000 56.909675 92.044836 0.036000 0.036000 56.571429 56.571429 56.571429
0.036000 0.036000 0.036000 57.196416 89.777024 0.036000 0.036000 56.571429 56.571429 56.571429
0.036000 0.036000 0.036000 59.229966 87.728079 0.036000 0.036000 56.571429 56.571429 56.571429
0.036000 0.036000 0.036000 57.658940 89.568926 0.036000 0.036000 56.571429 56.571429 56.571429
0.036000 0.036000 0.036000 58.394836 89.772141 0.036000 0.036000 56.571429 56.571429 56.571429
0.036000 0.036000 0.036000 59.709417 89.994506 0.036000 0.036000 56.571429 56.571429 56.571429
0.036000 0.036000 0.036000 58.940830 87.735912 0.036000 0.036000 56.571429 56.571429 56.571429
0.036000 0.036000 0.036000 56.571429 89.016022 0.036000 0.036000 56.571429 56.571429 56.571429
0.036000 0.036000 0.036000 58.414584 91.199369 0.036000 0.036000 56.571429 56.571429 56.571429
0.036000 0.036000 0.036000 63.070126 89.399447 0.036000 0.036000 56.571429 56.571429 56.571429
0.036000 0.036000 0.036000 56.825476 93.302542 0.036000 0.036000 56.571429 56.571429 56.571429
0.036000 0.036000 0.036000 60.119452 91.803554 0.036000 0.036000 56.571429 56.571429 56.571429
0.036000 0.036000 0.036000 61.429151 89.215846 0.036000 0.036000 56.571429 56.571429 56.571429
0.036000 0.036000 0.036000 60.633195 91.918675 0.036000 0.036000 56.571429 56.571429 56.571429
0.036000 0.036000 0.036000 63.860865 88.495367 0.036000 0.036000 56.571429 56.571429 56.571429
0.036000 0.036000 0.036000 62.539665 91.857190 0.036000 0.036000 56.571429 56.571429 56.571429
0.036000 0.036000 0.036000 59.778233 92.487455 0.036000 0.036000 56.571429 56.571429 56.571429
0.036000 0.036000 0.036000 61.943157 91.800357 0.036000 0.036000 56.571429 56.571429 56.571429
0.036000 0.036000 0.036000 62.830751 91.975552 0.036000 0.036000 56.571429 56.571429 56.571429
0.036000 0.036000 0.036000 64.898171 90.962834 0.036000 0.036000 56.571429 56.571429 56.571429
0.036000 0.036000 0.036000 56.571429 93.579347 0.036000 0.036000 56.571429 56.571429 56.571429
0.036000 0.036000 0.036000 56.571429 86.266071 0.036000 0.036000 56.571429 56.571429 56.571429
0.036000 0.036000 0.036000 56.571429 75.541989 0.036000 0.036000 56.571429 56.571429 56.571429
0.036000 0.036000 0.036000 56.571429 61.659350 0.036000 0.036000 56.571429 56.571429 56.571429
0.036000 0.036000 0.036000 56.571429 56.571429 0.036000 0.036000 56.571429 56.571429 56.571429
0.036000 0.036000 0.036000 56.571429 56.571429 0.036000 0.036000 56.571429 56.571429 56.571429
0.036000 0.036000 0.036000 56.571429 56.571429 0.036000 0.036000 56.571429 56.571429 56.571429
0.036000 0.036000 0.036000 56.571429 56.571429 0.036000 0.036000 56.571429 56.571429 56.571429
0.036000 0.036000 0.036000 56.571429 56.571429 0.036000 0.036000 56.571429 56.571429 56.571429
0.036000 0.036000 0.036000 56.571429 56.571429 0.036000 0.036000 56.571429 56.571429 56.571429
0.036000 0.036000 0.036000 56.571429 56.571429 0.036000 0.036000 56.571429 56.571429 56.571429
0.036000 0.036000 0.036000 56.571429 56.571429 0.036000 0.036000 56.571429 56.571429 56.571429
0.036000 0.036000 0.036000 56.571429 56.571429 0.036000 0.036000 56.571429 56.571429 56.571429
0.036000 0.036000 0.036000 56.571429 56.571429 0.036000 0.036000 56.571429 56.571429 56.571429
0.036000 0.036000 0.036000 56.571429 56.571429 0.036000 0.036000 56.571429 56.571429 56.571429
0.036000 0.036000 0.036000 56.571429 56.571429 0.036000 0.036000 56.571429 56.571429 56.571429
0.036000 0.036000 0.036000 56.571429 56.571429 0.036000 0.036000 56.571429 56.571429 56.571429
0.036000 0.036000 0.036000 56.571429 56.571429 0.036000 0.036000 56.571429 56.571429 56.571429
0.036000 0.036000 0.036000 56.571429 56.571429 0.036000 0.036000 56.571429 56.571429 56.571429
