timestamp (intervals), driving_link_ID, car_inflow, truck_inflow, car_tt (s), truck_tt (s), car_fftt (s), truck_fftt (s), car_speed (mph), truck_speed (mph)
0 8 89.800000 0.000000 0.036000 0.036000 0.036000 0.036000 99999.000000 99999.000000
0 106 0.000000 7.400000 0.036000 0.036000 0.036000 0.036000 99999.000000 99999.000000
0 7 0.600000 8.000000 0.036000 0.036000 0.036000 0.036000 99999.000000 99999.000000
0 6 48.000000 5.000000 56.571429 79.200000 56.571429 79.200000 35.000000 25.000000
0 5 0.000000 11.000000 56.571429 79.200000 56.571429 79.200000 35.000000 25.000000
0 1 156.600000 9.600000 0.036000 0.036000 0.036000 0.036000 99999.000000 99999.000000
0 101 0.000000 9.000000 0.036000 0.036000 0.036000 0.036000 99999.000000 99999.000000
0 2 54.000000 11.800000 56.571429 79.200000 56.571429 79.200000 35.000000 25.000000
0 3 50.600000 6.400000 56.571429 79.200000 56.571429 79.200000 35.000000 25.000000
0 4 0.600000 5.800000 56.571429 79.200000 56.571429 79.200000 35.000000 25.000000
180 8 148.200000 0.000000 5.000000 0.036000 0.036000 0.036000 720.000000 99999.000000
180 106 0.000000 9.000000 0.036000 30.000000 0.036000 0.036000 99999.000000 120.000000
180 7 0.600000 8.800000 5.000000 5.000000 0.036000 0.036000 720.000000 720.000000
180 6 81.400000 6.400000 56.571429 79.200000 56.571429 79.200000 35.000000 25.000000
180 5 0.000000 11.800000 56.571429 79.200000 56.571429 79.200000 35.000000 25.000000
180 1 139.800000 9.000000 300.000000 10.000000 0.036000 0.036000 12.000000 360.000000
180 101 0.000000 9.000000 0.036000 60.000000 0.036000 0.036000 99999.000000 60.000000
180 2 82.000000 12.200000 60.000000 100.000000 56.571429 79.200000 33.000000 19.800000
180 3 63.200000 5.600000 56.571429 85.000000 56.571429 79.200000 35.000000 23.294118
180 4 0.600000 6.400000 56.571429 79.200000 56.571429 79.200000 35.000000 25.000000
360 8 147.400000 0.000000 5.000000 0.036000 0.036000 0.036000 720.000000 99999.000000
360 106 0.000000 9.000000 0.036000 20.000000 0.036000 0.036000 99999.000000 180.000000
360 7 0.800000 14.400000 5.000000 5.000000 0.036000 0.036000 720.000000 720.000000
360 6 88.200000 9.000000 56.571429 79.200000 56.571429 79.200000 35.000000 25.000000
360 5 0.000000 17.200000 56.571429 79.200000 56.571429 79.200000 35.000000 25.000000
360 1 156.000000 15.000000 300.000000 5.000000 0.036000 0.036000 12.000000 720.000000
360 101 0.000000 9.000000 0.036000 60.000000 0.036000 0.036000 99999.000000 60.000000
360 2 89.800000 15.000000 60.000000 79.200000 56.571429 79.200000 33.000000 25.000000
360 3 61.200000 9.000000 56.571429 79.200000 56.571429 79.200000 35.000000 25.000000
360 4 0.800000 6.000000 56.571429 79.200000 56.571429 79.200000 35.000000 25.000000
540 8 159.600000 0.000000 5.000000 0.036000 0.036000 0.036000 720.000000 99999.000000
540 106 0.000000 9.200000 0.036000 25.000000 0.036000 0.036000 99999.000000 144.000000
540 7 0.800000 7.600000 5.000000 5.000000 0.036000 0.036000 720.000000 720.000000
540 6 45.800000 5.000000 56.571429 79.200000 56.571429 79.200000 35.000000 25.000000
540 5 0.000000 11.600000 56.571429 80.000000 56.571429 79.200000 35.000000 24.750000
540 1 158.800000 6.400000 300.000000 10.000000 0.036000 0.036000 12.000000 360.000000
540 101 0.000000 9.000000 0.036000 60.000000 0.036000 0.036000 99999.000000 60.000000
540 2 41.200000 10.000000 60.000000 79.200000 56.571429 79.200000 33.000000 25.000000
540 3 116.400000 5.400000 56.571429 80.000000 56.571429 79.200000 35.000000 24.750000
540 4 0.800000 5.000000 56.571429 100.000000 56.571429 79.200000 35.000000 19.800000
720 8 158.200000 0.000000 5.000000 0.036000 0.036000 0.036000 720.000000 99999.000000
720 106 0.000000 8.800000 0.036000 30.000000 0.036000 0.036000 99999.000000 120.000000
720 7 0.800000 11.200000 5.000000 5.000000 0.036000 0.036000 720.000000 720.000000
720 6 12.200000 7.000000 56.571429 79.200000 56.571429 79.200000 35.000000 25.000000
720 5 0.000000 14.200000 56.571429 90.000000 56.571429 79.200000 35.000000 22.000000
720 1 158.600000 12.000000 305.000000 5.000000 0.036000 0.036000 11.803279 720.000000
720 101 0.000000 9.000000 0.036000 60.000000 0.036000 0.036000 99999.000000 60.000000
720 2 12.200000 13.000000 56.571429 95.000000 56.571429 79.200000 35.000000 20.842105
720 3 146.800000 8.000000 56.571429 80.000000 56.571429 79.200000 35.000000 24.750000
720 4 0.800000 6.000000 56.571429 79.200000 56.571429 79.200000 35.000000 25.000000
