33 32 31 30 29 28 27 26 25 24 211 23 10 9 8 7 6 5 1 2 3 4 11 12 201 13 202 14 203 15 204 16 205 17 206 18 207 19 208 20 209 21 210 22
1.500000 2.000000 1.500000 2.000000 1.500000 2.000000 1.500000 2.000000 1.500000 2.000000 26.280001 1.500000 2.000000 1.500000 2.000000 1.500000 2.000000 120.000000 120.000000 60.000000 20.000000 20.000000 1.500000 2.000000 53.639999 1.500000 65.520003 2.000000 39.959999 1.500000 26.280001 2.000000 92.880003 1.500000 65.520003 2.000000 53.639999 1.500000 39.959999 2.000000 65.520003 1.500000 27.360000 2.000000
1.500000 2.000000 1.500000 2.000000 1.500000 2.000000 1.500000 2.000000 1.500000 2.000000 26.280001 1.500000 2.000000 1.500000 2.000000 1.500000 2.000000 120.000000 120.000000 60.000000 20.000000 20.000000 1.500000 2.000000 53.639999 1.500000 65.520003 2.000000 39.959999 1.500000 26.280001 2.000000 92.880003 1.500000 65.520003 2.000000 53.639999 1.500000 39.959999 2.000000 65.520003 1.500000 27.360000 2.000000
1.500000 2.000000 1.500000 2.000000 1.500000 2.000000 1.500000 2.000000 1.500000 2.000000 26.280001 1.500000 2.000000 1.500000 2.000000 1.500000 2.000000 120.000000 120.000000 60.000000 20.000000 20.000000 1.500000 2.000000 53.639999 1.500000 65.520003 2.000000 39.959999 1.500000 26.280001 2.000000 92.880003 1.500000 65.520003 2.000000 53.639999 1.500000 39.959999 2.000000 65.520003 1.500000 27.360000 2.000000
1.500000 2.000000 1.500000 2.000000 1.500000 2.000000 1.500000 2.000000 1.500000 2.000000 26.280001 1.500000 2.000000 1.500000 2.000000 1.500000 2.000000 120.000000 120.000000 60.000000 20.000000 20.000000 1.500000 2.000000 53.639999 1.500000 65.520003 2.000000 39.959999 1.500000 26.280001 2.000000 92.880003 1.500000 65.520003 2.000000 53.639999 1.500000 39.959999 2.000000 65.520003 1.500000 27.360000 2.000000
1.500000 2.000000 1.500000 2.000000 1.500000 2.000000 1.500000 2.000000 1.500000 2.000000 26.280001 1.500000 2.000000 1.500000 2.000000 1.500000 2.000000 120.000000 120.000000 60.000000 20.000000 20.000000 1.500000 2.000000 53.639999 1.500000 65.520003 2.000000 39.959999 1.500000 26.280001 2.000000 92.880003 1.500000 65.520003 2.000000 53.639999 1.500000 39.959999 2.000000 65.520003 1.500000 27.360000 2.000000
1.500000 2.000000 1.500000 2.000000 1.500000 2.000000 1.500000 2.000000 1.500000 2.000000 26.280001 1.500000 2.000000 1.500000 2.000000 1.500000 2.000000 120.000000 120.000000 60.000000 20.000000 20.000000 1.500000 2.000000 53.639999 1.500000 65.520003 2.000000 39.959999 1.500000 26.280001 2.000000 92.880003 1.500000 65.520003 2.000000 53.639999 1.500000 39.959999 2.000000 65.520003 1.500000 27.360000 2.000000
1.500000 2.000000 1.500000 2.000000 1.500000 2.000000 1.500000 2.000000 1.500000 2.000000 26.280001 1.500000 2.000000 1.500000 2.000000 1.500000 2.000000 120.000000 120.000000 60.000000 20.000000 20.000000 1.500000 2.000000 53.639999 1.500000 65.520003 2.000000 39.959999 1.500000 26.280001 2.000000 92.880003 1.500000 65.520003 2.000000 53.639999 1.500000 39.959999 2.000000 65.520003 1.500000 27.360000 2.000000
1.500000 2.000000 1.500000 2.000000 1.500000 2.000000 1.500000 2.000000 1.500000 2.000000 26.280001 1.500000 2.000000 1.500000 2.000000 1.500000 2.000000 120.000000 120.000000 60.000000 20.000000 20.000000 1.500000 2.000000 53.639999 1.500000 65.520003 2.000000 39.959999 1.500000 26.280001 2.000000 92.880003 1.500000 65.520003 2.000000 53.639999 1.500000 39.959999 2.000000 65.520003 1.500000 27.360000 2.000000
1.500000 2.000000 1.500000 2.000000 1.500000 2.000000 1.500000 2.000000 1.500000 2.000000 26.280001 1.500000 2.000000 1.500000 2.000000 1.500000 2.000000 120.000000 120.000000 60.000000 20.000000 20.000000 1.500000 2.000000 74.977470 1.500000 68.284367 2.000000 39.959999 1.500000 36.507879 2.000000 106.468097 1.500000 65.520003 2.000000 53.639999 1.500000 39.959999 2.000000 65.520003 1.500000 27.360000 2.000000
1.500000 2.000000 1.500000 2.000000 1.500000 2.000000 1.500000 2.000000 1.500000 2.000000 26.280001 1.500000 2.000000 1.500000 2.000000 1.500000 2.000000 120.000000 120.000000 60.000000 20.000000 20.000000 1.500000 2.000000 75.443367 1.500000 68.176789 2.000000 39.959999 1.500000 36.720666 2.000000 112.855052 1.500000 65.520003 2.000000 53.639999 1.500000 42.831648 2.000000 65.520003 1.500000 27.360000 2.000000
1.500000 2.000000 1.500000 2.000000 1.500000 2.000000 1.500000 2.000000 1.500000 2.000000 26.280001 1.500000 2.000000 1.500000 2.000000 1.500000 2.000000 120.000000 120.000000 60.000000 20.000000 20.000000 1.500000 2.000000 53.639999 1.500000 65.520003 2.000000 39.959999 1.500000 26.280001 2.000000 92.880003 1.500000 65.525937 2.000000 53.639999 1.500000 39.959999 2.000000 65.520003 1.500000 27.360000 2.000000
1.500000 2.000000 1.500000 2.000000 1.500000 2.000000 1.500000 2.000000 1.500000 2.000000 26.280001 1.500000 2.000000 1.500000 2.000000 1.500000 2.000000 120.000000 120.000000 60.000000 20.000000 20.000000 1.500000 2.000000 53.639999 1.500000 65.520003 2.000000 39.959999 1.500000 26.280001 2.000000 92.880003 1.500000 65.818482 2.000000 53.639999 1.500000 39.959999 2.000000 65.520003 1.500000 27.360000 2.000000
1.500000 2.000000 1.500000 2.000000 1.500000 2.000000 1.500000 2.000000 1.500000 2.000000 26.280001 1.500000 2.000000 1.500000 2.000000 1.500000 2.000000 120.000000 120.000000 60.000000 20.000000 20.000000 1.500000 2.000000 53.639999 1.500000 65.520003 2.000000 39.959999 1.500000 26.280001 2.000000 92.880003 1.500000 65.619511 2.000000 53.639999 1.500000 39.959999 2.000000 65.520003 1.500000 27.360000 2.000000
1.500000 2.000000 1.500000 2.000000 1.500000 2.000000 1.500000 2.000000 1.500000 2.000000 26.280001 1.500000 2.000000 1.500000 2.000000 1.500000 2.000000 120.000000 120.000000 60.000000 20.000000 20.000000 1.500000 2.000000 53.639999 1.500000 65.520003 2.000000 39.959999 1.500000 26.280001 2.000000 92.880003 1.500000 65.520003 2.000000 53.639999 1.500000 39.959999 2.000000 65.520003 1.500000 27.360000 2.000000
1.500000 2.000000 1.500000 2.000000 1.500000 2.000000 1.500000 2.000000 1.500000 2.000000 26.280001 1.500000 2.000000 1.500000 2.000000 1.500000 2.000000 120.000000 120.000000 60.000000 20.000000 20.000000 1.500000 2.000000 53.639999 1.500000 65.520003 2.000000 39.959999 1.500000 26.280001 2.000000 92.880003 1.500000 65.520003 2.000000 53.639999 1.500000 39.959999 2.000000 65.520003 1.500000 27.360000 2.000000
1.500000 2.000000 1.500000 2.000000 1.500000 2.000000 1.500000 2.000000 1.500000 2.000000 26.280001 1.500000 2.000000 1.500000 2.000000 1.500000 2.000000 120.000000 120.000000 60.000000 20.000000 20.000000 1.500000 2.000000 53.639999 1.500000 65.520003 2.000000 39.959999 1.500000 26.280001 2.000000 92.880003 1.500000 65.520003 2.000000 53.639999 1.500000 39.959999 2.000000 65.520003 1.500000 27.360000 2.000000
1.500000 2.000000 1.500000 2.000000 1.500000 2.000000 1.500000 2.000000 1.500000 2.000000 26.280001 1.500000 2.000000 1.500000 2.000000 1.500000 2.000000 120.000000 120.000000 60.000000 20.000000 20.000000 1.500000 2.000000 53.639999 1.500000 65.520003 2.000000 39.959999 1.500000 26.280001 2.000000 92.880003 1.500000 65.520003 2.000000 53.639999 1.500000 39.959999 2.000000 65.520003 1.500000 27.360000 2.000000
1.500000 2.000000 1.500000 2.000000 1.500000 2.000000 1.500000 2.000000 1.500000 2.000000 26.280001 1.500000 2.000000 1.500000 2.000000 1.500000 2.000000 120.000000 120.000000 60.000000 20.000000 20.000000 1.500000 2.000000 53.639999 1.500000 65.520003 2.000000 39.959999 1.500000 26.280001 2.000000 92.880003 1.500000 65.520003 2.000000 53.639999 1.500000 39.959999 2.000000 65.520003 1.500000 27.360000 2.000000
1.500000 2.000000 1.500000 2.000000 1.500000 2.000000 1.500000 2.000000 1.500000 2.000000 26.280001 1.500000 2.000000 1.500000 2.000000 1.500000 2.000000 120.000000 120.000000 60.000000 20.000000 20.000000 1.500000 2.000000 53.639999 1.500000 65.520003 2.000000 39.959999 1.500000 26.280001 2.000000 92.880003 1.500000 65.520003 2.000000 53.639999 1.500000 39.959999 2.000000 65.520003 1.500000 27.360000 2.000000
1.500000 2.000000 1.500000 2.000000 1.500000 2.000000 1.500000 2.000000 1.500000 2.000000 26.280001 1.500000 2.000000 1.500000 2.000000 1.500000 2.000000 120.000000 120.000000 60.000000 20.000000 20.000000 1.500000 2.000000 53.639999 1.500000 65.520003 2.000000 39.959999 1.500000 26.280001 2.000000 92.880003 1.500000 65.520003 2.000000 53.639999 1.500000 39.959999 2.000000 65.520003 1.500000 27.360000 2.000000
1.500000 2.000000 1.500000 2.000000 1.500000 2.000000 1.500000 2.000000 1.500000 2.000000 26.280001 1.500000 2.000000 1.500000 2.000000 1.500000 2.000000 120.000000 120.000000 60.000000 20.000000 20.000000 1.500000 2.000000 53.639999 1.500000 65.520003 2.000000 39.959999 1.500000 26.280001 2.000000 92.880003 1.500000 65.520003 2.000000 53.639999 1.500000 39.959999 2.000000 65.520003 1.500000 27.360000 2.000000
1.500000 2.000000 1.500000 2.000000 1.500000 2.000000 1.500000 2.000000 1.500000 2.000000 26.280001 1.500000 2.000000 1.500000 2.000000 1.500000 2.000000 120.000000 120.000000 60.000000 20.000000 20.000000 1.500000 2.000000 53.639999 1.500000 65.520003 2.000000 39.959999 1.500000 26.280001 2.000000 92.880003 1.500000 65.520003 2.000000 53.639999 1.500000 39.959999 2.000000 65.520003 1.500000 27.360000 2.000000
1.500000 2.000000 1.500000 2.000000 1.500000 2.000000 1.500000 2.000000 1.500000 2.000000 26.280001 1.500000 2.000000 1.500000 2.000000 1.500000 2.000000 120.000000 120.000000 60.000000 20.000000 20.000000 1.500000 2.000000 53.639999 1.500000 65.520003 2.000000 39.959999 1.500000 26.280001 2.000000 92.880003 1.500000 65.520003 2.000000 53.639999 1.500000 39.959999 2.000000 65.520003 1.500000 27.360000 2.000000
1.500000 2.000000 1.500000 2.000000 1.500000 2.000000 1.500000 2.000000 1.500000 2.000000 26.280001 1.500000 2.000000 1.500000 2.000000 1.500000 2.000000 120.000000 120.000000 60.000000 20.000000 20.000000 1.500000 2.000000 72.906906 1.500000 67.247256 2.000000 39.959999 1.500000 35.500577 2.000000 104.400686 1.500000 65.520003 2.000000 53.639999 1.500000 39.959999 2.000000 65.520003 1.500000 27.360000 2.000000
1.500000 2.000000 1.500000 2.000000 1.500000 2.000000 1.500000 2.000000 1.500000 2.000000 26.280001 1.500000 2.000000 1.500000 2.000000 1.500000 2.000000 120.000000 120.000000 60.000000 20.000000 20.000000 1.500000 2.000000 60.662663 1.500000 65.570026 2.000000 39.959999 1.500000 29.599378 2.000000 98.258294 1.500000 65.520003 2.000000 53.639999 1.500000 39.959999 2.000000 65.520003 1.500000 27.360000 2.000000
1.500000 2.000000 1.500000 2.000000 1.500000 2.000000 1.500000 2.000000 1.500000 2.000000 26.280001 1.500000 2.000000 1.500000 2.000000 1.500000 2.000000 120.000000 120.000000 60.000000 20.000000 20.000000 1.500000 2.000000 53.639999 1.500000 65.520003 2.000000 39.959999 1.500000 26.280001 2.000000 92.880003 1.500000 65.625445 2.000000 53.639999 1.500000 39.959999 2.000000 65.520003 1.500000 27.360000 2.000000
1.500000 2.000000 1.500000 2.000000 1.500000 2.000000 1.500000 2.000000 1.500000 2.000000 26.280001 1.500000 2.000000 1.500000 2.000000 1.500000 2.000000 120.000000 120.000000 60.000000 20.000000 20.000000 1.500000 2.000000 53.639999 1.500000 65.520003 2.000000 39.959999 1.500000 26.280001 2.000000 92.880003 1.500000 66.366535 2.000000 53.639999 1.500000 39.959999 2.000000 65.520003 1.500000 27.360000 2.000000
1.500000 2.000000 1.500000 2.000000 1.500000 2.000000 1.500000 2.000000 1.500000 2.000000 26.280001 1.500000 2.000000 1.500000 2.000000 1.500000 2.000000 120.000000 120.000000 60.000000 20.000000 20.000000 1.500000 2.000000 53.639999 1.500000 65.520003 2.000000 39.959999 1.500000 26.280001 2.000000 92.880003 1.500000 65.520003 2.000000 53.639999 1.500000 39.959999 2.000000 65.520003 1.500000 27.360000 2.000000
1.500000 2.000000 1.500000 2.000000 1.500000 2.000000 1.500000 2.000000 1.500000 2.000000 26.280001 1.500000 2.000000 1.500000 2.000000 1.500000 2.000000 120.000000 120.000000 60.000000 20.000000 20.000000 1.500000 2.000000 53.639999 1.500000 65.520003 2.000000 39.959999 1.500000 26.280001 2.000000 92.880003 1.500000 65.520003 2.000000 53.639999 1.500000 39.959999 2.000000 65.520003 1.500000 27.360000 2.000000
1.500000 2.000000 1.500000 2.000000 1.500000 2.000000 1.500000 2.000000 1.500000 2.000000 26.280001 1.500000 2.000000 1.500000 2.000000 1.500000 2.000000 120.000000 120.000000 60.000000 20.000000 20.000000 1.500000 2.000000 53.639999 1.500000 65.520003 2.000000 39.959999 1.500000 26.280001 2.000000 92.880003 1.500000 65.520003 2.000000 53.639999 1.500000 39.959999 2.000000 65.520003 1.500000 27.360000 2.000000
1.500000 2.000000 1.500000 2.000000 1.500000 2.000000 1.500000 2.000000 1.500000 2.000000 26.280001 1.500000 2.000000 1.500000 2.000000 1.500000 2.000000 120.000000 120.000000 60.000000 20.000000 20.000000 1.500000 2.000000 53.639999 1.500000 65.520003 2.000000 39.959999 1.500000 26.280001 2.000000 92.880003 1.500000 65.520003 2.000000 53.639999 1.500000 39.959999 2.000000 65.520003 1.500000 27.360000 2.000000
1.500000 2.000000 1.500000 2.000000 1.500000 2.000000 1.500000 2.000000 1.500000 2.000000 26.280001 1.500000 2.000000 1.500000 2.000000 1.500000 2.000000 120.000000 120.000000 60.000000 20.000000 20.000000 1.500000 2.000000 53.639999 1.500000 65.520003 2.000000 39.959999 1.500000 26.280001 2.000000 92.880003 1.500000 65.520003 2.000000 53.639999 1.500000 39.959999 2.000000 65.520003 1.500000 27.360000 2.000000
1.500000 2.000000 1.500000 2.000000 1.500000 2.000000 1.500000 2.000000 1.500000 2.000000 26.280001 1.500000 2.000000 1.500000 2.000000 1.500000 2.000000 120.000000 120.000000 60.000000 20.000000 20.000000 1.500000 2.000000 53.639999 1.500000 65.520003 2.000000 39.959999 1.500000 26.280001 2.000000 92.880003 1.500000 65.520003 2.000000 53.639999 1.500000 39.959999 2.000000 65.520003 1.500000 27.360000 2.000000
1.500000 2.000000 1.500000 2.000000 1.500000 2.000000 1.500000 2.000000 1.500000 2.000000 26.280001 1.500000 2.000000 1.500000 2.000000 1.500000 2.000000 120.000000 120.000000 60.000000 20.000000 20.000000 1.500000 2.000000 53.639999 1.500000 65.520003 2.000000 39.959999 1.500000 26.280001 2.000000 92.880003 1.500000 65.520003 2.000000 53.639999 1.500000 39.959999 2.000000 65.520003 1.500000 27.360000 2.000000
1.500000 2.000000 1.500000 2.000000 1.500000 2.000000 1.500000 2.000000 1.500000 2.000000 26.280001 1.500000 2.000000 1.500000 2.000000 1.500000 2.000000 120.000000 120.000000 60.000000 20.000000 20.000000 1.500000 2.000000 53.639999 1.500000 65.520003 2.000000 39.959999 1.500000 26.280001 2.000000 92.880003 1.500000 65.520003 2.000000 53.639999 1.500000 39.959999 2.000000 65.520003 1.500000 27.360000 2.000000
1.500000 2.000000 1.500000 2.000000 1.500000 2.000000 1.500000 2.000000 1.500000 2.000000 26.280001 1.500000 2.000000 1.500000 2.000000 1.500000 2.000000 120.000000 120.000000 60.000000 20.000000 20.000000 1.500000 2.000000 53.639999 1.500000 65.520003 2.000000 39.959999 1.500000 26.280001 2.000000 92.880003 1.500000 65.520003 2.000000 53.639999 1.500000 39.959999 2.000000 65.520003 1.500000 27.360000 2.000000
1.500000 2.000000 1.500000 2.000000 1.500000 2.000000 1.500000 2.000000 1.500000 2.000000 26.280001 1.500000 2.000000 1.500000 2.000000 1.500000 2.000000 120.000000 120.000000 60.000000 20.000000 20.000000 1.500000 2.000000 53.639999 1.500000 65.520003 2.000000 39.959999 1.500000 26.280001 2.000000 92.880003 1.500000 65.520003 2.000000 53.639999 1.500000 39.959999 2.000000 65.520003 1.500000 27.360000 2.000000
1.500000 2.000000 1.500000 2.000000 1.500000 2.000000 1.500000 2.000000 1.500000 2.000000 26.280001 1.500000 2.000000 1.500000 2.000000 1.500000 2.000000 120.000000 120.000000 60.000000 20.000000 20.000000 1.500000 2.000000 53.639999 1.500000 65.520003 2.000000 39.959999 1.500000 26.280001 2.000000 92.880003 1.500000 65.520003 2.000000 53.639999 1.500000 39.959999 2.000000 65.520003 1.500000 27.360000 2.000000
1.500000 2.000000 1.500000 2.000000 1.500000 2.000000 1.500000 2.000000 1.500000 2.000000 26.280001 1.500000 2.000000 1.500000 2.000000 1.500000 2.000000 120.000000 120.000000 60.000000 20.000000 20.000000 1.500000 2.000000 74.387650 1.500000 67.967618 2.000000 39.959999 1.500000 36.220939 2.000000 105.881431 1.500000 65.520003 2.000000 53.639999 1.500000 39.959999 2.000000 65.520003 1.500000 27.360000 2.000000
1.500000 2.000000 1.500000 2.000000 1.500000 2.000000 1.500000 2.000000 1.500000 2.000000 26.280001 1.500000 2.000000 1.500000 2.000000 1.500000 2.000000 120.000000 120.000000 60.000000 20.000000 20.000000 1.500000 2.000000 66.069730 1.500000 66.236104 2.000000 39.959999 1.500000 32.202113 2.000000 103.626078 1.500000 65.520003 2.000000 53.639999 1.500000 39.959999 2.000000 65.520003 1.500000 27.360000 2.000000
1.500000 2.000000 1.500000 2.000000 1.500000 2.000000 1.500000 2.000000 1.500000 2.000000 26.280001 1.500000 2.000000 1.500000 2.000000 1.500000 2.000000 120.000000 120.000000 60.000000 20.000000 20.000000 1.500000 2.000000 53.639999 1.500000 65.520003 2.000000 39.959999 1.500000 26.280001 2.000000 92.880003 1.500000 65.596294 2.000000 53.639999 1.500000 39.959999 2.000000 65.520003 1.500000 27.360000 2.000000
1.500000 2.000000 1.500000 2.000000 1.500000 2.000000 1.500000 2.000000 1.500000 2.000000 26.280001 1.500000 2.000000 1.500000 2.000000 1.500000 2.000000 120.000000 120.000000 60.000000 20.000000 20.000000 1.500000 2.000000 53.639999 1.500000 65.520003 2.000000 39.959999 1.500000 26.280001 2.000000 92.880003 1.500000 65.754434 2.000000 53.639999 1.500000 39.959999 2.000000 65.520003 1.500000 27.360000 2.000000
1.500000 2.000000 1.500000 2.000000 1.500000 2.000000 1.500000 2.000000 1.500000 2.000000 26.280001 1.500000 2.000000 1.500000 2.000000 1.500000 2.000000 120.000000 120.000000 60.000000 20.000000 20.000000 1.500000 2.000000 53.639999 1.500000 65.520003 2.000000 39.959999 1.500000 26.280001 2.000000 92.880003 1.500000 65.520003 2.000000 53.639999 1.500000 39.959999 2.000000 65.520003 1.500000 27.360000 2.000000
1.500000 2.000000 1.500000 2.000000 1.500000 2.000000 1.500000 2.000000 1.500000 2.000000 26.280001 1.500000 2.000000 1.500000 2.000000 1.500000 2.000000 120.000000 120.000000 60.000000 20.000000 20.000000 1.500000 2.000000 53.639999 1.500000 65.520003 2.000000 39.959999 1.500000 26.280001 2.000000 92.880003 1.500000 65.520003 2.000000 53.639999 1.500000 39.959999 2.000000 65.520003 1.500000 27.360000 2.000000
1.500000 2.000000 1.500000 2.000000 1.500000 2.000000 1.500000 2.000000 1.500000 2.000000 26.280001 1.500000 2.000000 1.500000 2.000000 1.500000 2.000000 120.000000 120.000000 60.000000 20.000000 20.000000 1.500000 2.000000 53.639999 1.500000 65.520003 2.000000 39.959999 1.500000 26.280001 2.000000 92.880003 1.500000 65.520003 2.000000 53.639999 1.500000 39.959999 2.000000 65.520003 1.500000 27.360000 2.000000
1.500000 2.000000 1.500000 2.000000 1.500000 2.000000 1.500000 2.000000 1.500000 2.000000 26.280001 1.500000 2.000000 1.500000 2.000000 1.500000 2.000000 120.000000 120.000000 60.000000 20.000000 20.000000 1.500000 2.000000 53.639999 1.500000 65.520003 2.000000 39.959999 1.500000 26.280001 2.000000 92.880003 1.500000 65.520003 2.000000 53.639999 1.500000 39.959999 2.000000 65.520003 1.500000 27.360000 2.000000
1.500000 2.000000 1.500000 2.000000 1.500000 2.000000 1.500000 2.000000 1.500000 2.000000 26.280001 1.500000 2.000000 1.500000 2.000000 1.500000 2.000000 120.000000 120.000000 60.000000 20.000000 20.000000 1.500000 2.000000 53.639999 1.500000 65.520003 2.000000 39.959999 1.500000 26.280001 2.000000 92.880003 1.500000 65.520003 2.000000 53.639999 1.500000 39.959999 2.000000 65.520003 1.500000 27.360000 2.000000
1.500000 2.000000 1.500000 2.000000 1.500000 2.000000 1.500000 2.000000 1.500000 2.000000 26.280001 1.500000 2.000000 1.500000 2.000000 1.500000 2.000000 120.000000 120.000000 60.000000 20.000000 20.000000 1.500000 2.000000 53.639999 1.500000 65.520003 2.000000 39.959999 1.500000 26.280001 2.000000 92.880003 1.500000 65.520003 2.000000 53.639999 1.500000 39.959999 2.000000 65.520003 1.500000 27.360000 2.000000
1.500000 2.000000 1.500000 2.000000 1.500000 2.000000 1.500000 2.000000 1.500000 2.000000 26.280001 1.500000 2.000000 1.500000 2.000000 1.500000 2.000000 120.000000 120.000000 60.000000 20.000000 20.000000 1.500000 2.000000 53.639999 1.500000 65.520003 2.000000 39.959999 1.500000 26.280001 2.000000 92.880003 1.500000 65.520003 2.000000 53.639999 1.500000 39.959999 2.000000 65.520003 1.500000 27.360000 2.000000
1.500000 2.000000 1.500000 2.000000 1.500000 2.000000 1.500000 2.000000 1.500000 2.000000 26.280001 1.500000 2.000000 1.500000 2.000000 1.500000 2.000000 120.000000 120.000000 60.000000 20.000000 20.000000 1.500000 2.000000 53.639999 1.500000 65.520003 2.000000 39.959999 1.500000 26.280001 2.000000 92.880003 1.500000 65.520003 2.000000 53.639999 1.500000 39.959999 2.000000 65.520003 1.500000 27.360000 2.000000
1.500000 2.000000 1.500000 2.000000 1.500000 2.000000 1.500000 2.000000 1.500000 2.000000 26.280001 1.500000 2.000000 1.500000 2.000000 1.500000 2.000000 120.000000 120.000000 60.000000 20.000000 20.000000 1.500000 2.000000 53.639999 1.500000 65.520003 2.000000 39.959999 1.500000 26.280001 2.000000 92.880003 1.500000 65.520003 2.000000 53.639999 1.500000 39.959999 2.000000 65.520003 1.500000 27.360000 2.000000
1.500000 2.000000 1.500000 2.000000 1.500000 2.000000 1.500000 2.000000 1.500000 2.000000 26.280001 1.500000 2.000000 1.500000 2.000000 1.500000 2.000000 120.000000 120.000000 60.000000 20.000000 20.000000 1.500000 2.000000 53.639999 1.500000 65.520003 2.000000 39.959999 1.500000 26.280001 2.000000 92.880003 1.500000 65.520003 2.000000 53.639999 1.500000 39.959999 2.000000 65.520003 1.500000 27.360000 2.000000
1.500000 2.000000 1.500000 2.000000 1.500000 2.000000 1.500000 2.000000 1.500000 2.000000 26.280001 1.500000 2.000000 1.500000 2.000000 1.500000 2.000000 120.000000 120.000000 60.000000 20.000000 20.000000 1.500000 2.000000 53.639999 1.500000 65.520003 2.000000 39.959999 1.500000 26.280001 2.000000 92.880003 1.500000 65.520003 2.000000 53.639999 1.500000 39.959999 2.000000 65.520003 1.500000 27.360000 2.000000
1.500000 2.000000 1.500000 2.000000 1.500000 2.000000 1.500000 2.000000 1.500000 2.000000 26.280001 1.500000 2.000000 1.500000 2.000000 1.500000 2.000000 120.000000 120.000000 60.000000 20.000000 20.000000 1.500000 2.000000 74.294719 1.500000 67.913843 2.000000 39.959999 1.500000 36.175730 2.000000 105.770893 1.500000 65.520003 2.000000 53.639999 1.500000 39.959999 2.000000 65.520003 1.500000 27.360000 2.000000
1.500000 2.000000 1.500000 2.000000 1.500000 2.000000 1.500000 2.000000 1.500000 2.000000 26.280001 1.500000 2.000000 1.500000 2.000000 1.500000 2.000000 120.000000 120.000000 60.000000 20.000000 20.000000 1.500000 2.000000 65.117034 1.500000 66.074147 2.000000 39.959999 1.500000 31.738639 2.000000 102.742819 1.500000 65.520003 2.000000 53.639999 1.500000 39.959999 2.000000 65.520003 1.500000 27.360000 2.000000
1.500000 2.000000 1.500000 2.000000 1.500000 2.000000 1.500000 2.000000 1.500000 2.000000 26.280001 1.500000 2.000000 1.500000 2.000000 1.500000 2.000000 120.000000 120.000000 60.000000 20.000000 20.000000 1.500000 2.000000 53.639999 1.500000 65.520003 2.000000 39.959999 1.500000 26.280001 2.000000 92.880003 1.500000 65.625445 2.000000 53.639999 1.500000 39.959999 2.000000 65.520003 1.500000 27.360000 2.000000
1.500000 2.000000 1.500000 2.000000 1.500000 2.000000 1.500000 2.000000 1.500000 2.000000 26.280001 1.500000 2.000000 1.500000 2.000000 1.500000 2.000000 120.000000 120.000000 60.000000 20.000000 20.000000 1.500000 2.000000 53.639999 1.500000 65.520003 2.000000 39.959999 1.500000 26.280001 2.000000 92.880003 1.500000 65.964991 2.000000 53.639999 1.500000 39.959999 2.000000 65.520003 1.500000 27.360000 2.000000
1.500000 2.000000 1.500000 2.000000 1.500000 2.000000 1.500000 2.000000 1.500000 2.000000 26.280001 1.500000 2.000000 1.500000 2.000000 1.500000 2.000000 120.000000 120.000000 60.000000 20.000000 20.000000 1.500000 2.000000 53.639999 1.500000 65.520003 2.000000 39.959999 1.500000 26.280001 2.000000 92.880003 1.500000 65.520003 2.000000 53.639999 1.500000 39.959999 2.000000 65.520003 1.500000 27.360000 2.000000
1.500000 2.000000 1.500000 2.000000 1.500000 2.000000 1.500000 2.000000 1.500000 2.000000 26.280001 1.500000 2.000000 1.500000 2.000000 1.500000 2.000000 120.000000 120.000000 60.000000 20.000000 20.000000 1.500000 2.000000 53.639999 1.500000 65.520003 2.000000 39.959999 1.500000 26.280001 2.000000 92.880003 1.500000 65.520003 2.000000 53.639999 1.500000 39.959999 2.000000 65.520003 1.500000 27.360000 2.000000
1.500000 2.000000 1.500000 2.000000 1.500000 2.000000 1.500000 2.000000 1.500000 2.000000 26.280001 1.500000 2.000000 1.500000 2.000000 1.500000 2.000000 120.000000 120.000000 60.000000 20.000000 20.000000 1.500000 2.000000 53.639999 1.500000 65.520003 2.000000 39.959999 1.500000 26.280001 2.000000 92.880003 1.500000 65.520003 2.000000 53.639999 1.500000 39.959999 2.000000 65.520003 1.500000 27.360000 2.000000
1.500000 2.000000 1.500000 2.000000 1.500000 2.000000 1.500000 2.000000 1.500000 2.000000 26.280001 1.500000 2.000000 1.500000 2.000000 1.500000 2.000000 120.000000 120.000000 60.000000 20.000000 20.000000 1.500000 2.000000 53.639999 1.500000 65.520003 2.000000 39.959999 1.500000 26.280001 2.000000 92.880003 1.500000 65.520003 2.000000 53.639999 1.500000 39.959999 2.000000 65.520003 1.500000 27.360000 2.000000
1.500000 2.000000 1.500000 2.000000 1.500000 2.000000 1.500000 2.000000 1.500000 2.000000 26.280001 1.500000 2.000000 1.500000 2.000000 1.500000 2.000000 120.000000 120.000000 60.000000 20.000000 20.000000 1.500000 2.000000 53.639999 1.500000 65.520003 2.000000 39.959999 1.500000 26.280001 2.000000 92.880003 1.500000 65.520003 2.000000 53.639999 1.500000 39.959999 2.000000 65.520003 1.500000 27.360000 2.000000
1.500000 2.000000 1.500000 2.000000 1.500000 2.000000 1.500000 2.000000 1.500000 2.000000 26.280001 1.500000 2.000000 1.500000 2.000000 1.500000 2.000000 120.000000 120.000000 60.000000 20.000000 20.000000 1.500000 2.000000 53.639999 1.500000 65.520003 2.000000 39.959999 1.500000 26.280001 2.000000 92.880003 1.500000 65.520003 2.000000 53.639999 1.500000 39.959999 2.000000 65.520003 1.500000 27.360000 2.000000
1.500000 2.000000 1.500000 2.000000 1.500000 2.000000 1.500000 2.000000 1.500000 2.000000 26.280001 1.500000 2.000000 1.500000 2.000000 1.500000 2.000000 120.000000 120.000000 60.000000 20.000000 20.000000 1.500000 2.000000 53.639999 1.500000 65.520003 2.000000 39.959999 1.500000 26.280001 2.000000 92.880003 1.500000 65.520003 2.000000 53.639999 1.500000 39.959999 2.000000 65.520003 1.500000 27.360000 2.000000
1.500000 2.000000 1.500000 2.000000 1.500000 2.000000 1.500000 2.000000 1.500000 2.000000 26.280001 1.500000 2.000000 1.500000 2.000000 1.500000 2.000000 120.000000 120.000000 60.000000 20.000000 20.000000 1.500000 2.000000 53.639999 1.500000 65.520003 2.000000 39.959999 1.500000 26.280001 2.000000 92.880003 1.500000 65.520003 2.000000 53.639999 1.500000 39.959999 2.000000 65.520003 1.500000 27.360000 2.000000
1.500000 2.000000 1.500000 2.000000 1.500000 2.000000 1.500000 2.000000 1.500000 2.000000 26.280001 1.500000 2.000000 1.500000 2.000000 1.500000 2.000000 120.000000 120.000000 60.000000 20.000000 20.000000 1.500000 2.000000 53.639999 1.500000 65.520003 2.000000 39.959999 1.500000 26.280001 2.000000 92.880003 1.500000 65.520003 2.000000 53.639999 1.500000 39.959999 2.000000 65.520003 1.500000 27.360000 2.000000
1.500000 2.000000 1.500000 2.000000 1.500000 2.000000 1.500000 2.000000 1.500000 2.000000 26.280001 1.500000 2.000000 1.500000 2.000000 1.500000 2.000000 120.000000 120.000000 60.000000 20.000000 20.000000 1.500000 2.000000 53.639999 1.500000 65.520003 2.000000 39.959999 1.500000 26.280001 2.000000 92.880003 1.500000 65.520003 2.000000 53.639999 1.500000 39.959999 2.000000 65.520003 1.500000 27.360000 2.000000
1.500000 2.000000 1.500000 2.000000 1.500000 2.000000 1.500000 2.000000 1.500000 2.000000 26.280001 1.500000 2.000000 1.500000 2.000000 1.500000 2.000000 120.000000 120.000000 60.000000 20.000000 20.000000 1.500000 2.000000 53.639999 1.500000 65.520003 2.000000 39.959999 1.500000 26.280001 2.000000 92.880003 1.500000 65.520003 2.000000 53.639999 1.500000 39.959999 2.000000 65.520003 1.500000 27.360000 2.000000
1.500000 2.000000 1.500000 2.000000 1.500000 2.000000 1.500000 2.000000 1.500000 2.000000 26.280001 1.500000 2.000000 1.500000 2.000000 1.500000 2.000000 120.000000 120.000000 60.000000 20.000000 20.000000 1.500000 2.000000 73.545441 1.500000 67.581303 2.000000 39.959999 1.500000 35.811216 2.000000 104.999849 1.500000 65.520003 2.000000 53.639999 1.500000 39.959999 2.000000 65.520003 1.500000 27.360000 2.000000
1.500000 2.000000 1.500000 2.000000 1.500000 2.000000 1.500000 2.000000 1.500000 2.000000 26.280001 1.500000 2.000000 1.500000 2.000000 1.500000 2.000000 120.000000 120.000000 60.000000 20.000000 20.000000 1.500000 2.000000 63.096296 1.500000 65.785422 2.000000 39.959999 1.500000 30.769442 2.000000 100.519513 1.500000 65.520003 2.000000 53.639999 1.500000 39.959999 2.000000 65.520003 1.500000 27.360000 2.000000
1.500000 2.000000 1.500000 2.000000 1.500000 2.000000 1.500000 2.000000 1.500000 2.000000 26.280001 1.500000 2.000000 1.500000 2.000000 1.500000 2.000000 120.000000 120.000000 60.000000 20.000000 20.000000 1.500000 2.000000 53.639999 1.500000 65.520003 2.000000 39.959999 1.500000 26.280001 2.000000 92.880003 1.500000 65.719398 2.000000 53.639999 1.500000 39.959999 2.000000 65.520003 1.500000 27.360000 2.000000
1.500000 2.000000 1.500000 2.000000 1.500000 2.000000 1.500000 2.000000 1.500000 2.000000 26.280001 1.500000 2.000000 1.500000 2.000000 1.500000 2.000000 120.000000 120.000000 60.000000 20.000000 20.000000 1.500000 2.000000 53.639999 1.500000 65.520003 2.000000 39.959999 1.500000 26.280001 2.000000 92.880003 1.500000 66.786649 2.000000 53.639999 1.500000 39.959999 2.000000 65.520003 1.500000 27.360000 2.000000
1.500000 2.000000 1.500000 2.000000 1.500000 2.000000 1.500000 2.000000 1.500000 2.000000 26.280001 1.500000 2.000000 1.500000 2.000000 1.500000 2.000000 120.000000 120.000000 60.000000 20.000000 20.000000 1.500000 2.000000 53.639999 1.500000 65.520003 2.000000 39.959999 1.500000 26.280001 2.000000 92.880003 1.500000 65.520003 2.000000 53.639999 1.500000 39.959999 2.000000 65.520003 1.500000 27.360000 2.000000
1.500000 2.000000 1.500000 2.000000 1.500000 2.000000 1.500000 2.000000 1.500000 2.000000 26.280001 1.500000 2.000000 1.500000 2.000000 1.500000 2.000000 120.000000 120.000000 60.000000 20.000000 20.000000 1.500000 2.000000 53.639999 1.500000 65.520003 2.000000 39.959999 1.500000 26.280001 2.000000 92.880003 1.500000 65.520003 2.000000 53.639999 1.500000 39.959999 2.000000 65.520003 1.500000 27.360000 2.000000
1.500000 2.000000 1.500000 2.000000 1.500000 2.000000 1.500000 2.000000 1.500000 2.000000 26.280001 1.500000 2.000000 1.500000 2.000000 1.500000 2.000000 120.000000 120.000000 60.000000 20.000000 20.000000 1.500000 2.000000 53.639999 1.500000 65.520003 2.000000 39.959999 1.500000 26.280001 2.000000 92.880003 1.500000 65.520003 2.000000 53.639999 1.500000 39.959999 2.000000 65.520003 1.500000 27.360000 2.000000
1.500000 2.000000 1.500000 2.000000 1.500000 2.000000 1.500000 2.000000 1.500000 2.000000 26.280001 1.500000 2.000000 1.500000 2.000000 1.500000 2.000000 120.000000 120.000000 60.000000 20.000000 20.000000 1.500000 2.000000 53.639999 1.500000 65.520003 2.000000 39.959999 1.500000 26.280001 2.000000 92.880003 1.500000 65.520003 2.000000 53.639999 1.500000 39.959999 2.000000 65.520003 1.500000 27.360000 2.000000
1.500000 2.000000 1.500000 2.000000 1.500000 2.000000 1.500000 2.000000 1.500000 2.000000 26.280001 1.500000 2.000000 1.500000 2.000000 1.500000 2.000000 120.000000 120.000000 60.000000 20.000000 20.000000 1.500000 2.000000 53.639999 1.500000 65.520003 2.000000 39.959999 1.500000 26.280001 2.000000 92.880003 1.500000 65.520003 2.000000 53.639999 1.500000 39.959999 2.000000 65.520003 1.500000 27.360000 2.000000
1.500000 2.000000 1.500000 2.000000 1.500000 2.000000 1.500000 2.000000 1.500000 2.000000 26.280001 1.500000 2.000000 1.500000 2.000000 1.500000 2.000000 120.000000 120.000000 60.000000 20.000000 20.000000 1.500000 2.000000 53.639999 1.500000 65.520003 2.000000 39.959999 1.500000 26.280001 2.000000 92.880003 1.500000 65.520003 2.000000 53.639999 1.500000 39.959999 2.000000 65.520003 1.500000 27.360000 2.000000
1.500000 2.000000 1.500000 2.000000 1.500000 2.000000 1.500000 2.000000 1.500000 2.000000 26.280001 1.500000 2.000000 1.500000 2.000000 1.500000 2.000000 120.000000 120.000000 60.000000 20.000000 20.000000 1.500000 2.000000 53.639999 1.500000 65.520003 2.000000 39.959999 1.500000 26.280001 2.000000 92.880003 1.500000 65.520003 2.000000 53.639999 1.500000 39.959999 2.000000 65.520003 1.500000 27.360000 2.000000
1.500000 2.000000 1.500000 2.000000 1.500000 2.000000 1.500000 2.000000 1.500000 2.000000 26.280001 1.500000 2.000000 1.500000 2.000000 1.500000 2.000000 120.000000 120.000000 60.000000 20.000000 20.000000 1.500000 2.000000 53.639999 1.500000 65.520003 2.000000 39.959999 1.500000 26.280001 2.000000 92.880003 1.500000 65.520003 2.000000 53.639999 1.500000 39.959999 2.000000 65.520003 1.500000 27.360000 2.000000
1.500000 2.000000 1.500000 2.000000 1.500000 2.000000 1.500000 2.000000 1.500000 2.000000 26.280001 1.500000 2.000000 1.500000 2.000000 1.500000 2.000000 120.000000 120.000000 60.000000 20.000000 20.000000 1.500000 2.000000 53.639999 1.500000 65.520003 2.000000 39.959999 1.500000 26.280001 2.000000 92.880003 1.500000 65.520003 2.000000 53.639999 1.500000 39.959999 2.000000 65.520003 1.500000 27.360000 2.000000
1.500000 2.000000 1.500000 2.000000 1.500000 2.000000 1.500000 2.000000 1.500000 2.000000 26.280001 1.500000 2.000000 1.500000 2.000000 1.500000 2.000000 120.000000 120.000000 60.000000 20.000000 20.000000 1.500000 2.000000 53.639999 1.500000 65.520003 2.000000 39.959999 1.500000 26.280001 2.000000 92.880003 1.500000 65.520003 2.000000 53.639999 1.500000 39.959999 2.000000 65.520003 1.500000 27.360000 2.000000
