8 106 7 6 5 1 101 2 3 4
0.000000 0.000000 0.000000 0.000000 0.000000 0.000000 0.000000 0.000000 0.000000 0.000000
0.000000 0.000000 0.000000 0.000000 0.000000 0.000000 0.000000 0.000000 0.000000 0.000000
0.000000 0.000000 0.000000 0.000000 0.000000 3.600000 0.800000 3.200000 3.200000 0.000000
0.000000 0.000000 0.000000 0.000000 0.000000 2.800000 1.600000 6.400000 5.200000 0.000000
0.000000 0.000000 0.000000 0.000000 0.000000 1.400000 1.800000 9.600000 6.200000 0.000000
0.000000 0.000000 0.000000 0.000000 0.000000 0.200000 0.400000 12.600000 6.400000 0.000000
0.000000 0.000000 0.000000 0.000000 0.000000 0.000000 0.000000 13.200000 6.400000 0.000000
0.000000 0.000000 0.000000 0.000000 0.000000 0.000000 0.000000 13.200000 6.400000 0.000000
0.000000 0.000000 0.000000 0.000000 0.000000 0.000000 0.000000 13.200000 6.400000 0.000000
0.000000 0.000000 0.000000 0.000000 0.000000 0.000000 0.000000 13.200000 6.400000 0.000000
0.000000 0.000000 0.000000 0.000000 0.000000 0.000000 0.000000 13.200000 6.400000 0.000000
0.000000 0.000000 0.000000 0.000000 0.000000 0.000000 0.000000 13.200000 6.400000 0.000000
0.000000 0.000000 0.000000 0.000000 0.000000 0.000000 0.000000 13.600000 6.600000 0.000000
0.000000 0.000000 0.000000 0.000000 0.200000 0.000000 0.000000 13.200000 6.400000 0.400000
0.000000 0.000000 0.000000 0.000000 0.400000 0.000000 0.000000 13.600000 6.800000 0.800000
0.000000 0.000000 0.000000 0.400000 1.200000 0.000000 0.000000 12.600000 6.400000 1.600000
0.000000 0.000000 0.000000 1.200000 2.400000 0.000000 0.000000 11.800000 4.600000 2.200000
0.000000 0.000000 0.000000 1.800000 3.000000 0.000000 0.000000 9.800000 4.200000 3.600000
0.000000 0.000000 0.000000 2.600000 3.800000 0.000000 0.000000 7.600000 3.600000 4.800000
0.000000 0.000000 0.000000 2.800000 4.800000 0.000000 0.000000 5.400000 2.000000 6.400000
0.000000 0.000000 0.000000 3.800000 5.200000 0.000000 0.000000 3.400000 1.400000 6.800000
0.000000 0.000000 0.000000 4.600000 5.400000 0.000000 0.000000 2.600000 1.400000 6.800000
0.000000 0.000000 0.000000 5.200000 5.800000 0.000000 0.000000 1.200000 0.800000 7.000000
0.000000 0.000000 0.000000 5.400000 6.000000 0.000000 0.000000 1.400000 0.600000 7.400000
0.000000 0.000000 0.000000 5.800000 6.200000 0.000000 0.000000 0.200000 0.400000 7.000000
0.000000 0.000000 0.000000 5.800000 6.600000 0.000000 0.000000 0.400000 0.000000 6.800000
0.000000 0.000000 0.000000 6.200000 6.400000 0.000000 0.000000 0.000000 0.000000 6.400000
0.000000 0.000000 0.000000 5.800000 6.400000 0.000000 0.000000 0.000000 0.000000 6.800000
0.000000 0.000000 0.000000 6.200000 6.800000 0.000000 0.000000 0.000000 0.000000 6.400000
0.000000 0.000000 0.000000 5.800000 6.200000 0.000000 0.000000 0.000000 0.000000 6.400000
0.000000 0.000000 0.000000 5.600000 5.800000 0.000000 0.000000 0.000000 0.000000 5.800000
0.000000 0.000000 0.000000 4.800000 6.400000 0.000000 0.000000 0.000000 0.000000 4.400000
0.000000 0.000000 0.000000 4.400000 5.600000 0.000000 0.000000 0.000000 0.000000 4.000000
0.000000 0.000000 0.000000 4.400000 5.600000 0.000000 0.000000 0.000000 0.000000 3.000000
0.000000 0.000000 0.000000 3.200000 6.000000 0.000000 0.000000 0.000000 0.000000 2.400000
0.000000 0.000000 0.000000 3.000000 6.000000 0.000000 0.000000 0.000000 0.000000 1.400000
0.000000 0.000000 0.000000 2.200000 6.000000 0.000000 0.000000 0.000000 0.000000 1.400000
0.000000 0.000000 0.000000 1.800000 6.400000 0.000000 0.000000 0.000000 0.000000 0.600000
0.000000 0.000000 0.000000 1.600000 6.600000 0.000000 0.000000 0.000000 0.000000 0.800000
0.000000 0.000000 0.000000 0.400000 6.200000 0.000000 0.000000 0.000000 0.000000 0.600000
0.000000 0.000000 0.000000 0.600000 6.000000 0.000000 0.000000 0.000000 0.000000 0.400000
0.000000 0.000000 0.000000 0.200000 6.000000 0.000000 0.000000 0.000000 0.000000 0.000000
0.000000 0.000000 0.000000 0.200000 5.800000 0.000000 0.000000 0.000000 0.000000 0.000000
0.000000 0.000000 0.000000 0.400000 5.800000 0.000000 0.000000 0.000000 0.000000 0.000000
0.000000 0.000000 0.000000 0.000000 5.600000 0.000000 0.000000 0.000000 0.000000 0.000000
0.000000 0.000000 0.000000 0.000000 5.400000 0.000000 0.000000 0.000000 0.000000 0.000000
0.000000 0.000000 0.000000 0.000000 4.600000 0.000000 0.000000 0.000000 0.000000 0.000000
0.000000 0.000000 0.000000 0.000000 4.200000 0.000000 0.000000 0.000000 0.000000 0.000000
0.000000 0.000000 0.000000 0.000000 3.800000 0.000000 0.000000 0.000000 0.000000 0.000000
0.000000 0.000000 0.000000 0.000000 3.400000 0.000000 0.000000 0.000000 0.000000 0.000000
0.000000 0.000000 0.000000 0.000000 3.000000 0.000000 0.000000 0.000000 0.000000 0.000000
0.000000 0.000000 0.000000 0.000000 2.800000 0.000000 0.000000 0.000000 0.000000 0.000000
0.000000 0.000000 0.000000 0.000000 1.800000 0.000000 0.000000 0.000000 0.000000 0.000000
0.000000 0.000000 0.000000 0.000000 1.800000 0.000000 0.000000 0.000000 0.000000 0.000000
0.000000 0.000000 0.000000 0.000000 1.200000 0.000000 0.000000 0.000000 0.000000 0.000000
0.000000 0.000000 0.000000 0.000000 0.800000 0.000000 0.000000 0.000000 0.000000 0.000000
0.000000 0.000000 0.000000 0.000000 1.000000 0.000000 0.000000 0.000000 0.000000 0.000000
0.000000 0.000000 0.000000 0.000000 1.000000 0.000000 0.000000 0.000000 0.000000 0.000000
0.000000 0.000000 0.000000 0.000000 0.200000 0.000000 0.000000 0.000000 0.000000 0.000000
0.000000 0.000000 0.000000 0.000000 0.200000 0.000000 0.000000 0.000000 0.000000 0.000000
0.000000 0.000000 0.000000 0.000000 0.200000 0.000000 0.000000 0.000000 0.000000 0.000000
0.000000 0.000000 0.000000 0.000000 0.400000 0.000000 0.000000 0.000000 0.000000 0.000000
0.000000 0.000000 0.000000 0.000000 0.000000 118.200000 0.000000 6.200000 6.200000 0.000000
0.000000 0.000000 0.000000 0.000000 0.000000 131.000000 0.000000 12.400000 12.400000 0.000000
0.000000 0.000000 0.000000 0.000000 0.000000 118.600000 0.000000 18.600000 18.600000 0.000000
0.000000 0.000000 0.000000 0.000000 0.000000 106.200000 0.000000 24.800000 24.800000 0.000000
0.000000 0.000000 0.000000 0.000000 0.000000 93.800000 0.000000 31.000000 31.000000 0.000000
0.000000 0.000000 0.000000 0.000000 0.000000 81.400000 0.000000 37.200000 37.200000 0.000000
0.000000 0.000000 0.000000 0.000000 0.000000 69.000000 0.000000 43.400000 43.400000 0.000000
0.000000 0.000000 0.000000 0.000000 0.000000 56.600000 0.000000 49.600000 49.600000 0.000000
0.000000 0.000000 0.000000 0.000000 0.000000 44.200000 0.000000 55.800000 55.800000 0.000000
0.000000 0.000000 0.000000 0.000000 0.000000 31.800000 0.000000 62.000000 62.000000 0.000000
0.000000 0.000000 0.000000 0.000000 0.000000 19.400000 0.000000 74.200000 74.200000 0.000000
0.000000 0.000000 0.000000 3.200000 0.000000 10.600000 0.000000 80.000000 70.800000 0.000000
0.000000 0.000000 0.000000 6.400000 0.000000 4.400000 0.000000 84.600000 63.600000 0.000000
0.000000 0.000000 0.000000 9.600000 0.000000 0.000000 0.000000 86.800000 59.000000 0.000000
0.000000 0.000000 0.000000 12.800000 0.000000 0.000000 0.000000 84.400000 54.600000 0.000000
0.000000 0.000000 0.000000 16.000000 0.000000 0.000000 0.000000 81.600000 48.600000 0.000000
0.000000 0.000000 0.000000 19.200000 0.000000 0.000000 0.000000 78.600000 43.400000 0.000000
0.000000 0.000000 0.000000 22.400000 0.000000 0.000000 0.000000 75.400000 38.200000 0.000000
0.000000 0.000000 0.000000 25.600000 0.000000 0.000000 0.000000 72.200000 33.000000 0.000000
0.000000 0.000000 0.000000 28.800000 0.000000 0.000000 0.000000 69.000000 27.800000 0.000000
0.000000 0.000000 0.000000 32.000000 0.000000 0.000000 0.000000 66.000000 22.800000 0.000000
0.000000 0.000000 0.000000 38.200000 0.000000 0.000000 0.000000 62.800000 17.200000 0.000000
0.000000 0.000000 0.000000 38.400000 0.000000 0.000000 0.000000 59.800000 12.000000 0.000000
0.000000 0.000000 0.000000 38.000000 0.000000 0.000000 0.000000 56.600000 3.200000 0.000000
0.000000 0.000000 0.000000 39.000000 0.000000 0.000000 0.000000 53.400000 0.000000 0.000000
0.000000 0.000000 0.000000 39.600000 0.000000 0.000000 0.000000 50.200000 0.000000 0.000000
0.000000 0.000000 0.000000 40.200000 0.000000 0.000000 0.000000 46.800000 0.000000 0.000000
0.000000 0.000000 0.000000 40.800000 0.000000 0.000000 0.000000 43.600000 0.000000 0.000000
0.000000 0.000000 0.000000 41.400000 0.000000 0.000000 0.000000 40.400000 0.000000 0.000000
0.000000 0.000000 0.000000 41.800000 0.000000 0.000000 0.000000 37.800000 0.000000 0.000000
0.000000 0.000000 0.000000 42.200000 0.000000 0.000000 0.000000 35.000000 0.000000 0.000000
0.000000 0.000000 0.000000 42.800000 0.000000 0.000000 0.000000 32.200000 0.000000 0.000000
0.000000 0.000000 0.000000 42.800000 0.000000 0.000000 0.000000 29.200000 0.000000 0.000000
0.000000 0.000000 0.000000 43.000000 0.000000 0.000000 0.000000 24.800000 0.000000 0.000000
0.000000 0.000000 0.000000 43.800000 0.000000 0.000000 0.000000 18.800000 0.000000 0.000000
0.000000 0.000000 0.000000 44.200000 0.000000 0.000000 0.000000 12.800000 0.000000 0.000000
0.000000 0.000000 0.000000 44.600000 0.000000 0.000000 0.000000 6.800000 0.000000 0.000000
0.000000 0.000000 0.000000 45.000000 0.000000 0.000000 0.000000 0.800000 0.000000 0.000000
0.000000 0.000000 0.000000 43.000000 0.000000 0.000000 0.000000 0.000000 0.000000 0.000000
0.000000 0.000000 0.000000 40.000000 0.000000 0.000000 0.000000 0.000000 0.000000 0.000000
0.000000 0.000000 0.000000 37.400000 0.000000 0.000000 0.000000 0.000000 0.000000 0.000000
0.000000 0.000000 0.000000 34.800000 0.000000 0.000000 0.000000 0.000000 0.000000 0.000000
0.000000 0.000000 0.000000 32.200000 0.000000 0.000000 0.000000 0.000000 0.000000 0.000000
0.000000 0.000000 0.000000 29.800000 0.000000 0.000000 0.000000 0.000000 0.000000 0.000000
0.000000 0.000000 0.000000 26.800000 0.000000 0.000000 0.000000 0.000000 0.000000 0.000000
0.000000 0.000000 0.000000 24.200000 0.000000 0.000000 0.000000 0.000000 0.000000 0.000000
0.000000 0.000000 0.000000 21.600000 0.000000 0.000000 0.000000 0.000000 0.000000 0.000000
0.000000 0.000000 0.000000 19.000000 0.000000 0.000000 0.000000 0.000000 0.000000 0.000000
0.000000 0.000000 0.000000 16.400000 0.000000 0.000000 0.000000 0.000000 0.000000 0.000000
0.000000 0.000000 0.000000 13.800000 0.000000 0.000000 0.000000 0.000000 0.000000 0.000000
0.000000 0.000000 0.000000 11.200000 0.000000 0.000000 0.000000 0.000000 0.000000 0.000000
0.000000 0.000000 0.000000 8.600000 0.000000 0.000000 0.000000 0.000000 0.000000 0.000000
0.000000 0.000000 0.000000 6.200000 0.000000 0.000000 0.000000 0.000000 0.000000 0.000000
0.000000 0.000000 0.000000 1.200000 0.000000 0.000000 0.000000 0.000000 0.000000 0.000000
0.000000 0.000000 0.000000 0.000000 0.000000 0.000000 0.000000 0.000000 0.000000 0.000000
0.000000 0.000000 0.000000 0.000000 0.000000 0.000000 0.000000 0.000000 0.000000 0.000000
0.000000 0.000000 0.000000 0.000000 0.000000 0.000000 0.000000 0.000000 0.000000 0.000000
0.000000 0.000000 0.000000 0.000000 0.000000 0.000000 0.000000 0.000000 0.000000 0.000000
0.000000 0.000000 0.000000 0.000000 0.000000 0.000000 0.000000 0.000000 0.000000 0.000000
0.000000 0.000000 0.000000 0.000000 0.000000 0.000000 0.000000 0.000000 0.000000 0.000000
0.000000 0.000000 0.000000 0.000000 0.000000 0.000000 0.000000 0.000000 0.000000 0.000000
0.000000 0.000000 0.000000 0.000000 0.000000 0.000000 0.000000 0.000000 0.000000 0.000000
0.000000 0.000000 0.000000 0.000000 0.000000 0.000000 0.000000 0.000000 0.000000 0.000000
0.000000 0.000000 0.000000 0.000000 0.000000 0.000000 0.000000 0.000000 0.000000 0.000000
0.000000 0.000000 0.000000 0.000000 0.000000 0.000000 0.000000 0.000000 0.000000 0.000000
0.000000 0.000000 0.000000 0.000000 0.000000 0.000000 0.000000 0.000000 0.000000 0.000000
0.000000 0.000000 0.000000 0.000000 0.000000 0.000000 0.000000 0.000000 0.000000 0.000000
0.000000 0.000000 0.000000 0.000000 0.000000 0.000000 0.000000 0.000000 0.000000 0.000000
0.000000 0.000000 0.000000 0.000000 0.000000 0.000000 0.000000 0.000000 0.000000 0.000000
0.000000 0.000000 0.000000 0.000000 0.000000 0.000000 0.000000 0.000000 0.000000 0.000000
0.000000 0.000000 0.000000 0.000000 0.000000 0.000000 0.000000 0.000000 0.000000 0.000000
0.000000 0.000000 0.000000 0.000000 0.000000 0.000000 0.000000 0.000000 0.000000 0.000000
0.000000 0.000000 0.000000 0.000000 0.000000 0.000000 0.000000 0.000000 0.000000 0.000000
0.000000 0.000000 0.000000 0.000000 0.000000 0.000000 0.000000 0.000000 0.000000 0.000000
0.000000 0.000000 0.000000 0.000000 0.000000 0.000000 0.000000 0.000000 0.000000 0.000000
0.000000 0.000000 0.000000 0.000000 0.000000 0.000000 0.000000 0.000000 0.000000 0.000000
0.000000 0.000000 0.000000 0.000000 0.000000 0.000000 0.000000 0.000000 0.000000 0.000000
0.000000 0.000000 0.000000 0.000000 0.000000 0.000000 0.000000 0.000000 0.000000 0.000000
0.000000 0.000000 0.000000 0.000000 0.000000 0.000000 0.000000 0.000000 0.000000 0.000000
0.000000 0.000000 0.000000 0.000000 0.000000 0.000000 0.000000 0.000000 0.000000 0.000000
0.000000 0.000000 0.000000 0.000000 0.000000 0.000000 0.000000 0.000000 0.000000 0.000000
0.000000 0.000000 0.000000 0.000000 0.000000 0.000000 0.000000 0.000000 0.000000 0.000000
0.000000 0.000000 0.000000 0.000000 0.000000 0.000000 0.000000 0.000000 0.000000 0.000000
0.000000 0.000000 0.000000 0.000000 0.000000 0.000000 0.000000 0.000000 0.000000 0.000000
0.000000 0.000000 0.000000 0.000000 0.000000 0.000000 0.000000 0.000000 0.000000 0.000000
0.000000 0.000000 0.000000 0.000000 0.000000 0.000000 0.000000 0.000000 0.000000 0.000000
0.000000 0.000000 0.000000 0.000000 0.000000 0.000000 0.000000 0.000000 0.000000 0.000000
0.000000 0.000000 0.000000 0.000000 0.000000 0.000000 0.000000 0.000000 0.000000 0.000000
0.000000 0.000000 0.000000 0.000000 0.000000 0.000000 0.000000 0.000000 0.000000 0.000000
0.000000 0.000000 0.000000 0.000000 0.000000 0.000000 0.000000 0.000000 0.000000 0.000000
0.000000 0.000000 0.000000 0.000000 0.000000 0.000000 0.000000 0.000000 0.000000 0.000000
0.000000 0.000000 0.000000 0.000000 0.000000 0.000000 0.000000 0.000000 0.000000 0.000000
0.000000 0.000000 0.000000 0.000000 0.000000 0.000000 0.000000 0.000000 0.000000 0.000000
0.000000 0.000000 0.000000 0.000000 0.000000 0.000000 0.000000 0.000000 0.000000 0.000000
0.000000 0.000000 0.000000 0.000000 0.000000 0.000000 0.000000 0.000000 0.000000 0.000000
0.000000 0.000000 0.000000 0.000000 0.000000 0.000000 0.000000 0.000000 0.000000 0.000000
0.000000 0.000000 0.000000 0.000000 0.000000 0.000000 0.000000 0.000000 0.000000 0.000000
0.000000 0.000000 0.000000 0.000000 0.000000 0.000000 0.000000 0.000000 0.000000 0.000000
0.000000 0.000000 0.000000 0.000000 0.000000 0.000000 0.000000 0.000000 0.000000 0.000000
0.000000 0.000000 0.000000 0.000000 0.000000 0.000000 0.000000 0.000000 0.000000 0.000000
0.000000 0.000000 0.000000 0.000000 0.000000 0.000000 0.000000 0.000000 0.000000 0.000000
0.000000 0.000000 0.000000 0.000000 0.000000 0.000000 0.000000 0.000000 0.000000 0.000000
0.000000 0.000000 0.000000 0.000000 0.000000 0.000000 0.000000 0.000000 0.000000 0.000000
0.000000 0.000000 0.000000 0.000000 0.000000 0.000000 0.000000 0.000000 0.000000 0.000000
0.000000 0.000000 0.000000 0.000000 0.000000 0.000000 0.000000 0.000000 0.000000 0.000000
0.000000 0.000000 0.000000 0.000000 0.000000 0.000000 0.000000 0.000000 0.000000 0.000000
0.000000 0.000000 0.000000 0.000000 0.000000 0.000000 0.000000 0.000000 0.000000 0.000000
0.000000 0.000000 0.000000 0.000000 0.000000 0.000000 0.000000 0.000000 0.000000 0.000000
0.000000 0.000000 0.000000 0.000000 0.000000 0.000000 0.000000 0.000000 0.000000 0.000000
0.000000 0.000000 0.000000 0.000000 0.000000 0.000000 0.000000 0.000000 0.000000 0.000000
0.000000 0.000000 0.000000 0.000000 0.000000 0.000000 0.000000 0.000000 0.000000 0.000000
0.000000 0.000000 0.000000 0.000000 0.000000 0.000000 0.000000 0.000000 0.000000 0.000000
0.000000 0.000000 0.000000 0.000000 0.000000 0.000000 0.000000 0.000000 0.000000 0.000000
0.000000 0.000000 0.000000 0.000000 0.000000 0.000000 0.000000 0.000000 0.000000 0.000000
0.000000 0.000000 0.000000 0.000000 0.000000 0.000000 0.000000 0.000000 0.000000 0.000000
0.000000 0.000000 0.000000 0.000000 0.000000 0.000000 0.000000 0.000000 0.000000 0.000000
0.000000 0.000000 0.000000 0.000000 0.000000 0.000000 0.000000 0.000000 0.000000 0.000000
0.000000 0.000000 0.000000 0.000000 0.000000 0.000000 0.000000 0.000000 0.000000 0.000000
0.000000 0.000000 0.000000 0.000000 0.000000 0.000000 0.000000 0.000000 0.000000 0.000000
0.000000 0.000000 0.000000 0.000000 0.000000 0.000000 0.000000 0.000000 0.000000 0.000000
0.000000 0.000000 0.000000 0.000000 0.000000 4.200000 1.000000 3.200000 3.200000 0.000000
0.000000 0.000000 0.000000 0.000000 0.000000 0.800000 0.200000 6.200000 4.800000 0.000000
0.000000 0.000000 0.000000 0.000000 0.000000 0.000000 0.000000 7.200000 4.800000 0.000000
0.000000 0.000000 0.000000 0.000000 0.000000 0.000000 0.000000 7.200000 4.800000 0.000000
0.000000 0.000000 0.000000 0.000000 0.000000 0.000000 0.000000 7.200000 4.800000 0.000000
0.000000 0.000000 0.000000 0.000000 0.000000 0.000000 0.000000 7.200000 4.800000 0.000000
0.000000 0.000000 0.000000 0.000000 0.000000 0.000000 0.000000 7.200000 4.800000 0.000000
0.000000 0.000000 0.000000 0.000000 0.000000 0.000000 0.000000 7.200000 4.800000 0.000000
0.000000 0.000000 0.000000 0.000000 0.000000 0.000000 0.000000 7.200000 4.800000 0.000000
0.000000 0.000000 0.000000 0.000000 0.000000 0.000000 0.000000 7.200000 4.800000 0.000000
0.000000 0.000000 0.000000 0.000000 0.000000 0.000000 0.000000 7.600000 5.200000 0.000000
0.000000 0.000000 0.000000 0.000000 0.400000 0.000000 0.000000 9.200000 6.000000 0.400000
0.000000 0.000000 0.000000 0.400000 1.000000 0.000000 0.000000 9.200000 5.400000 0.400000
0.000000 0.000000 0.000000 0.600000 1.600000 0.000000 0.000000 9.000000 5.000000 1.000000
0.000000 0.000000 0.000000 1.800000 2.400000 0.000000 0.000000 7.200000 4.200000 1.200000
0.000000 0.000000 0.000000 2.400000 3.200000 0.000000 0.000000 6.200000 3.200000 1.600000
0.000000 0.000000 0.000000 3.400000 3.800000 0.000000 0.000000 6.000000 2.200000 1.600000
0.000000 0.000000 0.000000 3.800000 4.000000 0.000000 0.000000 5.000000 2.200000 2.000000
0.000000 0.000000 0.000000 4.000000 4.400000 0.000000 0.000000 4.600000 1.400000 2.200000
0.000000 0.000000 0.000000 4.200000 4.400000 0.000000 0.000000 3.800000 1.800000 2.400000
0.000000 0.000000 0.000000 4.200000 4.800000 0.000000 0.000000 3.800000 1.000000 2.400000
0.000000 0.000000 0.000000 4.200000 5.000000 0.000000 0.000000 4.200000 1.200000 2.600000
0.000000 0.000000 0.000000 4.400000 5.000000 0.000000 0.000000 4.800000 1.800000 2.400000
0.000000 0.000000 0.000000 4.800000 4.800000 0.000000 0.000000 4.200000 2.000000 2.600000
0.000000 0.000000 0.000000 5.200000 4.800000 0.000000 0.000000 4.200000 2.000000 2.400000
0.000000 0.000000 0.000000 4.400000 5.400000 0.000000 0.000000 3.800000 1.200000 2.800000
0.000000 0.000000 0.000000 5.000000 5.400000 0.000000 0.000000 3.200000 1.200000 3.200000
0.000000 0.000000 0.000000 4.600000 5.600000 0.000000 0.000000 3.200000 1.200000 3.200000
0.000000 0.000000 0.000000 4.800000 5.400000 0.000000 0.000000 3.000000 1.400000 3.000000
0.000000 0.000000 0.000000 5.000000 5.600000 0.000000 0.000000 1.800000 1.000000 3.000000
0.000000 0.000000 0.000000 3.800000 5.400000 0.000000 0.000000 1.800000 1.000000 2.600000
0.000000 0.000000 0.000000 3.400000 5.800000 0.000000 0.000000 2.200000 1.000000 2.200000
0.000000 0.000000 0.000000 3.400000 5.600000 0.000000 0.000000 1.600000 1.000000 1.400000
0.000000 0.000000 0.000000 3.000000 6.000000 0.000000 0.000000 1.800000 1.200000 1.600000
0.000000 0.000000 0.000000 3.000000 5.600000 0.000000 0.000000 1.200000 1.200000 1.600000
0.000000 0.000000 0.000000 2.800000 5.400000 0.000000 0.000000 1.000000 1.400000 1.400000
0.000000 0.000000 0.000000 2.600000 6.200000 0.000000 0.000000 0.600000 1.400000 1.600000
0.000000 0.000000 0.000000 2.400000 6.200000 0.000000 0.000000 0.600000 0.600000 1.800000
0.000000 0.000000 0.000000 2.000000 6.200000 0.000000 0.000000 0.600000 0.800000 1.600000
0.000000 0.000000 0.000000 2.200000 6.200000 0.000000 0.000000 0.600000 0.600000 1.200000
0.000000 0.000000 0.000000 1.800000 6.600000 0.000000 0.000000 0.800000 0.200000 1.400000
0.000000 0.000000 0.000000 1.800000 6.400000 0.000000 0.000000 0.600000 0.200000 1.200000
0.000000 0.000000 0.000000 1.800000 5.600000 0.000000 0.000000 0.200000 0.200000 1.600000
0.000000 0.000000 0.000000 2.200000 5.200000 0.000000 0.000000 0.200000 0.200000 1.200000
0.000000 0.000000 0.000000 1.800000 5.400000 0.000000 0.000000 0.200000 0.200000 1.200000
0.000000 0.000000 0.000000 1.400000 5.000000 0.000000 0.000000 0.200000 0.200000 1.200000
0.000000 0.000000 0.000000 0.600000 5.000000 0.000000 0.000000 0.200000 0.400000 1.600000
0.000000 0.000000 0.000000 0.800000 4.800000 0.000000 0.000000 0.200000 0.000000 0.800000
0.000000 0.000000 0.000000 0.800000 4.400000 0.000000 0.000000 0.400000 0.000000 1.000000
0.000000 0.000000 0.000000 0.000000 4.400000 0.000000 0.000000 0.000000 0.000000 1.000000
0.000000 0.000000 0.000000 0.000000 4.400000 0.000000 0.000000 0.000000 0.000000 0.600000
0.000000 0.000000 0.000000 0.000000 4.400000 0.000000 0.000000 0.000000 0.000000 0.800000
0.000000 0.000000 0.000000 0.000000 4.400000 0.000000 0.000000 0.000000 0.000000 0.400000
0.000000 0.000000 0.000000 0.000000 4.600000 0.000000 0.000000 0.000000 0.000000 0.400000
0.000000 0.000000 0.000000 0.000000 4.600000 0.000000 0.000000 0.000000 0.000000 0.400000
0.000000 0.000000 0.000000 0.000000 4.200000 0.000000 0.000000 0.000000 0.000000 0.400000
0.000000 0.000000 0.000000 0.000000 3.400000 0.000000 0.000000 0.000000 0.000000 0.400000
0.000000 0.000000 0.000000 0.000000 3.400000 0.000000 0.000000 0.000000 0.000000 0.400000
0.000000 0.000000 0.000000 0.000000 3.400000 0.000000 0.000000 0.000000 0.000000 0.400000
0.000000 0.000000 0.000000 0.000000 3.600000 0.000000 0.000000 0.000000 0.000000 0.600000
0.000000 0.000000 0.000000 0.000000 3.400000 117.200000 0.000000 6.200000 6.200000 0.200000
0.000000 0.000000 0.000000 0.000000 3.400000 131.000000 0.000000 12.400000 12.400000 0.200000
0.000000 0.000000 0.000000 0.000000 2.800000 118.600000 0.000000 18.600000 18.600000 0.200000
0.000000 0.000000 0.000000 0.000000 2.400000 106.200000 0.000000 24.800000 24.800000 0.200000
0.000000 0.000000 0.000000 0.000000 2.400000 93.800000 0.000000 31.000000 31.000000 0.200000
0.000000 0.000000 0.000000 0.000000 2.800000 81.400000 0.000000 37.200000 37.200000 0.400000
0.000000 0.000000 0.000000 0.000000 2.400000 69.000000 0.000000 43.400000 43.400000 0.000000
0.000000 0.000000 0.000000 0.000000 1.800000 56.600000 0.000000 49.600000 49.600000 0.000000
0.000000 0.000000 0.000000 0.000000 1.400000 44.200000 0.000000 55.800000 55.800000 0.000000
0.000000 0.000000 0.000000 0.000000 1.400000 31.800000 0.000000 62.000000 62.000000 0.000000
0.000000 0.000000 0.000000 0.000000 1.600000 19.400000 0.000000 74.200000 74.200000 0.000000
0.000000 0.000000 0.000000 3.200000 1.200000 7.000000 0.000000 80.000000 74.400000 0.000000
0.000000 0.000000 0.000000 6.400000 1.400000 0.000000 0.000000 84.200000 68.200000 0.000000
0.000000 0.000000 0.000000 9.600000 1.200000 0.000000 0.000000 81.800000 64.200000 0.000000
0.000000 0.000000 0.000000 12.800000 1.000000 0.000000 0.000000 79.200000 59.400000 0.000000
0.000000 0.000000 0.000000 16.000000 0.800000 0.000000 0.000000 76.400000 53.200000 0.000000
0.000000 0.000000 0.000000 19.200000 0.400000 0.000000 0.000000 73.600000 48.600000 0.000000
0.000000 0.000000 0.000000 22.400000 0.400000 0.000000 0.000000 70.600000 43.200000 0.000000
0.000000 0.000000 0.000000 25.600000 0.600000 0.000000 0.000000 67.400000 37.600000 0.000000
0.000000 0.000000 0.000000 28.800000 0.200000 0.000000 0.000000 64.400000 32.400000 0.000000
0.000000 0.000000 0.000000 32.000000 0.200000 0.000000 0.000000 61.200000 27.400000 0.000000
0.000000 0.000000 0.000000 38.200000 0.200000 0.000000 0.000000 58.000000 21.800000 0.000000
0.000000 0.000000 0.000000 38.400000 0.200000 0.000000 0.000000 54.800000 16.600000 0.000000
0.000000 0.000000 0.000000 38.000000 0.200000 0.000000 0.000000 51.600000 11.400000 0.000000
0.000000 0.000000 0.000000 39.000000 0.200000 0.000000 0.000000 48.400000 2.000000 0.000000
0.000000 0.000000 0.000000 39.600000 0.200000 0.000000 0.000000 45.400000 0.000000 0.000000
0.000000 0.000000 0.000000 40.400000 0.200000 0.000000 0.000000 42.200000 0.000000 0.000000
0.000000 0.000000 0.000000 40.600000 0.200000 0.000000 0.000000 39.000000 0.000000 0.000000
0.000000 0.000000 0.000000 41.000000 0.200000 0.000000 0.000000 35.800000 0.000000 0.000000
0.000000 0.000000 0.000000 42.200000 0.200000 0.000000 0.000000 32.600000 0.000000 0.000000
0.000000 0.000000 0.000000 42.400000 0.200000 0.000000 0.000000 29.400000 0.000000 0.000000
0.000000 0.000000 0.000000 42.800000 0.200000 0.000000 0.000000 26.400000 0.000000 0.000000
0.000000 0.000000 0.000000 43.400000 0.400000 0.000000 0.000000 20.400000 0.000000 0.000000
0.000000 0.000000 0.000000 43.600000 0.000000 0.000000 0.000000 14.000000 0.000000 0.000000
0.000000 0.000000 0.000000 44.000000 0.000000 0.000000 0.000000 8.000000 0.000000 0.000000
0.000000 0.000000 0.000000 44.400000 0.000000 0.000000 0.000000 2.000000 0.000000 0.000000
0.000000 0.000000 0.000000 43.000000 0.000000 0.000000 0.000000 0.000000 0.000000 0.000000
0.000000 0.000000 0.000000 40.000000 0.000000 0.000000 0.000000 0.000000 0.000000 0.000000
0.000000 0.000000 0.000000 37.400000 0.000000 0.000000 0.000000 0.000000 0.000000 0.000000
0.000000 0.000000 0.000000 35.000000 0.000000 0.000000 0.000000 0.000000 0.000000 0.000000
0.000000 0.000000 0.000000 32.000000 0.000000 0.000000 0.000000 0.000000 0.000000 0.000000
0.000000 0.000000 0.000000 29.200000 0.000000 0.000000 0.000000 0.000000 0.000000 0.000000
0.000000 0.000000 0.000000 27.000000 0.000000 0.000000 0.000000 0.000000 0.000000 0.000000
0.000000 0.000000 0.000000 24.600000 0.000000 0.000000 0.000000 0.000000 0.000000 0.000000
0.000000 0.000000 0.000000 21.600000 0.000000 0.000000 0.000000 0.000000 0.000000 0.000000
0.000000 0.000000 0.000000 19.000000 0.000000 0.000000 0.000000 0.000000 0.000000 0.000000
0.000000 0.000000 0.000000 16.600000 0.000000 0.000000 0.000000 0.000000 0.000000 0.000000
0.000000 0.000000 0.000000 13.600000 0.000000 0.000000 0.000000 0.000000 0.000000 0.000000
0.000000 0.000000 0.000000 11.000000 0.000000 0.000000 0.000000 0.000000 0.000000 0.000000
0.000000 0.000000 0.000000 8.400000 0.000000 0.000000 0.000000 0.000000 0.000000 0.000000
0.000000 0.000000 0.000000 6.000000 0.000000 0.000000 0.000000 0.000000 0.000000 0.000000
0.000000 0.000000 0.000000 0.800000 0.000000 0.000000 0.000000 0.000000 0.000000 0.000000
0.000000 0.000000 0.000000 0.000000 0.000000 0.000000 0.000000 0.000000 0.000000 0.000000
0.000000 0.000000 0.000000 0.000000 0.000000 0.000000 0.000000 0.000000 0.000000 0.000000
0.000000 0.000000 0.000000 0.000000 0.000000 0.000000 0.000000 0.000000 0.000000 0.000000
0.000000 0.000000 0.000000 0.000000 0.000000 0.000000 0.000000 0.000000 0.000000 0.000000
0.000000 0.000000 0.000000 0.000000 0.000000 0.000000 0.000000 0.000000 0.000000 0.000000
0.000000 0.000000 0.000000 0.000000 0.000000 0.000000 0.000000 0.000000 0.000000 0.000000
0.000000 0.000000 0.000000 0.000000 0.000000 0.000000 0.000000 0.000000 0.000000 0.000000
0.000000 0.000000 0.000000 0.000000 0.000000 0.000000 0.000000 0.000000 0.000000 0.000000
0.000000 0.000000 0.000000 0.000000 0.000000 0.000000 0.000000 0.000000 0.000000 0.000000
0.000000 0.000000 0.000000 0.000000 0.000000 0.000000 0.000000 0.000000 0.000000 0.000000
0.000000 0.000000 0.000000 0.000000 0.000000 0.000000 0.000000 0.000000 0.000000 0.000000
0.000000 0.000000 0.000000 0.000000 0.000000 0.000000 0.000000 0.000000 0.000000 0.000000
0.000000 0.000000 0.000000 0.000000 0.000000 0.000000 0.000000 0.000000 0.000000 0.000000
0.000000 0.000000 0.000000 0.000000 0.000000 0.000000 0.000000 0.000000 0.000000 0.000000
0.000000 0.000000 0.000000 0.000000 0.000000 0.000000 0.000000 0.000000 0.000000 0.000000
0.000000 0.000000 0.000000 0.000000 0.000000 0.000000 0.000000 0.000000 0.000000 0.000000
0.000000 0.000000 0.000000 0.000000 0.000000 0.000000 0.000000 0.000000 0.000000 0.000000
0.000000 0.000000 0.000000 0.000000 0.000000 0.000000 0.000000 0.000000 0.000000 0.000000
0.000000 0.000000 0.000000 0.000000 0.000000 0.000000 0.000000 0.000000 0.000000 0.000000
0.000000 0.000000 0.000000 0.000000 0.000000 0.000000 0.000000 0.000000 0.000000 0.000000
0.000000 0.000000 0.000000 0.000000 0.000000 0.000000 0.000000 0.000000 0.000000 0.000000
0.000000 0.000000 0.000000 0.000000 0.000000 0.000000 0.000000 0.000000 0.000000 0.000000
0.000000 0.000000 0.000000 0.000000 0.000000 0.000000 0.000000 0.000000 0.000000 0.000000
0.000000 0.000000 0.000000 0.000000 0.000000 0.000000 0.000000 0.000000 0.000000 0.000000
0.000000 0.000000 0.000000 0.000000 0.000000 0.000000 0.000000 0.000000 0.000000 0.000000
0.000000 0.000000 0.000000 0.000000 0.000000 0.000000 0.000000 0.000000 0.000000 0.000000
0.000000 0.000000 0.000000 0.000000 0.000000 0.000000 0.000000 0.000000 0.000000 0.000000
0.000000 0.000000 0.000000 0.000000 0.000000 0.000000 0.000000 0.000000 0.000000 0.000000
0.000000 0.000000 0.000000 0.000000 0.000000 0.000000 0.000000 0.000000 0.000000 0.000000
0.000000 0.000000 0.000000 0.000000 0.000000 0.000000 0.000000 0.000000 0.000000 0.000000
0.000000 0.000000 0.000000 0.000000 0.000000 0.000000 0.000000 0.000000 0.000000 0.000000
0.000000 0.000000 0.000000 0.000000 0.000000 0.000000 0.000000 0.000000 0.000000 0.000000
0.000000 0.000000 0.000000 0.000000 0.000000 0.000000 0.000000 0.000000 0.000000 0.000000
0.000000 0.000000 0.000000 0.000000 0.000000 0.000000 0.000000 0.000000 0.000000 0.000000
0.000000 0.000000 0.000000 0.000000 0.000000 0.000000 0.000000 0.000000 0.000000 0.000000
0.000000 0.000000 0.000000 0.000000 0.000000 0.000000 0.000000 0.000000 0.000000 0.000000
0.000000 0.000000 0.000000 0.000000 0.000000 0.000000 0.000000 0.000000 0.000000 0.000000
0.000000 0.000000 0.000000 0.000000 0.000000 0.000000 0.000000 0.000000 0.000000 0.000000
0.000000 0.000000 0.000000 0.000000 0.000000 0.000000 0.000000 0.000000 0.000000 0.000000
0.000000 0.000000 0.000000 0.000000 0.000000 0.000000 0.000000 0.000000 0.000000 0.000000
0.000000 0.000000 0.000000 0.000000 0.000000 0.000000 0.000000 0.000000 0.000000 0.000000
0.000000 0.000000 0.000000 0.000000 0.000000 0.000000 0.000000 0.000000 0.000000 0.000000
0.000000 0.000000 0.000000 0.000000 0.000000 0.000000 0.000000 0.000000 0.000000 0.000000
0.000000 0.000000 0.000000 0.000000 0.000000 0.000000 0.000000 0.000000 0.000000 0.000000
0.000000 0.000000 0.000000 0.000000 0.000000 0.000000 0.000000 0.000000 0.000000 0.000000
0.000000 0.000000 0.000000 0.000000 0.000000 0.000000 0.000000 0.000000 0.000000 0.000000
0.000000 0.000000 0.000000 0.000000 0.000000 0.000000 0.000000 0.000000 0.000000 0.000000
0.000000 0.000000 0.000000 0.000000 0.000000 0.000000 0.000000 0.000000 0.000000 0.000000
0.000000 0.000000 0.000000 0.000000 0.000000 0.000000 0.000000 0.000000 0.000000 0.000000
0.000000 0.000000 0.000000 0.000000 0.000000 0.000000 0.000000 0.000000 0.000000 0.000000
0.000000 0.000000 0.000000 0.000000 0.000000 0.000000 0.000000 0.000000 0.000000 0.000000
0.000000 0.000000 0.000000 0.000000 0.000000 0.000000 0.000000 0.000000 0.000000 0.000000
0.000000 0.000000 0.000000 0.000000 0.000000 0.000000 0.000000 0.000000 0.000000 0.000000
0.000000 0.000000 0.000000 0.000000 0.000000 0.000000 0.000000 0.000000 0.000000 0.000000
0.000000 0.000000 0.000000 0.000000 0.000000 0.000000 0.000000 0.000000 0.000000 0.000000
0.000000 0.000000 0.000000 0.000000 0.000000 0.000000 0.000000 0.000000 0.000000 0.000000
0.000000 0.000000 0.000000 0.000000 0.000000 0.000000 0.000000 0.000000 0.000000 0.000000
0.000000 0.000000 0.000000 0.000000 0.000000 0.000000 0.000000 0.000000 0.000000 0.000000
0.000000 0.000000 0.000000 0.000000 0.000000 0.000000 0.000000 0.000000 0.000000 0.000000
0.000000 0.000000 0.000000 0.000000 0.000000 0.000000 0.000000 0.000000 0.000000 0.000000
0.000000 0.000000 0.000000 0.000000 0.000000 0.000000 0.000000 0.000000 0.000000 0.000000
0.000000 0.000000 0.000000 0.000000 0.000000 0.000000 0.000000 0.000000 0.000000 0.000000
0.000000 0.000000 0.000000 0.000000 0.000000 0.000000 0.000000 0.000000 0.000000 0.000000
0.000000 0.000000 0.000000 0.000000 0.000000 0.000000 0.000000 0.000000 0.000000 0.000000
0.000000 0.000000 0.000000 0.000000 0.000000 0.000000 0.000000 0.000000 0.000000 0.000000
0.000000 0.000000 0.000000 0.000000 0.000000 0.000000 0.000000 0.000000 0.000000 0.000000
0.000000 0.000000 0.000000 0.000000 0.000000 0.000000 0.000000 0.000000 0.000000 0.000000
0.000000 0.000000 0.000000 0.000000 0.000000 0.000000 0.000000 0.000000 0.000000 0.000000
0.000000 0.000000 0.000000 0.000000 0.000000 6.800000 1.200000 3.200000 3.200000 0.000000
0.000000 0.000000 0.000000 0.000000 0.000000 5.800000 0.600000 6.200000 5.400000 0.000000
0.000000 0.000000 0.000000 0.000000 0.000000 3.000000 0.200000 9.400000 5.400000 0.000000
0.000000 0.000000 0.000000 0.000000 0.000000 0.000000 0.000000 12.600000 5.400000 0.000000
0.000000 0.000000 0.000000 0.000000 0.000000 0.000000 0.000000 12.600000 5.400000 0.000000
0.000000 0.000000 0.000000 0.000000 0.000000 0.000000 0.000000 12.600000 5.400000 0.000000
0.000000 0.000000 0.000000 0.000000 0.000000 0.000000 0.000000 12.600000 5.400000 0.000000
0.000000 0.000000 0.000000 0.000000 0.000000 0.000000 0.000000 12.600000 5.400000 0.000000
0.000000 0.000000 0.000000 0.000000 0.000000 0.000000 0.000000 12.600000 5.400000 0.000000
0.000000 0.000000 0.000000 0.000000 0.000000 0.000000 0.000000 12.600000 5.400000 0.000000
0.000000 0.000000 0.000000 0.000000 0.000000 0.000000 0.000000 12.800000 5.600000 0.000000
0.000000 0.000000 0.000000 0.000000 0.200000 0.000000 0.000000 14.600000 6.600000 0.200000
0.000000 0.000000 0.000000 0.200000 0.600000 0.000000 0.000000 15.000000 6.800000 0.200000
0.000000 0.000000 0.000000 0.600000 1.600000 0.000000 0.000000 15.400000 5.400000 0.600000
0.000000 0.000000 0.000000 1.400000 2.200000 0.000000 0.000000 13.400000 5.200000 1.800000
0.000000 0.000000 0.000000 2.800000 3.200000 0.000000 0.000000 11.200000 4.000000 2.400000
0.000000 0.000000 0.000000 4.000000 4.000000 0.000000 0.000000 10.400000 3.000000 3.000000
0.000000 0.000000 0.000000 4.400000 4.600000 0.000000 0.000000 8.600000 2.200000 4.400000
0.000000 0.000000 0.000000 5.600000 5.000000 0.000000 0.000000 6.200000 1.400000 4.800000
0.000000 0.000000 0.000000 5.800000 5.000000 0.000000 0.000000 5.200000 1.600000 5.400000
0.000000 0.000000 0.000000 6.400000 5.200000 0.000000 0.000000 4.400000 1.400000 5.400000
0.000000 0.000000 0.000000 6.600000 5.400000 0.000000 0.000000 4.000000 1.200000 5.800000
0.000000 0.000000 0.000000 6.600000 5.600000 0.000000 0.000000 4.400000 1.800000 5.800000
0.000000 0.000000 0.000000 6.800000 5.800000 0.000000 0.000000 4.000000 2.000000 5.800000
0.000000 0.000000 0.000000 6.800000 5.800000 0.000000 0.000000 4.600000 1.600000 6.400000
0.000000 0.000000 0.000000 7.000000 5.800000 0.000000 0.000000 3.800000 1.800000 5.800000
0.000000 0.000000 0.000000 7.600000 6.000000 0.000000 0.000000 3.400000 1.600000 6.200000
0.000000 0.000000 0.000000 7.400000 6.000000 0.000000 0.000000 2.800000 1.400000 5.800000
0.000000 0.000000 0.000000 6.800000 6.600000 0.000000 0.000000 2.600000 1.000000 5.800000
0.000000 0.000000 0.000000 6.400000 6.600000 0.000000 0.000000 2.600000 1.000000 5.200000
0.000000 0.000000 0.000000 6.200000 7.000000 0.000000 0.000000 2.200000 1.000000 5.000000
0.000000 0.000000 0.000000 5.200000 6.800000 0.000000 0.000000 1.400000 1.000000 4.400000
0.000000 0.000000 0.000000 4.800000 6.800000 0.000000 0.000000 1.400000 1.000000 3.800000
0.000000 0.000000 0.000000 3.600000 7.400000 0.000000 0.000000 1.600000 1.400000 3.000000
0.000000 0.000000 0.000000 3.200000 7.800000 0.000000 0.000000 2.000000 1.200000 2.400000
0.000000 0.000000 0.000000 2.800000 8.400000 0.000000 0.000000 1.600000 1.000000 2.600000
0.000000 0.000000 0.000000 2.600000 8.200000 0.000000 0.000000 0.800000 0.600000 2.200000
0.000000 0.000000 0.000000 2.600000 8.200000 0.000000 0.000000 1.000000 0.600000 2.000000
0.000000 0.000000 0.000000 3.000000 7.600000 0.000000 0.000000 0.800000 0.600000 2.000000
0.000000 0.000000 0.000000 2.200000 8.000000 0.000000 0.000000 0.400000 0.800000 2.000000
0.000000 0.000000 0.000000 2.400000 7.800000 0.000000 0.000000 0.400000 0.600000 2.000000
0.000000 0.000000 0.000000 2.200000 8.000000 0.000000 0.000000 0.400000 0.200000 1.200000
0.000000 0.000000 0.000000 2.200000 7.400000 0.000000 0.000000 0.400000 0.200000 1.200000
0.000000 0.000000 0.000000 1.600000 7.800000 0.000000 0.000000 0.600000 0.200000 1.600000
0.000000 0.000000 0.000000 1.600000 7.000000 0.000000 0.000000 0.200000 0.200000 1.000000
0.000000 0.000000 0.000000 0.800000 7.200000 0.000000 0.000000 0.400000 0.200000 1.000000
0.000000 0.000000 0.000000 1.000000 5.800000 0.000000 0.000000 0.000000 0.200000 1.200000
0.000000 0.000000 0.000000 0.800000 5.000000 0.000000 0.000000 0.000000 0.400000 1.400000
0.000000 0.000000 0.000000 0.400000 5.600000 0.000000 0.000000 0.000000 0.000000 1.000000
0.000000 0.000000 0.000000 0.600000 4.600000 0.000000 0.000000 0.000000 0.000000 1.000000
0.000000 0.000000 0.000000 0.200000 4.600000 0.000000 0.000000 0.000000 0.000000 1.000000
0.000000 0.000000 0.000000 0.200000 4.200000 0.000000 0.000000 0.000000 0.000000 1.200000
0.000000 0.000000 0.000000 0.200000 4.200000 0.000000 0.000000 0.000000 0.000000 1.000000
0.000000 0.000000 0.000000 0.200000 4.200000 0.000000 0.000000 0.000000 0.000000 0.600000
0.000000 0.000000 0.000000 0.400000 4.200000 0.000000 0.000000 0.000000 0.000000 0.800000
0.000000 0.000000 0.000000 0.000000 5.000000 0.000000 0.000000 0.000000 0.000000 0.400000
0.000000 0.000000 0.000000 0.000000 4.000000 0.000000 0.000000 0.000000 0.000000 0.600000
0.000000 0.000000 0.000000 0.000000 3.800000 0.000000 0.000000 0.000000 0.000000 0.200000
0.000000 0.000000 0.000000 0.000000 3.400000 0.000000 0.000000 0.000000 0.000000 0.200000
0.000000 0.000000 0.000000 0.000000 3.400000 0.000000 0.000000 0.000000 0.000000 0.200000
0.000000 0.000000 0.000000 0.000000 3.400000 114.400000 0.000000 6.200000 6.200000 0.200000
0.000000 0.000000 0.000000 0.000000 3.400000 131.000000 0.000000 12.400000 12.400000 0.200000
0.000000 0.000000 0.000000 0.000000 3.400000 118.600000 0.000000 18.600000 18.600000 0.400000
0.000000 0.000000 0.000000 0.000000 3.600000 106.200000 0.000000 24.800000 24.800000 0.000000
0.000000 0.000000 0.000000 0.000000 3.600000 93.800000 0.000000 31.000000 31.000000 0.000000
0.000000 0.000000 0.000000 0.000000 3.000000 81.400000 0.000000 37.200000 37.200000 0.000000
0.000000 0.000000 0.000000 0.000000 2.800000 69.000000 0.000000 43.400000 43.400000 0.000000
0.000000 0.000000 0.000000 0.000000 2.800000 56.600000 0.000000 49.600000 49.600000 0.000000
0.000000 0.000000 0.000000 0.000000 2.400000 44.200000 0.000000 55.800000 55.800000 0.000000
0.000000 0.000000 0.000000 0.000000 1.600000 31.800000 0.000000 62.000000 62.000000 0.000000
0.000000 0.000000 0.000000 0.000000 1.800000 19.400000 0.000000 74.200000 74.200000 0.000000
0.000000 0.000000 0.000000 3.200000 1.400000 7.200000 0.000000 80.000000 74.200000 0.000000
0.000000 0.000000 0.000000 6.400000 1.400000 1.000000 0.000000 84.600000 67.000000 0.000000
0.000000 0.000000 0.000000 9.600000 1.400000 0.000000 0.000000 83.400000 62.400000 0.000000
0.000000 0.000000 0.000000 12.800000 1.600000 0.000000 0.000000 80.800000 58.000000 0.000000
0.000000 0.000000 0.000000 16.000000 1.200000 0.000000 0.000000 78.000000 52.000000 0.000000
0.000000 0.000000 0.000000 19.200000 1.600000 0.000000 0.000000 75.000000 46.800000 0.000000
0.000000 0.000000 0.000000 22.400000 1.000000 0.000000 0.000000 72.000000 41.800000 0.000000
0.000000 0.000000 0.000000 25.600000 0.600000 0.000000 0.000000 69.000000 36.200000 0.000000
0.000000 0.000000 0.000000 28.800000 0.600000 0.000000 0.000000 65.800000 31.000000 0.000000
0.000000 0.000000 0.000000 32.000000 0.800000 0.000000 0.000000 62.600000 26.000000 0.000000
0.000000 0.000000 0.000000 38.200000 0.400000 0.000000 0.000000 59.400000 20.400000 0.000000
0.000000 0.000000 0.000000 38.400000 0.400000 0.000000 0.000000 56.200000 15.200000 0.000000
0.000000 0.000000 0.000000 38.000000 0.400000 0.000000 0.000000 53.000000 9.600000 0.000000
0.000000 0.000000 0.000000 39.000000 0.600000 0.000000 0.000000 49.800000 0.000000 0.000000
0.000000 0.000000 0.000000 39.600000 0.200000 0.000000 0.000000 46.600000 0.000000 0.000000
0.000000 0.000000 0.000000 40.200000 0.200000 0.000000 0.000000 43.600000 0.000000 0.000000
0.000000 0.000000 0.000000 40.800000 0.200000 0.000000 0.000000 40.400000 0.000000 0.000000
0.000000 0.000000 0.000000 41.400000 0.200000 0.000000 0.000000 37.600000 0.000000 0.000000
0.000000 0.000000 0.000000 41.400000 0.200000 0.000000 0.000000 34.800000 0.000000 0.000000
0.000000 0.000000 0.000000 41.800000 0.200000 0.000000 0.000000 32.000000 0.000000 0.000000
0.000000 0.000000 0.000000 42.400000 0.400000 0.000000 0.000000 29.000000 0.000000 0.000000
0.000000 0.000000 0.000000 42.400000 0.000000 0.000000 0.000000 24.400000 0.000000 0.000000
0.000000 0.000000 0.000000 42.800000 0.000000 0.000000 0.000000 18.400000 0.000000 0.000000
0.000000 0.000000 0.000000 43.200000 0.000000 0.000000 0.000000 12.400000 0.000000 0.000000
0.000000 0.000000 0.000000 43.600000 0.000000 0.000000 0.000000 6.400000 0.000000 0.000000
0.000000 0.000000 0.000000 44.000000 0.000000 0.000000 0.000000 0.400000 0.000000 0.000000
0.000000 0.000000 0.000000 41.600000 0.000000 0.000000 0.000000 0.000000 0.000000 0.000000
0.000000 0.000000 0.000000 39.200000 0.000000 0.000000 0.000000 0.000000 0.000000 0.000000
0.000000 0.000000 0.000000 36.200000 0.000000 0.000000 0.000000 0.000000 0.000000 0.000000
0.000000 0.000000 0.000000 33.600000 0.000000 0.000000 0.000000 0.000000 0.000000 0.000000
0.000000 0.000000 0.000000 31.200000 0.000000 0.000000 0.000000 0.000000 0.000000 0.000000
0.000000 0.000000 0.000000 28.000000 0.000000 0.000000 0.000000 0.000000 0.000000 0.000000
0.000000 0.000000 0.000000 25.800000 0.000000 0.000000 0.000000 0.000000 0.000000 0.000000
0.000000 0.000000 0.000000 23.200000 0.000000 0.000000 0.000000 0.000000 0.000000 0.000000
0.000000 0.000000 0.000000 20.600000 0.000000 0.000000 0.000000 0.000000 0.000000 0.000000
0.000000 0.000000 0.000000 18.000000 0.000000 0.000000 0.000000 0.000000 0.000000 0.000000
0.000000 0.000000 0.000000 15.400000 0.000000 0.000000 0.000000 0.000000 0.000000 0.000000
0.000000 0.000000 0.000000 12.800000 0.000000 0.000000 0.000000 0.000000 0.000000 0.000000
0.000000 0.000000 0.000000 10.200000 0.000000 0.000000 0.000000 0.000000 0.000000 0.000000
0.000000 0.000000 0.000000 7.600000 0.000000 0.000000 0.000000 0.000000 0.000000 0.000000
0.000000 0.000000 0.000000 4.800000 0.000000 0.000000 0.000000 0.000000 0.000000 0.000000
0.000000 0.000000 0.000000 0.000000 0.000000 0.000000 0.000000 0.000000 0.000000 0.000000
0.000000 0.000000 0.000000 0.000000 0.000000 0.000000 0.000000 0.000000 0.000000 0.000000
0.000000 0.000000 0.000000 0.000000 0.000000 0.000000 0.000000 0.000000 0.000000 0.000000
0.000000 0.000000 0.000000 0.000000 0.000000 0.000000 0.000000 0.000000 0.000000 0.000000
0.000000 0.000000 0.000000 0.000000 0.000000 0.000000 0.000000 0.000000 0.000000 0.000000
0.000000 0.000000 0.000000 0.000000 0.000000 0.000000 0.000000 0.000000 0.000000 0.000000
0.000000 0.000000 0.000000 0.000000 0.000000 0.000000 0.000000 0.000000 0.000000 0.000000
0.000000 0.000000 0.000000 0.000000 0.000000 0.000000 0.000000 0.000000 0.000000 0.000000
0.000000 0.000000 0.000000 0.000000 0.000000 0.000000 0.000000 0.000000 0.000000 0.000000
0.000000 0.000000 0.000000 0.000000 0.000000 0.000000 0.000000 0.000000 0.000000 0.000000
0.000000 0.000000 0.000000 0.000000 0.000000 0.000000 0.000000 0.000000 0.000000 0.000000
0.000000 0.000000 0.000000 0.000000 0.000000 0.000000 0.000000 0.000000 0.000000 0.000000
0.000000 0.000000 0.000000 0.000000 0.000000 0.000000 0.000000 0.000000 0.000000 0.000000
0.000000 0.000000 0.000000 0.000000 0.000000 0.000000 0.000000 0.000000 0.000000 0.000000
0.000000 0.000000 0.000000 0.000000 0.000000 0.000000 0.000000 0.000000 0.000000 0.000000
0.000000 0.000000 0.000000 0.000000 0.000000 0.000000 0.000000 0.000000 0.000000 0.000000
0.000000 0.000000 0.000000 0.000000 0.000000 0.000000 0.000000 0.000000 0.000000 0.000000
0.000000 0.000000 0.000000 0.000000 0.000000 0.000000 0.000000 0.000000 0.000000 0.000000
0.000000 0.000000 0.000000 0.000000 0.000000 0.000000 0.000000 0.000000 0.000000 0.000000
0.000000 0.000000 0.000000 0.000000 0.000000 0.000000 0.000000 0.000000 0.000000 0.000000
0.000000 0.000000 0.000000 0.000000 0.000000 0.000000 0.000000 0.000000 0.000000 0.000000
0.000000 0.000000 0.000000 0.000000 0.000000 0.000000 0.000000 0.000000 0.000000 0.000000
0.000000 0.000000 0.000000 0.000000 0.000000 0.000000 0.000000 0.000000 0.000000 0.000000
0.000000 0.000000 0.000000 0.000000 0.000000 0.000000 0.000000 0.000000 0.000000 0.000000
0.000000 0.000000 0.000000 0.000000 0.000000 0.000000 0.000000 0.000000 0.000000 0.000000
0.000000 0.000000 0.000000 0.000000 0.000000 0.000000 0.000000 0.000000 0.000000 0.000000
0.000000 0.000000 0.000000 0.000000 0.000000 0.000000 0.000000 0.000000 0.000000 0.000000
0.000000 0.000000 0.000000 0.000000 0.000000 0.000000 0.000000 0.000000 0.000000 0.000000
0.000000 0.000000 0.000000 0.000000 0.000000 0.000000 0.000000 0.000000 0.000000 0.000000
0.000000 0.000000 0.000000 0.000000 0.000000 0.000000 0.000000 0.000000 0.000000 0.000000
0.000000 0.000000 0.000000 0.000000 0.000000 0.000000 0.000000 0.000000 0.000000 0.000000
0.000000 0.000000 0.000000 0.000000 0.000000 0.000000 0.000000 0.000000 0.000000 0.000000
0.000000 0.000000 0.000000 0.000000 0.000000 0.000000 0.000000 0.000000 0.000000 0.000000
0.000000 0.000000 0.000000 0.000000 0.000000 0.000000 0.000000 0.000000 0.000000 0.000000
0.000000 0.000000 0.000000 0.000000 0.000000 0.000000 0.000000 0.000000 0.000000 0.000000
0.000000 0.000000 0.000000 0.000000 0.000000 0.000000 0.000000 0.000000 0.000000 0.000000
0.000000 0.000000 0.000000 0.000000 0.000000 0.000000 0.000000 0.000000 0.000000 0.000000
0.000000 0.000000 0.000000 0.000000 0.000000 0.000000 0.000000 0.000000 0.000000 0.000000
0.000000 0.000000 0.000000 0.000000 0.000000 0.000000 0.000000 0.000000 0.000000 0.000000
0.000000 0.000000 0.000000 0.000000 0.000000 0.000000 0.000000 0.000000 0.000000 0.000000
0.000000 0.000000 0.000000 0.000000 0.000000 0.000000 0.000000 0.000000 0.000000 0.000000
0.000000 0.000000 0.000000 0.000000 0.000000 0.000000 0.000000 0.000000 0.000000 0.000000
0.000000 0.000000 0.000000 0.000000 0.000000 0.000000 0.000000 0.000000 0.000000 0.000000
0.000000 0.000000 0.000000 0.000000 0.000000 0.000000 0.000000 0.000000 0.000000 0.000000
0.000000 0.000000 0.000000 0.000000 0.000000 0.000000 0.000000 0.000000 0.000000 0.000000
0.000000 0.000000 0.000000 0.000000 0.000000 0.000000 0.000000 0.000000 0.000000 0.000000
0.000000 0.000000 0.000000 0.000000 0.000000 0.000000 0.000000 0.000000 0.000000 0.000000
0.000000 0.000000 0.000000 0.000000 0.000000 0.000000 0.000000 0.000000 0.000000 0.000000
0.000000 0.000000 0.000000 0.000000 0.000000 0.000000 0.000000 0.000000 0.000000 0.000000
0.000000 0.000000 0.000000 0.000000 0.000000 0.000000 0.000000 0.000000 0.000000 0.000000
0.000000 0.000000 0.000000 0.000000 0.000000 0.000000 0.000000 0.000000 0.000000 0.000000
0.000000 0.000000 0.000000 0.000000 0.000000 0.000000 0.000000 0.000000 0.000000 0.000000
0.000000 0.000000 0.000000 0.000000 0.000000 0.000000 0.000000 0.000000 0.000000 0.000000
0.000000 0.000000 0.000000 0.000000 0.000000 0.000000 0.000000 0.000000 0.000000 0.000000
0.000000 0.000000 0.000000 0.000000 0.000000 0.000000 0.000000 0.000000 0.000000 0.000000
0.000000 0.000000 0.000000 0.000000 0.000000 0.000000 0.000000 0.000000 0.000000 0.000000
0.000000 0.000000 0.000000 0.000000 0.000000 0.000000 0.000000 0.000000 0.000000 0.000000
0.000000 0.000000 0.000000 0.000000 0.000000 0.000000 0.000000 0.000000 0.000000 0.000000
0.000000 0.000000 0.000000 0.000000 0.000000 0.000000 0.000000 0.000000 0.000000 0.000000
0.000000 0.000000 0.000000 0.000000 0.000000 0.000000 0.000000 0.000000 0.000000 0.000000
0.000000 0.000000 0.000000 0.000000 0.000000 0.000000 0.000000 0.000000 0.000000 0.000000
0.000000 0.000000 0.000000 0.000000 0.000000 0.000000 0.000000 0.000000 0.000000 0.000000
0.000000 0.000000 0.000000 0.000000 0.000000 0.000000 0.000000 0.000000 0.000000 0.000000
0.000000 0.000000 0.000000 0.000000 0.000000 0.000000 0.000000 0.000000 0.000000 0.000000
0.000000 0.000000 0.000000 0.000000 0.000000 0.000000 0.000000 0.000000 0.000000 0.000000
0.000000 0.000000 0.000000 0.000000 0.000000 0.000000 0.000000 0.000000 0.000000 0.000000
0.000000 0.000000 0.000000 0.000000 0.000000 0.000000 0.000000 0.000000 0.000000 0.000000
0.000000 0.000000 0.000000 0.000000 0.000000 0.000000 0.000000 0.000000 0.000000 0.000000
0.000000 0.000000 0.000000 0.000000 0.000000 2.000000 0.600000 3.200000 3.200000 0.000000
0.000000 0.000000 0.000000 0.000000 0.000000 0.000000 0.000000 5.200000 4.800000 0.000000
0.000000 0.000000 0.000000 0.000000 0.000000 0.000000 0.000000 5.200000 4.800000 0.000000
0.000000 0.000000 0.000000 0.000000 0.000000 0.000000 0.000000 5.200000 4.800000 0.000000
0.000000 0.000000 0.000000 0.000000 0.000000 0.000000 0.000000 5.200000 4.800000 0.000000
0.000000 0.000000 0.000000 0.000000 0.000000 0.000000 0.000000 5.200000 4.800000 0.000000
0.000000 0.000000 0.000000 0.000000 0.000000 0.000000 0.000000 5.200000 4.800000 0.000000
0.000000 0.000000 0.000000 0.000000 0.000000 0.000000 0.000000 5.200000 4.800000 0.000000
0.000000 0.000000 0.000000 0.000000 0.000000 0.000000 0.000000 5.200000 4.800000 0.000000
0.000000 0.000000 0.000000 0.000000 0.000000 0.000000 0.000000 5.200000 4.800000 0.000000
0.000000 0.000000 0.000000 0.000000 0.000000 0.000000 0.000000 5.400000 5.200000 0.000000
0.000000 0.000000 0.000000 0.200000 0.400000 0.000000 0.000000 7.400000 6.000000 0.000000
0.000000 0.000000 0.000000 0.400000 1.000000 0.000000 0.000000 7.400000 5.200000 0.200000
0.000000 0.000000 0.000000 0.600000 1.400000 0.000000 0.000000 6.600000 5.200000 0.800000
0.000000 0.000000 0.000000 1.200000 2.200000 0.000000 0.000000 5.800000 4.400000 1.000000
0.000000 0.000000 0.000000 1.400000 3.000000 0.000000 0.000000 4.600000 3.400000 1.600000
0.000000 0.000000 0.000000 1.800000 3.600000 0.000000 0.000000 4.400000 2.600000 1.600000
0.000000 0.000000 0.000000 2.200000 4.000000 0.000000 0.000000 3.600000 2.000000 1.800000
0.000000 0.000000 0.000000 2.200000 4.200000 0.000000 0.000000 4.200000 1.800000 2.200000
0.000000 0.000000 0.000000 2.200000 4.400000 0.000000 0.000000 4.000000 1.800000 2.600000
0.000000 0.000000 0.000000 2.400000 4.800000 0.000000 0.000000 3.200000 1.000000 2.800000
0.000000 0.000000 0.000000 2.400000 5.000000 0.000000 0.000000 3.400000 1.000000 2.800000
0.000000 0.000000 0.000000 2.400000 4.800000 0.000000 0.000000 4.200000 2.000000 3.200000
0.000000 0.000000 0.000000 2.400000 4.400000 0.000000 0.000000 4.000000 2.000000 3.000000
0.000000 0.000000 0.000000 2.600000 4.400000 0.000000 0.000000 4.000000 2.200000 3.200000
0.000000 0.000000 0.000000 2.400000 5.200000 0.000000 0.000000 3.600000 2.200000 3.600000
0.000000 0.000000 0.000000 2.600000 5.400000 0.000000 0.000000 2.800000 1.600000 3.800000
0.000000 0.000000 0.000000 2.400000 5.600000 0.000000 0.000000 3.200000 1.400000 3.800000
0.000000 0.000000 0.000000 2.600000 5.600000 0.000000 0.000000 2.600000 1.000000 3.200000
0.000000 0.000000 0.000000 2.600000 4.800000 0.000000 0.000000 2.200000 1.000000 3.000000
0.000000 0.000000 0.000000 2.600000 4.000000 0.000000 0.000000 2.400000 1.000000 3.000000
0.000000 0.000000 0.000000 2.200000 4.200000 0.000000 0.000000 2.200000 1.000000 2.400000
0.000000 0.000000 0.000000 2.400000 4.400000 0.000000 0.000000 2.000000 1.000000 2.400000
0.000000 0.000000 0.000000 1.800000 4.400000 0.000000 0.000000 2.000000 1.200000 1.800000
0.000000 0.000000 0.000000 2.000000 3.800000 0.000000 0.000000 2.000000 1.400000 1.600000
0.000000 0.000000 0.000000 2.400000 3.800000 0.000000 0.000000 1.600000 1.000000 1.600000
0.000000 0.000000 0.000000 2.200000 3.600000 0.000000 0.000000 0.800000 1.400000 1.600000
0.000000 0.000000 0.000000 2.200000 4.200000 0.000000 0.000000 0.800000 0.800000 1.200000
0.000000 0.000000 0.000000 2.400000 4.000000 0.000000 0.000000 1.000000 0.400000 1.400000
0.000000 0.000000 0.000000 2.200000 4.600000 0.000000 0.000000 0.600000 0.400000 1.600000
0.000000 0.000000 0.000000 2.000000 4.000000 0.000000 0.000000 0.800000 0.400000 0.800000
0.000000 0.000000 0.000000 1.600000 4.400000 0.000000 0.000000 0.600000 0.600000 1.000000
0.000000 0.000000 0.000000 1.800000 4.400000 0.000000 0.000000 0.200000 0.200000 1.400000
0.000000 0.000000 0.000000 1.400000 4.600000 0.000000 0.000000 0.200000 0.200000 1.000000
0.000000 0.000000 0.000000 1.600000 4.000000 0.000000 0.000000 0.200000 0.200000 1.000000
0.000000 0.000000 0.000000 1.400000 4.200000 0.000000 0.000000 0.200000 0.400000 1.000000
0.000000 0.000000 0.000000 1.000000 4.000000 0.000000 0.000000 0.200000 0.000000 1.200000
0.000000 0.000000 0.000000 1.200000 3.600000 0.000000 0.000000 0.200000 0.000000 0.800000
0.000000 0.000000 0.000000 1.000000 3.800000 0.000000 0.000000 0.200000 0.000000 0.800000
0.000000 0.000000 0.000000 0.800000 4.200000 0.000000 0.000000 0.200000 0.000000 0.800000
0.000000 0.000000 0.000000 0.600000 4.000000 0.000000 0.000000 0.200000 0.000000 1.000000
0.000000 0.000000 0.000000 0.200000 4.200000 0.000000 0.000000 0.200000 0.000000 0.600000
0.000000 0.000000 0.000000 0.200000 4.200000 0.000000 0.000000 0.400000 0.000000 0.800000
0.000000 0.000000 0.000000 0.200000 4.200000 0.000000 0.000000 0.000000 0.000000 0.800000
0.000000 0.000000 0.000000 0.400000 4.600000 0.000000 0.000000 0.000000 0.000000 0.400000
0.000000 0.000000 0.000000 0.000000 4.400000 0.000000 0.000000 0.000000 0.000000 0.400000
0.000000 0.000000 0.000000 0.000000 3.800000 0.000000 0.000000 0.000000 0.000000 0.600000
0.000000 0.000000 0.000000 0.000000 3.400000 0.000000 0.000000 0.000000 0.000000 0.200000
0.000000 0.000000 0.000000 0.000000 3.400000 0.000000 0.000000 0.000000 0.000000 0.200000
0.000000 0.000000 0.000000 0.000000 3.600000 0.000000 0.000000 0.000000 0.000000 0.200000
0.000000 0.000000 0.000000 0.000000 3.600000 120.000000 0.000000 6.200000 6.200000 0.200000
0.000000 0.000000 0.000000 0.000000 2.800000 130.800000 0.000000 12.400000 12.400000 0.200000
0.000000 0.000000 0.000000 0.000000 3.200000 118.400000 0.000000 18.600000 18.600000 0.200000
0.000000 0.000000 0.000000 0.000000 2.400000 106.000000 0.000000 24.800000 24.800000 0.200000
0.000000 0.000000 0.000000 0.000000 2.400000 93.600000 0.000000 31.000000 31.000000 0.200000
0.000000 0.000000 0.000000 0.000000 2.400000 81.200000 0.000000 37.200000 37.200000 0.200000
0.000000 0.000000 0.000000 0.000000 2.800000 68.800000 0.000000 43.400000 43.400000 0.200000
0.000000 0.000000 0.000000 0.000000 2.200000 56.400000 0.000000 49.600000 49.600000 0.400000
0.000000 0.000000 0.000000 0.000000 2.200000 44.000000 0.000000 55.800000 55.800000 0.000000
0.000000 0.000000 0.000000 0.000000 1.400000 31.600000 0.000000 62.000000 62.000000 0.000000
0.000000 0.000000 0.000000 0.000000 1.600000 19.200000 0.000000 74.200000 74.200000 0.000000
0.000000 0.000000 0.000000 3.200000 1.200000 10.200000 0.000000 80.000000 71.000000 0.000000
0.000000 0.000000 0.000000 6.400000 1.600000 4.000000 0.000000 84.600000 63.800000 0.000000
0.000000 0.000000 0.000000 9.600000 1.000000 0.000000 0.000000 86.400000 59.400000 0.000000
0.000000 0.000000 0.000000 12.800000 0.800000 0.000000 0.000000 83.800000 54.400000 0.000000
0.000000 0.000000 0.000000 16.000000 0.400000 0.000000 0.000000 81.000000 48.800000 0.000000
0.000000 0.000000 0.000000 19.200000 0.400000 0.000000 0.000000 78.200000 43.600000 0.000000
0.000000 0.000000 0.000000 22.400000 0.400000 0.000000 0.000000 75.200000 38.400000 0.000000
0.000000 0.000000 0.000000 25.600000 0.400000 0.000000 0.000000 72.200000 33.200000 0.000000
0.000000 0.000000 0.000000 28.800000 0.400000 0.000000 0.000000 68.800000 28.200000 0.000000
0.000000 0.000000 0.000000 32.000000 0.400000 0.000000 0.000000 65.800000 22.600000 0.000000
0.000000 0.000000 0.000000 38.200000 0.600000 0.000000 0.000000 62.600000 17.400000 0.000000
0.000000 0.000000 0.000000 38.400000 0.200000 0.000000 0.000000 59.200000 12.400000 0.000000
0.000000 0.000000 0.000000 38.000000 0.200000 0.000000 0.000000 56.000000 3.200000 0.000000
0.000000 0.000000 0.000000 39.000000 0.200000 0.000000 0.000000 53.000000 0.000000 0.000000
0.000000 0.000000 0.000000 39.800000 0.200000 0.000000 0.000000 49.800000 0.000000 0.000000
0.000000 0.000000 0.000000 40.000000 0.200000 0.000000 0.000000 46.600000 0.000000 0.000000
0.000000 0.000000 0.000000 40.600000 0.200000 0.000000 0.000000 43.400000 0.000000 0.000000
0.000000 0.000000 0.000000 41.000000 0.200000 0.000000 0.000000 40.600000 0.000000 0.000000
0.000000 0.000000 0.000000 41.600000 0.400000 0.000000 0.000000 37.400000 0.000000 0.000000
0.000000 0.000000 0.000000 42.000000 0.000000 0.000000 0.000000 34.600000 0.000000 0.000000
0.000000 0.000000 0.000000 42.400000 0.000000 0.000000 0.000000 31.600000 0.000000 0.000000
0.000000 0.000000 0.000000 43.000000 0.000000 0.000000 0.000000 28.600000 0.000000 0.000000
0.000000 0.000000 0.000000 43.000000 0.000000 0.000000 0.000000 24.000000 0.000000 0.000000
0.000000 0.000000 0.000000 43.400000 0.000000 0.000000 0.000000 18.000000 0.000000 0.000000
0.000000 0.000000 0.000000 43.800000 0.000000 0.000000 0.000000 12.000000 0.000000 0.000000
0.000000 0.000000 0.000000 44.200000 0.000000 0.000000 0.000000 6.000000 0.000000 0.000000
0.000000 0.000000 0.000000 44.600000 0.000000 0.000000 0.000000 0.000000 0.000000 0.000000
0.000000 0.000000 0.000000 42.000000 0.000000 0.000000 0.000000 0.000000 0.000000 0.000000
0.000000 0.000000 0.000000 39.400000 0.000000 0.000000 0.000000 0.000000 0.000000 0.000000
0.000000 0.000000 0.000000 37.000000 0.000000 0.000000 0.000000 0.000000 0.000000 0.000000
0.000000 0.000000 0.000000 34.000000 0.000000 0.000000 0.000000 0.000000 0.000000 0.000000
0.000000 0.000000 0.000000 31.200000 0.000000 0.000000 0.000000 0.000000 0.000000 0.000000
0.000000 0.000000 0.000000 29.000000 0.000000 0.000000 0.000000 0.000000 0.000000 0.000000
0.000000 0.000000 0.000000 26.400000 0.000000 0.000000 0.000000 0.000000 0.000000 0.000000
0.000000 0.000000 0.000000 23.800000 0.000000 0.000000 0.000000 0.000000 0.000000 0.000000
0.000000 0.000000 0.000000 21.400000 0.000000 0.000000 0.000000 0.000000 0.000000 0.000000
0.000000 0.000000 0.000000 18.400000 0.000000 0.000000 0.000000 0.000000 0.000000 0.000000
0.000000 0.000000 0.000000 15.800000 0.000000 0.000000 0.000000 0.000000 0.000000 0.000000
0.000000 0.000000 0.000000 13.400000 0.000000 0.000000 0.000000 0.000000 0.000000 0.000000
0.000000 0.000000 0.000000 10.400000 0.000000 0.000000 0.000000 0.000000 0.000000 0.000000
0.000000 0.000000 0.000000 7.800000 0.000000 0.000000 0.000000 0.000000 0.000000 0.000000
0.000000 0.000000 0.000000 5.200000 0.000000 0.000000 0.000000 0.000000 0.000000 0.000000
0.000000 0.000000 0.000000 0.000000 0.000000 0.000000 0.000000 0.000000 0.000000 0.000000
0.000000 0.000000 0.000000 0.000000 0.000000 0.000000 0.000000 0.000000 0.000000 0.000000
0.000000 0.000000 0.000000 0.000000 0.000000 0.000000 0.000000 0.000000 0.000000 0.000000
0.000000 0.000000 0.000000 0.000000 0.000000 0.000000 0.000000 0.000000 0.000000 0.000000
0.000000 0.000000 0.000000 0.000000 0.000000 0.000000 0.000000 0.000000 0.000000 0.000000
0.000000 0.000000 0.000000 0.000000 0.000000 0.000000 0.000000 0.000000 0.000000 0.000000
0.000000 0.000000 0.000000 0.000000 0.000000 0.000000 0.000000 0.000000 0.000000 0.000000
0.000000 0.000000 0.000000 0.000000 0.000000 0.000000 0.000000 0.000000 0.000000 0.000000
0.000000 0.000000 0.000000 0.000000 0.000000 0.000000 0.000000 0.000000 0.000000 0.000000
0.000000 0.000000 0.000000 0.000000 0.000000 0.000000 0.000000 0.000000 0.000000 0.000000
0.000000 0.000000 0.000000 0.000000 0.000000 0.000000 0.000000 0.000000 0.000000 0.000000
0.000000 0.000000 0.000000 0.000000 0.000000 0.000000 0.000000 0.000000 0.000000 0.000000
0.000000 0.000000 0.000000 0.000000 0.000000 0.000000 0.000000 0.000000 0.000000 0.000000
0.000000 0.000000 0.000000 0.000000 0.000000 0.000000 0.000000 0.000000 0.000000 0.000000
0.000000 0.000000 0.000000 0.000000 0.000000 0.000000 0.000000 0.000000 0.000000 0.000000
0.000000 0.000000 0.000000 0.000000 0.000000 0.000000 0.000000 0.000000 0.000000 0.000000
0.000000 0.000000 0.000000 0.000000 0.000000 0.000000 0.000000 0.000000 0.000000 0.000000
0.000000 0.000000 0.000000 0.000000 0.000000 0.000000 0.000000 0.000000 0.000000 0.000000
0.000000 0.000000 0.000000 0.000000 0.000000 0.000000 0.000000 0.000000 0.000000 0.000000
0.000000 0.000000 0.000000 0.000000 0.000000 0.000000 0.000000 0.000000 0.000000 0.000000
0.000000 0.000000 0.000000 0.000000 0.000000 0.000000 0.000000 0.000000 0.000000 0.000000
0.000000 0.000000 0.000000 0.000000 0.000000 0.000000 0.000000 0.000000 0.000000 0.000000
0.000000 0.000000 0.000000 0.000000 0.000000 0.000000 0.000000 0.000000 0.000000 0.000000
0.000000 0.000000 0.000000 0.000000 0.000000 0.000000 0.000000 0.000000 0.000000 0.000000
0.000000 0.000000 0.000000 0.000000 0.000000 0.000000 0.000000 0.000000 0.000000 0.000000
0.000000 0.000000 0.000000 0.000000 0.000000 0.000000 0.000000 0.000000 0.000000 0.000000
0.000000 0.000000 0.000000 0.000000 0.000000 0.000000 0.000000 0.000000 0.000000 0.000000
0.000000 0.000000 0.000000 0.000000 0.000000 0.000000 0.000000 0.000000 0.000000 0.000000
0.000000 0.000000 0.000000 0.000000 0.000000 0.000000 0.000000 0.000000 0.000000 0.000000
0.000000 0.000000 0.000000 0.000000 0.000000 0.000000 0.000000 0.000000 0.000000 0.000000
0.000000 0.000000 0.000000 0.000000 0.000000 0.000000 0.000000 0.000000 0.000000 0.000000
0.000000 0.000000 0.000000 0.000000 0.000000 0.000000 0.000000 0.000000 0.000000 0.000000
0.000000 0.000000 0.000000 0.000000 0.000000 0.000000 0.000000 0.000000 0.000000 0.000000
0.000000 0.000000 0.000000 0.000000 0.000000 0.000000 0.000000 0.000000 0.000000 0.000000
0.000000 0.000000 0.000000 0.000000 0.000000 0.000000 0.000000 0.000000 0.000000 0.000000
0.000000 0.000000 0.000000 0.000000 0.000000 0.000000 0.000000 0.000000 0.000000 0.000000
0.000000 0.000000 0.000000 0.000000 0.000000 0.000000 0.000000 0.000000 0.000000 0.000000
0.000000 0.000000 0.000000 0.000000 0.000000 0.000000 0.000000 0.000000 0.000000 0.000000
0.000000 0.000000 0.000000 0.000000 0.000000 0.000000 0.000000 0.000000 0.000000 0.000000
0.000000 0.000000 0.000000 0.000000 0.000000 0.000000 0.000000 0.000000 0.000000 0.000000
0.000000 0.000000 0.000000 0.000000 0.000000 0.000000 0.000000 0.000000 0.000000 0.000000
0.000000 0.000000 0.000000 0.000000 0.000000 0.000000 0.000000 0.000000 0.000000 0.000000
0.000000 0.000000 0.000000 0.000000 0.000000 0.000000 0.000000 0.000000 0.000000 0.000000
0.000000 0.000000 0.000000 0.000000 0.000000 0.000000 0.000000 0.000000 0.000000 0.000000
0.000000 0.000000 0.000000 0.000000 0.000000 0.000000 0.000000 0.000000 0.000000 0.000000
0.000000 0.000000 0.000000 0.000000 0.000000 0.000000 0.000000 0.000000 0.000000 0.000000
0.000000 0.000000 0.000000 0.000000 0.000000 0.000000 0.000000 0.000000 0.000000 0.000000
0.000000 0.000000 0.000000 0.000000 0.000000 0.000000 0.000000 0.000000 0.000000 0.000000
0.000000 0.000000 0.000000 0.000000 0.000000 0.000000 0.000000 0.000000 0.000000 0.000000
0.000000 0.000000 0.000000 0.000000 0.000000 0.000000 0.000000 0.000000 0.000000 0.000000
0.000000 0.000000 0.000000 0.000000 0.000000 0.000000 0.000000 0.000000 0.000000 0.000000
0.000000 0.000000 0.000000 0.000000 0.000000 0.000000 0.000000 0.000000 0.000000 0.000000
0.000000 0.000000 0.000000 0.000000 0.000000 0.000000 0.000000 0.000000 0.000000 0.000000
0.000000 0.000000 0.000000 0.000000 0.000000 0.000000 0.000000 0.000000 0.000000 0.000000
0.000000 0.000000 0.000000 0.000000 0.000000 0.000000 0.000000 0.000000 0.000000 0.000000
0.000000 0.000000 0.000000 0.000000 0.000000 0.000000 0.000000 0.000000 0.000000 0.000000
0.000000 0.000000 0.000000 0.000000 0.000000 0.000000 0.000000 0.000000 0.000000 0.000000
0.000000 0.000000 0.000000 0.000000 0.000000 0.000000 0.000000 0.000000 0.000000 0.000000
0.000000 0.000000 0.000000 0.000000 0.000000 0.000000 0.000000 0.000000 0.000000 0.000000
0.000000 0.000000 0.000000 0.000000 0.000000 0.000000 0.000000 0.000000 0.000000 0.000000
0.000000 0.000000 0.000000 0.000000 0.000000 0.000000 0.000000 0.000000 0.000000 0.000000
0.000000 0.000000 0.000000 0.000000 0.000000 0.000000 0.000000 0.000000 0.000000 0.000000
0.000000 0.000000 0.000000 0.000000 0.000000 0.000000 0.000000 0.000000 0.000000 0.000000
0.000000 0.000000 0.000000 0.000000 0.000000 0.000000 0.000000 0.000000 0.000000 0.000000
0.000000 0.000000 0.000000 0.000000 0.000000 0.000000 0.000000 0.000000 0.000000 0.000000
0.000000 0.000000 0.000000 0.000000 0.000000 0.000000 0.000000 0.000000 0.000000 0.000000
0.000000 0.000000 0.000000 0.000000 0.000000 0.000000 0.000000 0.000000 0.000000 0.000000
0.000000 0.000000 0.000000 0.000000 0.000000 5.400000 1.200000 3.200000 3.200000 0.000000
0.000000 0.000000 0.000000 0.000000 0.000000 2.800000 0.400000 6.400000 5.400000 0.000000
0.000000 0.000000 0.000000 0.000000 0.000000 0.000000 0.000000 9.600000 5.400000 0.000000
0.000000 0.000000 0.000000 0.000000 0.000000 0.000000 0.000000 9.600000 5.400000 0.000000
0.000000 0.000000 0.000000 0.000000 0.000000 0.000000 0.000000 9.600000 5.400000 0.000000
0.000000 0.000000 0.000000 0.000000 0.000000 0.000000 0.000000 9.600000 5.400000 0.000000
0.000000 0.000000 0.000000 0.000000 0.000000 0.000000 0.000000 9.600000 5.400000 0.000000
0.000000 0.000000 0.000000 0.000000 0.000000 0.000000 0.000000 9.600000 5.400000 0.000000
0.000000 0.000000 0.000000 0.000000 0.000000 0.000000 0.000000 9.600000 5.400000 0.000000
0.000000 0.000000 0.000000 0.000000 0.000000 0.000000 0.000000 9.600000 5.400000 0.000000
0.000000 0.000000 0.000000 0.000000 0.000000 0.000000 0.000000 9.800000 5.400000 0.000000
0.000000 0.000000 0.000000 0.000000 0.000000 0.000000 0.000000 11.600000 6.800000 0.200000
0.000000 0.000000 0.000000 0.200000 0.400000 0.000000 0.000000 12.600000 6.800000 0.200000
0.000000 0.000000 0.000000 0.800000 1.200000 0.000000 0.000000 11.400000 6.200000 1.000000
0.000000 0.000000 0.000000 1.800000 2.200000 0.000000 0.000000 9.800000 5.200000 1.600000
0.000000 0.000000 0.000000 2.800000 3.200000 0.000000 0.000000 8.000000 3.800000 2.200000
0.000000 0.000000 0.000000 3.800000 3.800000 0.000000 0.000000 6.200000 3.400000 2.600000
0.000000 0.000000 0.000000 4.200000 4.600000 0.000000 0.000000 5.000000 2.000000 3.200000
0.000000 0.000000 0.000000 4.400000 4.800000 0.000000 0.000000 4.000000 2.000000 3.800000
0.000000 0.000000 0.000000 4.600000 5.200000 0.000000 0.000000 3.200000 1.200000 4.200000
0.000000 0.000000 0.000000 4.800000 5.200000 0.000000 0.000000 2.400000 1.200000 4.400000
0.000000 0.000000 0.000000 4.800000 5.200000 0.000000 0.000000 2.800000 1.400000 4.600000
0.000000 0.000000 0.000000 5.200000 5.400000 0.000000 0.000000 4.400000 2.000000 4.200000
0.000000 0.000000 0.000000 5.400000 5.400000 0.000000 0.000000 3.800000 2.200000 5.000000
0.000000 0.000000 0.000000 5.000000 6.000000 0.000000 0.000000 3.800000 1.800000 4.400000
0.000000 0.000000 0.000000 5.400000 6.000000 0.000000 0.000000 3.400000 2.000000 4.800000
0.000000 0.000000 0.000000 5.600000 6.200000 0.000000 0.000000 2.800000 1.800000 4.600000
0.000000 0.000000 0.000000 5.600000 5.800000 0.000000 0.000000 2.400000 1.600000 4.600000
0.000000 0.000000 0.000000 5.600000 6.200000 0.000000 0.000000 2.400000 1.200000 4.400000
0.000000 0.000000 0.000000 4.800000 6.400000 0.000000 0.000000 2.800000 1.200000 4.400000
0.000000 0.000000 0.000000 4.000000 6.600000 0.000000 0.000000 2.000000 1.400000 4.200000
0.000000 0.000000 0.000000 3.800000 6.600000 0.000000 0.000000 2.000000 1.000000 3.600000
0.000000 0.000000 0.000000 3.000000 6.400000 0.000000 0.000000 2.200000 1.000000 2.800000
0.000000 0.000000 0.000000 2.400000 6.200000 0.000000 0.000000 2.600000 1.400000 2.400000
0.000000 0.000000 0.000000 2.200000 6.200000 0.000000 0.000000 2.000000 1.200000 2.800000
0.000000 0.000000 0.000000 2.200000 7.000000 0.000000 0.000000 1.600000 1.000000 2.000000
0.000000 0.000000 0.000000 2.200000 7.200000 0.000000 0.000000 1.800000 1.000000 2.600000
0.000000 0.000000 0.000000 1.600000 6.800000 0.000000 0.000000 1.600000 0.200000 1.600000
0.000000 0.000000 0.000000 2.000000 7.000000 0.000000 0.000000 1.600000 0.200000 1.200000
0.000000 0.000000 0.000000 1.800000 7.000000 0.000000 0.000000 0.800000 0.200000 1.600000
0.000000 0.000000 0.000000 1.800000 7.200000 0.000000 0.000000 1.200000 0.200000 2.000000
0.000000 0.000000 0.000000 1.400000 7.200000 0.000000 0.000000 0.400000 0.200000 1.200000
0.000000 0.000000 0.000000 1.600000 7.200000 0.000000 0.000000 0.400000 0.200000 1.200000
0.000000 0.000000 0.000000 1.200000 6.400000 0.000000 0.000000 0.400000 0.200000 1.200000
0.000000 0.000000 0.000000 1.200000 5.800000 0.000000 0.000000 0.600000 0.200000 1.400000
0.000000 0.000000 0.000000 1.200000 5.000000 0.000000 0.000000 0.200000 0.200000 1.400000
0.000000 0.000000 0.000000 1.400000 4.400000 0.000000 0.000000 0.200000 0.200000 1.000000
0.000000 0.000000 0.000000 1.200000 4.800000 0.000000 0.000000 0.200000 0.200000 1.200000
0.000000 0.000000 0.000000 0.800000 3.800000 0.000000 0.000000 0.400000 0.200000 0.800000
0.000000 0.000000 0.000000 1.200000 4.000000 0.000000 0.000000 0.000000 0.200000 1.000000
0.000000 0.000000 0.000000 1.000000 4.000000 0.000000 0.000000 0.000000 0.200000 0.600000
0.000000 0.000000 0.000000 0.600000 3.800000 0.000000 0.000000 0.000000 0.400000 0.600000
0.000000 0.000000 0.000000 0.600000 4.200000 0.000000 0.000000 0.000000 0.000000 0.800000
0.000000 0.000000 0.000000 0.600000 3.800000 0.000000 0.000000 0.000000 0.000000 0.400000
0.000000 0.000000 0.000000 0.800000 4.200000 0.000000 0.000000 0.000000 0.000000 0.600000
0.000000 0.000000 0.000000 0.600000 3.800000 0.000000 0.000000 0.000000 0.000000 0.200000
0.000000 0.000000 0.000000 0.200000 3.800000 0.000000 0.000000 0.000000 0.000000 0.200000
0.000000 0.000000 0.000000 0.200000 3.400000 0.000000 0.000000 0.000000 0.000000 0.400000
0.000000 0.000000 0.000000 0.200000 3.600000 0.000000 0.000000 0.000000 0.000000 0.000000
0.000000 0.000000 0.000000 0.200000 3.200000 0.000000 0.000000 0.000000 0.000000 0.000000
0.000000 0.000000 0.000000 0.200000 3.600000 116.000000 0.000000 6.200000 6.200000 0.000000
0.000000 0.000000 0.000000 0.400000 3.000000 130.800000 0.000000 12.400000 12.400000 0.000000
0.000000 0.000000 0.000000 0.000000 3.000000 118.400000 0.000000 18.600000 18.600000 0.000000
0.000000 0.000000 0.000000 0.000000 2.600000 106.000000 0.000000 24.800000 24.800000 0.000000
0.000000 0.000000 0.000000 0.000000 2.600000 93.600000 0.000000 31.000000 31.000000 0.000000
0.000000 0.000000 0.000000 0.000000 3.200000 81.200000 0.000000 37.200000 37.200000 0.000000
0.000000 0.000000 0.000000 0.000000 2.200000 68.800000 0.000000 43.400000 43.400000 0.000000
0.000000 0.000000 0.000000 0.000000 2.000000 56.400000 0.000000 49.600000 49.600000 0.000000
0.000000 0.000000 0.000000 0.000000 1.600000 44.000000 0.000000 55.800000 55.800000 0.000000
0.000000 0.000000 0.000000 0.000000 1.800000 31.600000 0.000000 62.000000 62.000000 0.000000
0.000000 0.000000 0.000000 0.000000 1.400000 19.200000 0.000000 74.200000 74.200000 0.000000
0.000000 0.000000 0.000000 3.200000 1.400000 7.400000 0.000000 80.000000 73.800000 0.000000
0.000000 0.000000 0.000000 6.400000 1.400000 1.200000 0.000000 84.400000 66.600000 0.000000
0.000000 0.000000 0.000000 9.600000 1.400000 0.000000 0.000000 83.400000 62.200000 0.000000
0.000000 0.000000 0.000000 12.800000 1.800000 0.000000 0.000000 80.800000 57.200000 0.000000
0.000000 0.000000 0.000000 16.000000 1.400000 0.000000 0.000000 78.000000 51.600000 0.000000
0.000000 0.000000 0.000000 19.200000 0.800000 0.000000 0.000000 75.000000 46.600000 0.000000
0.000000 0.000000 0.000000 22.400000 0.400000 0.000000 0.000000 72.200000 41.000000 0.000000
0.000000 0.000000 0.000000 25.600000 0.400000 0.000000 0.000000 69.000000 35.800000 0.000000
0.000000 0.000000 0.000000 28.800000 0.400000 0.000000 0.000000 66.000000 30.600000 0.000000
0.000000 0.000000 0.000000 32.000000 0.400000 0.000000 0.000000 62.800000 25.400000 0.000000
0.000000 0.000000 0.000000 38.200000 0.400000 0.000000 0.000000 59.600000 20.400000 0.000000
0.000000 0.000000 0.000000 38.400000 0.400000 0.000000 0.000000 56.400000 14.800000 0.000000
0.000000 0.000000 0.000000 38.000000 0.400000 0.000000 0.000000 53.400000 8.800000 0.000000
0.000000 0.000000 0.000000 38.800000 0.400000 0.000000 0.000000 50.200000 0.000000 0.000000
0.000000 0.000000 0.000000 40.000000 0.400000 0.000000 0.000000 47.000000 0.000000 0.000000
0.000000 0.000000 0.000000 40.200000 0.600000 0.000000 0.000000 43.800000 0.000000 0.000000
0.000000 0.000000 0.000000 40.800000 0.200000 0.000000 0.000000 40.600000 0.000000 0.000000
0.000000 0.000000 0.000000 41.400000 0.200000 0.000000 0.000000 37.400000 0.000000 0.000000
0.000000 0.000000 0.000000 42.200000 0.400000 0.000000 0.000000 34.200000 0.000000 0.000000
0.000000 0.000000 0.000000 42.200000 0.000000 0.000000 0.000000 31.200000 0.000000 0.000000
0.000000 0.000000 0.000000 42.600000 0.000000 0.000000 0.000000 28.600000 0.000000 0.000000
0.000000 0.000000 0.000000 43.200000 0.000000 0.000000 0.000000 24.000000 0.000000 0.000000
0.000000 0.000000 0.000000 43.200000 0.000000 0.000000 0.000000 18.000000 0.000000 0.000000
0.000000 0.000000 0.000000 43.600000 0.000000 0.000000 0.000000 12.000000 0.000000 0.000000
0.000000 0.000000 0.000000 44.000000 0.000000 0.000000 0.000000 6.000000 0.000000 0.000000
0.000000 0.000000 0.000000 44.400000 0.000000 0.000000 0.000000 0.000000 0.000000 0.000000
0.000000 0.000000 0.000000 42.000000 0.000000 0.000000 0.000000 0.000000 0.000000 0.000000
0.000000 0.000000 0.000000 39.000000 0.000000 0.000000 0.000000 0.000000 0.000000 0.000000
0.000000 0.000000 0.000000 36.400000 0.000000 0.000000 0.000000 0.000000 0.000000 0.000000
0.000000 0.000000 0.000000 34.000000 0.000000 0.000000 0.000000 0.000000 0.000000 0.000000
0.000000 0.000000 0.000000 31.000000 0.000000 0.000000 0.000000 0.000000 0.000000 0.000000
0.000000 0.000000 0.000000 28.400000 0.000000 0.000000 0.000000 0.000000 0.000000 0.000000
0.000000 0.000000 0.000000 25.800000 0.000000 0.000000 0.000000 0.000000 0.000000 0.000000
0.000000 0.000000 0.000000 23.200000 0.000000 0.000000 0.000000 0.000000 0.000000 0.000000
0.000000 0.000000 0.000000 20.600000 0.000000 0.000000 0.000000 0.000000 0.000000 0.000000
0.000000 0.000000 0.000000 18.000000 0.000000 0.000000 0.000000 0.000000 0.000000 0.000000
0.000000 0.000000 0.000000 15.400000 0.000000 0.000000 0.000000 0.000000 0.000000 0.000000
0.000000 0.000000 0.000000 13.000000 0.000000 0.000000 0.000000 0.000000 0.000000 0.000000
0.000000 0.000000 0.000000 10.000000 0.000000 0.000000 0.000000 0.000000 0.000000 0.000000
0.000000 0.000000 0.000000 7.400000 0.000000 0.000000 0.000000 0.000000 0.000000 0.000000
0.000000 0.000000 0.000000 4.400000 0.000000 0.000000 0.000000 0.000000 0.000000 0.000000
0.000000 0.000000 0.000000 0.000000 0.000000 0.000000 0.000000 0.000000 0.000000 0.000000
0.000000 0.000000 0.000000 0.000000 0.000000 0.000000 0.000000 0.000000 0.000000 0.000000
0.000000 0.000000 0.000000 0.000000 0.000000 0.000000 0.000000 0.000000 0.000000 0.000000
0.000000 0.000000 0.000000 0.000000 0.000000 0.000000 0.000000 0.000000 0.000000 0.000000
0.000000 0.000000 0.000000 0.000000 0.000000 0.000000 0.000000 0.000000 0.000000 0.000000
0.000000 0.000000 0.000000 0.000000 0.000000 0.000000 0.000000 0.000000 0.000000 0.000000
0.000000 0.000000 0.000000 0.000000 0.000000 0.000000 0.000000 0.000000 0.000000 0.000000
0.000000 0.000000 0.000000 0.000000 0.000000 0.000000 0.000000 0.000000 0.000000 0.000000
0.000000 0.000000 0.000000 0.000000 0.000000 0.000000 0.000000 0.000000 0.000000 0.000000
0.000000 0.000000 0.000000 0.000000 0.000000 0.000000 0.000000 0.000000 0.000000 0.000000
0.000000 0.000000 0.000000 0.000000 0.000000 0.000000 0.000000 0.000000 0.000000 0.000000
0.000000 0.000000 0.000000 0.000000 0.000000 0.000000 0.000000 0.000000 0.000000 0.000000
0.000000 0.000000 0.000000 0.000000 0.000000 0.000000 0.000000 0.000000 0.000000 0.000000
0.000000 0.000000 0.000000 0.000000 0.000000 0.000000 0.000000 0.000000 0.000000 0.000000
0.000000 0.000000 0.000000 0.000000 0.000000 0.000000 0.000000 0.000000 0.000000 0.000000
0.000000 0.000000 0.000000 0.000000 0.000000 0.000000 0.000000 0.000000 0.000000 0.000000
0.000000 0.000000 0.000000 0.000000 0.000000 0.000000 0.000000 0.000000 0.000000 0.000000
0.000000 0.000000 0.000000 0.000000 0.000000 0.000000 0.000000 0.000000 0.000000 0.000000
0.000000 0.000000 0.000000 0.000000 0.000000 0.000000 0.000000 0.000000 0.000000 0.000000
0.000000 0.000000 0.000000 0.000000 0.000000 0.000000 0.000000 0.000000 0.000000 0.000000
0.000000 0.000000 0.000000 0.000000 0.000000 0.000000 0.000000 0.000000 0.000000 0.000000
0.000000 0.000000 0.000000 0.000000 0.000000 0.000000 0.000000 0.000000 0.000000 0.000000
0.000000 0.000000 0.000000 0.000000 0.000000 0.000000 0.000000 0.000000 0.000000 0.000000
0.000000 0.000000 0.000000 0.000000 0.000000 0.000000 0.000000 0.000000 0.000000 0.000000
0.000000 0.000000 0.000000 0.000000 0.000000 0.000000 0.000000 0.000000 0.000000 0.000000
0.000000 0.000000 0.000000 0.000000 0.000000 0.000000 0.000000 0.000000 0.000000 0.000000
0.000000 0.000000 0.000000 0.000000 0.000000 0.000000 0.000000 0.000000 0.000000 0.000000
0.000000 0.000000 0.000000 0.000000 0.000000 0.000000 0.000000 0.000000 0.000000 0.000000
0.000000 0.000000 0.000000 0.000000 0.000000 0.000000 0.000000 0.000000 0.000000 0.000000
0.000000 0.000000 0.000000 0.000000 0.000000 0.000000 0.000000 0.000000 0.000000 0.000000
0.000000 0.000000 0.000000 0.000000 0.000000 0.000000 0.000000 0.000000 0.000000 0.000000
0.000000 0.000000 0.000000 0.000000 0.000000 0.000000 0.000000 0.000000 0.000000 0.000000
0.000000 0.000000 0.000000 0.000000 0.000000 0.000000 0.000000 0.000000 0.000000 0.000000
0.000000 0.000000 0.000000 0.000000 0.000000 0.000000 0.000000 0.000000 0.000000 0.000000
0.000000 0.000000 0.000000 0.000000 0.000000 0.000000 0.000000 0.000000 0.000000 0.000000
0.000000 0.000000 0.000000 0.000000 0.000000 0.000000 0.000000 0.000000 0.000000 0.000000
0.000000 0.000000 0.000000 0.000000 0.000000 0.000000 0.000000 0.000000 0.000000 0.000000
0.000000 0.000000 0.000000 0.000000 0.000000 0.000000 0.000000 0.000000 0.000000 0.000000
0.000000 0.000000 0.000000 0.000000 0.000000 0.000000 0.000000 0.000000 0.000000 0.000000
0.000000 0.000000 0.000000 0.000000 0.000000 0.000000 0.000000 0.000000 0.000000 0.000000
0.000000 0.000000 0.000000 0.000000 0.000000 0.000000 0.000000 0.000000 0.000000 0.000000
0.000000 0.000000 0.000000 0.000000 0.000000 0.000000 0.000000 0.000000 0.000000 0.000000
0.000000 0.000000 0.000000 0.000000 0.000000 0.000000 0.000000 0.000000 0.000000 0.000000
0.000000 0.000000 0.000000 0.000000 0.000000 0.000000 0.000000 0.000000 0.000000 0.000000
0.000000 0.000000 0.000000 0.000000 0.000000 0.000000 0.000000 0.000000 0.000000 0.000000
0.000000 0.000000 0.000000 0.000000 0.000000 0.000000 0.000000 0.000000 0.000000 0.000000
0.000000 0.000000 0.000000 0.000000 0.000000 0.000000 0.000000 0.000000 0.000000 0.000000
0.000000 0.000000 0.000000 0.000000 0.000000 0.000000 0.000000 0.000000 0.000000 0.000000
0.000000 0.000000 0.000000 0.000000 0.000000 0.000000 0.000000 0.000000 0.000000 0.000000
0.000000 0.000000 0.000000 0.000000 0.000000 0.000000 0.000000 0.000000 0.000000 0.000000
0.000000 0.000000 0.000000 0.000000 0.000000 0.000000 0.000000 0.000000 0.000000 0.000000
0.000000 0.000000 0.000000 0.000000 0.000000 0.000000 0.000000 0.000000 0.000000 0.000000
0.000000 0.000000 0.000000 0.000000 0.000000 0.000000 0.000000 0.000000 0.000000 0.000000
0.000000 0.000000 0.000000 0.000000 0.000000 0.000000 0.000000 0.000000 0.000000 0.000000
0.000000 0.000000 0.000000 0.000000 0.000000 0.000000 0.000000 0.000000 0.000000 0.000000
0.000000 0.000000 0.000000 0.000000 0.000000 0.000000 0.000000 0.000000 0.000000 0.000000
0.000000 0.000000 0.000000 0.000000 0.000000 0.000000 0.000000 0.000000 0.000000 0.000000
0.000000 0.000000 0.000000 0.000000 0.000000 0.000000 0.000000 0.000000 0.000000 0.000000
0.000000 0.000000 0.000000 0.000000 0.000000 0.000000 0.000000 0.000000 0.000000 0.000000
0.000000 0.000000 0.000000 0.000000 0.000000 0.000000 0.000000 0.000000 0.000000 0.000000
0.000000 0.000000 0.000000 0.000000 0.000000 0.000000 0.000000 0.000000 0.000000 0.000000
0.000000 0.000000 0.000000 0.000000 0.000000 0.000000 0.000000 0.000000 0.000000 0.000000
0.000000 0.000000 0.000000 0.000000 0.000000 0.000000 0.000000 0.000000 0.000000 0.000000
0.000000 0.000000 0.000000 0.000000 0.000000 0.000000 0.000000 0.000000 0.000000 0.000000
0.000000 0.000000 0.000000 0.000000 0.000000 0.000000 0.000000 0.000000 0.000000 0.000000
0.000000 0.000000 0.000000 0.000000 0.000000 0.000000 0.000000 0.000000 0.000000 0.000000
0.000000 0.000000 0.000000 0.000000 0.000000 0.000000 0.000000 0.000000 0.000000 0.000000
0.000000 0.000000 0.000000 0.000000 0.000000 0.000000 0.000000 0.000000 0.000000 0.000000
0.000000 0.000000 0.000000 0.000000 0.000000 0.000000 0.000000 0.000000 0.000000 0.000000
0.000000 0.000000 0.000000 0.000000 0.000000 0.000000 0.000000 0.000000 0.000000 0.000000
0.000000 0.000000 0.000000 0.000000 0.000000 0.000000 0.000000 0.000000 0.000000 0.000000
0.000000 0.000000 0.000000 0.000000 0.000000 0.000000 0.000000 0.000000 0.000000 0.000000
0.000000 0.000000 0.000000 0.000000 0.000000 0.000000 0.000000 0.000000 0.000000 0.000000
0.000000 0.000000 0.000000 0.000000 0.000000 0.000000 0.000000 0.000000 0.000000 0.000000
0.000000 0.000000 0.000000 0.000000 0.000000 0.000000 0.000000 0.000000 0.000000 0.000000
0.000000 0.000000 0.000000 0.000000 0.000000 0.000000 0.000000 0.000000 0.000000 0.000000
0.000000 0.000000 0.000000 0.000000 0.000000 0.000000 0.000000 0.000000 0.000000 0.000000
0.000000 0.000000 0.000000 0.000000 0.000000 0.000000 0.000000 0.000000 0.000000 0.000000
0.000000 0.000000 0.000000 0.000000 0.000000 0.000000 0.000000 0.000000 0.000000 0.000000
0.000000 0.000000 0.000000 0.000000 0.000000 0.000000 0.000000 0.000000 0.000000 0.000000
0.000000 0.000000 0.000000 0.000000 0.000000 0.000000 0.000000 0.000000 0.000000 0.000000
0.000000 0.000000 0.000000 0.000000 0.000000 0.000000 0.000000 0.000000 0.000000 0.000000
0.000000 0.000000 0.000000 0.000000 0.000000 0.000000 0.000000 0.000000 0.000000 0.000000
0.000000 0.000000 0.000000 0.000000 0.000000 0.000000 0.000000 0.000000 0.000000 0.000000
0.000000 0.000000 0.000000 0.000000 0.000000 0.000000 0.000000 0.000000 0.000000 0.000000
0.000000 0.000000 0.000000 0.000000 0.000000 0.000000 0.000000 0.000000 0.000000 0.000000
0.000000 0.000000 0.000000 0.000000 0.000000 0.000000 0.000000 0.000000 0.000000 0.000000
0.000000 0.000000 0.000000 0.000000 0.000000 0.000000 0.000000 0.000000 0.000000 0.000000
0.000000 0.000000 0.000000 0.000000 0.000000 0.000000 0.000000 0.000000 0.000000 0.000000
0.000000 0.000000 0.000000 0.000000 0.000000 0.000000 0.000000 0.000000 0.000000 0.000000
0.000000 0.000000 0.000000 0.000000 0.000000 0.000000 0.000000 0.000000 0.000000 0.000000
0.000000 0.000000 0.000000 0.000000 0.000000 0.000000 0.000000 0.000000 0.000000 0.000000
0.000000 0.000000 0.000000 0.000000 0.000000 0.000000 0.000000 0.000000 0.000000 0.000000
0.000000 0.000000 0.000000 0.000000 0.000000 0.000000 0.000000 0.000000 0.000000 0.000000
0.000000 0.000000 0.000000 0.000000 0.000000 0.000000 0.000000 0.000000 0.000000 0.000000
0.000000 0.000000 0.000000 0.000000 0.000000 0.000000 0.000000 0.000000 0.000000 0.000000
0.000000 0.000000 0.000000 0.000000 0.000000 0.000000 0.000000 0.000000 0.000000 0.000000
0.000000 0.000000 0.000000 0.000000 0.000000 0.000000 0.000000 0.000000 0.000000 0.000000
0.000000 0.000000 0.000000 0.000000 0.000000 0.000000 0.000000 0.000000 0.000000 0.000000
0.000000 0.000000 0.000000 0.000000 0.000000 0.000000 0.000000 0.000000 0.000000 0.000000
0.000000 0.000000 0.000000 0.000000 0.000000 0.000000 0.000000 0.000000 0.000000 0.000000
0.000000 0.000000 0.000000 0.000000 0.000000 0.000000 0.000000 0.000000 0.000000 0.000000
0.000000 0.000000 0.000000 0.000000 0.000000 0.000000 0.000000 0.000000 0.000000 0.000000
0.000000 0.000000 0.000000 0.000000 0.000000 0.000000 0.000000 0.000000 0.000000 0.000000
0.000000 0.000000 0.000000 0.000000 0.000000 0.000000 0.000000 0.000000 0.000000 0.000000
0.000000 0.000000 0.000000 0.000000 0.000000 0.000000 0.000000 0.000000 0.000000 0.000000
0.000000 0.000000 0.000000 0.000000 0.000000 0.000000 0.000000 0.000000 0.000000 0.000000
0.000000 0.000000 0.000000 0.000000 0.000000 0.000000 0.000000 0.000000 0.000000 0.000000
0.000000 0.000000 0.000000 0.000000 0.000000 0.000000 0.000000 0.000000 0.000000 0.000000
0.000000 0.000000 0.000000 0.000000 0.000000 0.000000 0.000000 0.000000 0.000000 0.000000
0.000000 0.000000 0.000000 0.000000 0.000000 0.000000 0.000000 0.000000 0.000000 0.000000
0.000000 0.000000 0.000000 0.000000 0.000000 0.000000 0.000000 0.000000 0.000000 0.000000
0.000000 0.000000 0.000000 0.000000 0.000000 0.000000 0.000000 0.000000 0.000000 0.000000
0.000000 0.000000 0.000000 0.000000 0.000000 0.000000 0.000000 0.000000 0.000000 0.000000
0.000000 0.000000 0.000000 0.000000 0.000000 0.000000 0.000000 0.000000 0.000000 0.000000
0.000000 0.000000 0.000000 0.000000 0.000000 0.000000 0.000000 0.000000 0.000000 0.000000
0.000000 0.000000 0.000000 0.000000 0.000000 0.000000 0.000000 0.000000 0.000000 0.000000
0.000000 0.000000 0.000000 0.000000 0.000000 0.000000 0.000000 0.000000 0.000000 0.000000
0.000000 0.000000 0.000000 0.000000 0.000000 0.000000 0.000000 0.000000 0.000000 0.000000
0.000000 0.000000 0.000000 0.000000 0.000000 0.000000 0.000000 0.000000 0.000000 0.000000
0.000000 0.000000 0.000000 0.000000 0.000000 0.000000 0.000000 0.000000 0.000000 0.000000
0.000000 0.000000 0.000000 0.000000 0.000000 0.000000 0.000000 0.000000 0.000000 0.000000
0.000000 0.000000 0.000000 0.000000 0.000000 0.000000 0.000000 0.000000 0.000000 0.000000
0.000000 0.000000 0.000000 0.000000 0.000000 0.000000 0.000000 0.000000 0.000000 0.000000
0.000000 0.000000 0.000000 0.000000 0.000000 0.000000 0.000000 0.000000 0.000000 0.000000
0.000000 0.000000 0.000000 0.000000 0.000000 0.000000 0.000000 0.000000 0.000000 0.000000
0.000000 0.000000 0.000000 0.000000 0.000000 0.000000 0.000000 0.000000 0.000000 0.000000
0.000000 0.000000 0.000000 0.000000 0.000000 0.000000 0.000000 0.000000 0.000000 0.000000
0.000000 0.000000 0.000000 0.000000 0.000000 0.000000 0.000000 0.000000 0.000000 0.000000
0.000000 0.000000 0.000000 0.000000 0.000000 0.000000 0.000000 0.000000 0.000000 0.000000
0.000000 0.000000 0.000000 0.000000 0.000000 0.000000 0.000000 0.000000 0.000000 0.000000
0.000000 0.000000 0.000000 0.000000 0.000000 0.000000 0.000000 0.000000 0.000000 0.000000
0.000000 0.000000 0.000000 0.000000 0.000000 0.000000 0.000000 0.000000 0.000000 0.000000
0.000000 0.000000 0.000000 0.000000 0.000000 0.000000 0.000000 0.000000 0.000000 0.000000
0.000000 0.000000 0.000000 0.000000 0.000000 0.000000 0.000000 0.000000 0.000000 0.000000
0.000000 0.000000 0.000000 0.000000 0.000000 0.000000 0.000000 0.000000 0.000000 0.000000
0.000000 0.000000 0.000000 0.000000 0.000000 0.000000 0.000000 0.000000 0.000000 0.000000
