8 106 7 6 5 1 101 2 3 4
0.036000 0.036000 0.036000 56.571429 56.571429 0.036000 0.036000 56.571429 56.571429 56.571429
0.036000 0.036000 0.036000 56.571429 56.571429 0.036000 0.036000 56.571429 56.571429 56.571429
0.036000 0.036000 0.036000 56.571429 56.571429 0.036000 0.036000 56.571429 56.571429 56.571429
0.036000 0.036000 0.036000 56.571429 56.571429 0.036000 0.036000 56.571429 56.571429 56.571429
0.036000 0.036000 0.036000 56.571429 56.571429 0.036000 0.036000 56.571429 56.571429 56.571429
0.036000 0.036000 0.036000 56.571429 56.571429 0.036000 0.036000 56.571429 56.571429 56.571429
0.036000 0.036000 0.036000 56.571429 56.571429 0.036000 0.036000 56.571429 56.571429 56.571429
0.036000 0.036000 0.036000 56.571429 56.571429 0.036000 0.036000 56.571429 56.571429 56.571429
0.036000 0.036000 0.036000 56.571429 56.571429 0.036000 0.036000 56.571429 56.571429 56.571429
0.036000 0.036000 0.036000 56.571429 56.571429 0.036000 0.036000 56.571429 56.571429 56.571429
0.036000 0.036000 0.036000 56.571429 56.571429 0.036000 0.036000 56.571429 56.571429 56.571429
0.036000 0.036000 0.036000 56.571429 56.571429 0.036000 0.036000 56.571429 56.571429 56.571429
0.036000 0.036000 0.036000 56.571429 56.571429 0.036000 0.036000 56.571429 56.571429 56.571429
0.036000 0.036000 0.036000 56.571429 56.571429 0.036000 0.036000 56.571429 56.571429 56.571429
0.036000 0.036000 0.036000 56.571429 56.571429 0.036000 0.036000 56.571429 56.571429 56.571429
0.036000 0.036000 0.036000 56.571429 56.571429 0.036000 0.036000 56.571429 56.571429 56.571429
0.036000 0.036000 0.036000 56.571429 56.571429 0.036000 0.036000 56.571429 56.571429 56.571429
0.036000 0.036000 0.036000 56.571429 56.571429 0.036000 0.036000 56.571429 56.571429 56.571429
0.036000 0.036000 0.036000 56.571429 56.571429 0.036000 0.036000 56.571429 56.571429 56.571429
0.036000 0.036000 0.036000 56.571429 56.571429 0.036000 0.036000 56.571429 56.571429 56.571429
0.036000 0.036000 0.036000 56.571429 56.571429 0.036000 0.036000 56.571429 56.571429 56.571429
0.036000 0.036000 0.036000 56.571429 56.571429 0.036000 0.036000 56.571429 56.571429 56.571429
0.036000 0.036000 0.036000 56.571429 56.571429 0.036000 0.036000 56.571429 56.571429 56.571429
0.036000 0.036000 0.036000 56.571429 56.571429 0.036000 0.036000 56.571429 56.571429 56.571429
0.036000 0.036000 0.036000 56.571429 56.571429 0.036000 0.036000 56.571429 56.571429 56.571429
0.036000 0.036000 0.036000 56.571429 56.571429 0.036000 0.036000 56.571429 56.571429 56.571429
0.036000 0.036000 0.036000 56.571429 56.571429 0.036000 0.036000 56.571429 56.571429 56.571429
0.036000 0.036000 0.036000 56.571429 56.571429 0.036000 0.036000 56.571429 56.571429 56.571429
0.036000 0.036000 0.036000 56.571429 56.571429 0.036000 0.036000 56.571429 56.571429 56.571429
0.036000 0.036000 0.036000 56.571429 56.571429 0.036000 0.036000 56.571429 56.571429 56.571429
0.036000 0.036000 0.036000 56.571429 56.571429 0.036000 0.036000 56.571429 56.571429 56.571429
0.036000 0.036000 0.036000 56.571429 56.571429 0.036000 0.036000 56.571429 56.571429 56.571429
0.036000 0.036000 0.036000 56.571429 56.571429 0.036000 0.036000 56.571429 56.571429 56.571429
0.036000 0.036000 0.036000 56.571429 56.571429 0.036000 0.036000 56.571429 56.571429 56.571429
0.036000 0.036000 0.036000 56.571429 56.571429 0.036000 0.036000 56.571429 56.571429 56.571429
0.036000 0.036000 0.036000 56.571429 56.571429 0.036000 0.036000 56.571429 56.571429 56.571429
0.036000 0.036000 0.036000 56.571429 56.571429 0.036000 0.036000 56.571429 56.571429 56.571429
0.036000 0.036000 0.036000 56.571429 56.571429 0.036000 0.036000 56.571429 56.571429 56.571429
0.036000 0.036000 0.036000 56.571429 56.571429 0.036000 0.036000 56.571429 56.571429 56.571429
0.036000 0.036000 0.036000 56.571429 56.571429 0.036000 0.036000 56.571429 56.571429 56.571429
0.036000 0.036000 0.036000 56.571429 56.571429 0.036000 0.036000 56.571429 56.571429 56.571429
0.036000 0.036000 0.036000 56.571429 56.571429 0.036000 0.036000 56.571429 56.571429 56.571429
0.036000 0.036000 0.036000 56.571429 56.571429 0.036000 0.036000 56.571429 56.571429 56.571429
0.036000 0.036000 0.036000 56.571429 56.571429 0.036000 0.036000 56.571429 56.571429 56.571429
0.036000 0.036000 0.036000 56.571429 56.571429 0.036000 0.036000 56.571429 56.571429 56.571429
0.036000 0.036000 0.036000 56.571429 56.571429 0.036000 0.036000 56.571429 56.571429 56.571429
0.036000 0.036000 0.036000 56.571429 56.571429 0.036000 0.036000 56.571429 56.571429 56.571429
0.036000 0.036000 0.036000 56.571429 56.571429 0.036000 0.036000 56.571429 56.571429 56.571429
0.036000 0.036000 0.036000 56.571429 56.571429 0.036000 0.036000 56.571429 56.571429 56.571429
0.036000 0.036000 0.036000 56.571429 56.571429 0.036000 0.036000 56.571429 56.571429 56.571429
0.036000 0.036000 0.036000 56.571429 56.571429 0.036000 0.036000 56.571429 56.571429 56.571429
0.036000 0.036000 0.036000 56.571429 56.571429 0.036000 0.036000 56.571429 56.571429 56.571429
0.036000 0.036000 0.036000 56.571429 56.571429 0.036000 0.036000 56.571429 56.571429 56.571429
0.036000 0.036000 0.036000 56.571429 56.571429 0.036000 0.036000 56.571429 56.571429 56.571429
0.036000 0.036000 0.036000 56.571429 56.571429 0.036000 0.036000 56.571429 56.571429 56.571429
0.036000 0.036000 0.036000 56.571429 56.571429 0.036000 0.036000 56.571429 56.571429 56.571429
0.036000 0.036000 0.036000 56.571429 56.571429 0.036000 0.036000 56.571429 56.571429 56.571429
0.036000 0.036000 0.036000 56.571429 56.571429 0.036000 0.036000 56.571429 56.571429 56.571429
0.036000 0.036000 0.036000 56.571429 56.571429 0.036000 0.036000 56.571429 56.571429 56.571429
0.036000 0.036000 0.036000 56.571429 56.571429 0.036000 0.036000 56.571429 56.571429 56.571429
0.036000 0.036000 0.036000 56.571429 56.571429 0.036000 0.036000 56.571429 56.571429 56.571429
0.036000 0.036000 0.036000 56.571429 56.571429 0.036000 0.036000 56.571429 56.571429 56.571429
0.036000 0.036000 0.036000 56.571429 56.571429 0.036000 0.036000 56.571429 56.571429 56.571429
0.036000 0.036000 0.036000 56.571429 56.571429 0.036000 0.036000 56.571429 56.571429 56.571429
0.036000 0.036000 0.036000 56.571429 56.571429 0.036000 0.036000 56.571429 56.571429 56.571429
0.036000 0.036000 0.036000 56.571429 56.571429 0.036000 0.036000 56.571429 56.571429 56.571429
0.036000 0.036000 0.036000 56.571429 56.571429 0.036000 0.036000 56.571429 56.571429 56.571429
0.036000 0.036000 0.036000 56.571429 56.571429 0.036000 0.036000 56.571429 56.571429 56.571429
0.036000 0.036000 0.036000 56.571429 56.571429 0.036000 0.036000 56.571429 56.571429 56.571429
0.036000 0.036000 0.036000 56.571429 56.571429 0.036000 0.036000 56.571429 56.571429 56.571429
0.036000 0.036000 0.036000 56.571429 56.571429 0.036000 0.036000 56.571429 56.571429 56.571429
0.036000 0.036000 0.036000 56.571429 56.571429 0.036000 0.036000 56.571429 56.571429 56.571429
0.036000 0.036000 0.036000 56.571429 56.571429 0.036000 0.036000 62.814815 62.814815 56.571429
0.036000 0.036000 0.036000 56.571429 56.571429 0.036000 0.036000 70.530612 58.570663 56.571429
0.036000 0.036000 0.036000 56.571429 56.571429 0.036000 0.036000 77.120068 56.571429 56.571429
0.036000 0.036000 0.036000 56.571429 56.571429 0.036000 0.036000 80.432432 56.571429 56.571429
0.036000 0.036000 0.036000 56.571429 56.571429 0.036000 0.036000 76.824273 56.571429 56.571429
0.036000 0.036000 0.036000 56.571429 56.571429 0.036000 0.036000 72.772915 56.571429 56.571429
0.036000 0.036000 0.036000 56.571429 56.571429 0.036000 0.036000 68.610224 56.571429 56.571429
0.036000 0.036000 0.036000 56.571429 56.571429 0.036000 0.036000 64.360403 56.571429 56.571429
0.036000 0.036000 0.036000 56.571429 56.571429 0.036000 0.036000 60.294607 56.571429 56.571429
0.036000 0.036000 0.036000 56.571429 56.571429 0.036000 0.036000 56.571429 56.571429 56.571429
0.036000 0.036000 0.036000 56.571429 56.571429 0.036000 0.036000 56.571429 56.571429 56.571429
0.036000 0.036000 0.036000 65.668126 56.571429 0.036000 0.036000 56.571429 56.571429 56.571429
0.036000 0.036000 0.036000 66.196329 56.571429 0.036000 0.036000 56.571429 56.571429 56.571429
0.036000 0.036000 0.036000 65.142857 56.571429 0.036000 0.036000 56.571429 56.571429 56.571429
0.036000 0.036000 0.036000 67.798793 56.571429 0.036000 0.036000 56.571429 56.571429 56.571429
0.036000 0.036000 0.036000 69.428571 56.571429 0.036000 0.036000 56.571429 56.571429 56.571429
0.036000 0.036000 0.036000 71.086369 56.571429 0.036000 0.036000 56.571429 56.571429 56.571429
0.036000 0.036000 0.036000 72.772915 56.571429 0.036000 0.036000 56.571429 56.571429 56.571429
0.036000 0.036000 0.036000 74.488963 56.571429 0.036000 0.036000 56.571429 56.571429 56.571429
0.036000 0.036000 0.036000 75.649770 56.571429 0.036000 0.036000 56.571429 56.571429 56.571429
0.036000 0.036000 0.036000 76.824273 56.571429 0.036000 0.036000 56.571429 56.571429 56.571429
0.036000 0.036000 0.036000 78.612245 56.571429 0.036000 0.036000 56.571429 56.571429 56.571429
0.036000 0.036000 0.036000 78.612245 56.571429 0.036000 0.036000 56.571429 56.571429 56.571429
0.036000 0.036000 0.036000 79.215352 56.571429 0.036000 0.036000 56.571429 56.571429 56.571429
0.036000 0.036000 0.036000 81.664221 56.571429 0.036000 0.036000 56.571429 56.571429 56.571429
0.036000 0.036000 0.036000 82.910986 56.571429 0.036000 0.036000 56.571429 56.571429 56.571429
0.036000 0.036000 0.036000 84.173001 56.571429 0.036000 0.036000 56.571429 56.571429 56.571429
0.036000 0.036000 0.036000 85.450549 56.571429 0.036000 0.036000 56.571429 56.571429 56.571429
0.036000 0.036000 0.036000 79.215352 56.571429 0.036000 0.036000 56.571429 56.571429 56.571429
0.036000 0.036000 0.036000 70.530612 56.571429 0.036000 0.036000 56.571429 56.571429 56.571429
0.036000 0.036000 0.036000 63.584416 56.571429 0.036000 0.036000 56.571429 56.571429 56.571429
0.036000 0.036000 0.036000 57.118541 56.571429 0.036000 0.036000 56.571429 56.571429 56.571429
0.036000 0.036000 0.036000 56.571429 56.571429 0.036000 0.036000 56.571429 56.571429 56.571429
0.036000 0.036000 0.036000 56.571429 56.571429 0.036000 0.036000 56.571429 56.571429 56.571429
0.036000 0.036000 0.036000 56.571429 56.571429 0.036000 0.036000 56.571429 56.571429 56.571429
0.036000 0.036000 0.036000 56.571429 56.571429 0.036000 0.036000 56.571429 56.571429 56.571429
0.036000 0.036000 0.036000 56.571429 56.571429 0.036000 0.036000 56.571429 56.571429 56.571429
0.036000 0.036000 0.036000 56.571429 56.571429 0.036000 0.036000 56.571429 56.571429 56.571429
0.036000 0.036000 0.036000 56.571429 56.571429 0.036000 0.036000 56.571429 56.571429 56.571429
0.036000 0.036000 0.036000 56.571429 56.571429 0.036000 0.036000 56.571429 56.571429 56.571429
0.036000 0.036000 0.036000 56.571429 56.571429 0.036000 0.036000 56.571429 56.571429 56.571429
0.036000 0.036000 0.036000 56.571429 56.571429 0.036000 0.036000 56.571429 56.571429 56.571429
0.036000 0.036000 0.036000 56.571429 56.571429 0.036000 0.036000 56.571429 56.571429 56.571429
0.036000 0.036000 0.036000 56.571429 56.571429 0.036000 0.036000 56.571429 56.571429 56.571429
0.036000 0.036000 0.036000 56.571429 56.571429 0.036000 0.036000 56.571429 56.571429 56.571429
0.036000 0.036000 0.036000 56.571429 56.571429 0.036000 0.036000 56.571429 56.571429 56.571429
0.036000 0.036000 0.036000 56.571429 56.571429 0.036000 0.036000 56.571429 56.571429 56.571429
0.036000 0.036000 0.036000 56.571429 56.571429 0.036000 0.036000 56.571429 56.571429 56.571429
0.036000 0.036000 0.036000 56.571429 56.571429 0.036000 0.036000 56.571429 56.571429 56.571429
0.036000 0.036000 0.036000 56.571429 56.571429 0.036000 0.036000 56.571429 56.571429 56.571429
0.036000 0.036000 0.036000 56.571429 56.571429 0.036000 0.036000 56.571429 56.571429 56.571429
0.036000 0.036000 0.036000 56.571429 56.571429 0.036000 0.036000 56.571429 56.571429 56.571429
0.036000 0.036000 0.036000 56.571429 56.571429 0.036000 0.036000 56.571429 56.571429 56.571429
0.036000 0.036000 0.036000 56.571429 56.571429 0.036000 0.036000 56.571429 56.571429 56.571429
0.036000 0.036000 0.036000 56.571429 56.571429 0.036000 0.036000 56.571429 56.571429 56.571429
0.036000 0.036000 0.036000 56.571429 56.571429 0.036000 0.036000 56.571429 56.571429 56.571429
0.036000 0.036000 0.036000 56.571429 56.571429 0.036000 0.036000 56.571429 56.571429 56.571429
0.036000 0.036000 0.036000 56.571429 56.571429 0.036000 0.036000 56.571429 56.571429 56.571429
0.036000 0.036000 0.036000 56.571429 56.571429 0.036000 0.036000 56.571429 56.571429 56.571429
0.036000 0.036000 0.036000 56.571429 56.571429 0.036000 0.036000 56.571429 56.571429 56.571429
0.036000 0.036000 0.036000 56.571429 56.571429 0.036000 0.036000 56.571429 56.571429 56.571429
0.036000 0.036000 0.036000 56.571429 56.571429 0.036000 0.036000 56.571429 56.571429 56.571429
0.036000 0.036000 0.036000 56.571429 56.571429 0.036000 0.036000 56.571429 56.571429 56.571429
0.036000 0.036000 0.036000 56.571429 56.571429 0.036000 0.036000 56.571429 56.571429 56.571429
0.036000 0.036000 0.036000 56.571429 56.571429 0.036000 0.036000 56.571429 56.571429 56.571429
0.036000 0.036000 0.036000 56.571429 56.571429 0.036000 0.036000 56.571429 56.571429 56.571429
0.036000 0.036000 0.036000 56.571429 56.571429 0.036000 0.036000 56.571429 56.571429 56.571429
0.036000 0.036000 0.036000 56.571429 56.571429 0.036000 0.036000 56.571429 56.571429 56.571429
0.036000 0.036000 0.036000 56.571429 56.571429 0.036000 0.036000 56.571429 56.571429 56.571429
0.036000 0.036000 0.036000 56.571429 56.571429 0.036000 0.036000 56.571429 56.571429 56.571429
0.036000 0.036000 0.036000 56.571429 56.571429 0.036000 0.036000 56.571429 56.571429 56.571429
0.036000 0.036000 0.036000 56.571429 56.571429 0.036000 0.036000 56.571429 56.571429 56.571429
0.036000 0.036000 0.036000 56.571429 56.571429 0.036000 0.036000 56.571429 56.571429 56.571429
0.036000 0.036000 0.036000 56.571429 56.571429 0.036000 0.036000 56.571429 56.571429 56.571429
0.036000 0.036000 0.036000 56.571429 56.571429 0.036000 0.036000 56.571429 56.571429 56.571429
0.036000 0.036000 0.036000 56.571429 56.571429 0.036000 0.036000 56.571429 56.571429 56.571429
0.036000 0.036000 0.036000 56.571429 56.571429 0.036000 0.036000 56.571429 56.571429 56.571429
0.036000 0.036000 0.036000 56.571429 56.571429 0.036000 0.036000 56.571429 56.571429 56.571429
0.036000 0.036000 0.036000 56.571429 56.571429 0.036000 0.036000 56.571429 56.571429 56.571429
0.036000 0.036000 0.036000 56.571429 56.571429 0.036000 0.036000 56.571429 56.571429 56.571429
0.036000 0.036000 0.036000 56.571429 56.571429 0.036000 0.036000 56.571429 56.571429 56.571429
0.036000 0.036000 0.036000 56.571429 56.571429 0.036000 0.036000 56.571429 56.571429 56.571429
0.036000 0.036000 0.036000 56.571429 56.571429 0.036000 0.036000 56.571429 56.571429 56.571429
0.036000 0.036000 0.036000 56.571429 56.571429 0.036000 0.036000 56.571429 56.571429 56.571429
0.036000 0.036000 0.036000 56.571429 56.571429 0.036000 0.036000 56.571429 56.571429 56.571429
0.036000 0.036000 0.036000 56.571429 56.571429 0.036000 0.036000 56.571429 56.571429 56.571429
0.036000 0.036000 0.036000 56.571429 56.571429 0.036000 0.036000 56.571429 56.571429 56.571429
0.036000 0.036000 0.036000 56.571429 56.571429 0.036000 0.036000 56.571429 56.571429 56.571429
0.036000 0.036000 0.036000 56.571429 56.571429 0.036000 0.036000 56.571429 56.571429 56.571429
0.036000 0.036000 0.036000 56.571429 56.571429 0.036000 0.036000 56.571429 56.571429 56.571429
0.036000 0.036000 0.036000 56.571429 56.571429 0.036000 0.036000 56.571429 56.571429 56.571429
0.036000 0.036000 0.036000 56.571429 56.571429 0.036000 0.036000 56.571429 56.571429 56.571429
0.036000 0.036000 0.036000 56.571429 56.571429 0.036000 0.036000 56.571429 56.571429 56.571429
0.036000 0.036000 0.036000 56.571429 56.571429 0.036000 0.036000 56.571429 56.571429 56.571429
0.036000 0.036000 0.036000 56.571429 56.571429 0.036000 0.036000 56.571429 56.571429 56.571429
0.036000 0.036000 0.036000 56.571429 56.571429 0.036000 0.036000 56.571429 56.571429 56.571429
0.036000 0.036000 0.036000 56.571429 56.571429 0.036000 0.036000 56.571429 56.571429 56.571429
0.036000 0.036000 0.036000 56.571429 56.571429 0.036000 0.036000 56.571429 56.571429 56.571429
0.036000 0.036000 0.036000 56.571429 56.571429 0.036000 0.036000 56.571429 56.571429 56.571429
0.036000 0.036000 0.036000 56.571429 56.571429 0.036000 0.036000 56.571429 56.571429 56.571429
0.036000 0.036000 0.036000 56.571429 56.571429 0.036000 0.036000 56.571429 56.571429 56.571429
0.036000 0.036000 0.036000 56.571429 56.571429 0.036000 0.036000 56.571429 56.571429 56.571429
0.036000 0.036000 0.036000 56.571429 56.571429 0.036000 0.036000 56.571429 56.571429 56.571429
0.036000 0.036000 0.036000 56.571429 56.571429 0.036000 0.036000 56.571429 56.571429 56.571429
0.036000 0.036000 0.036000 56.571429 56.571429 0.036000 0.036000 56.571429 56.571429 56.571429
0.036000 0.036000 0.036000 56.571429 56.571429 0.036000 0.036000 56.571429 56.571429 56.571429
0.036000 0.036000 0.036000 56.571429 56.571429 0.036000 0.036000 56.571429 56.571429 56.571429
0.036000 0.036000 0.036000 56.571429 56.571429 0.036000 0.036000 56.571429 56.571429 56.571429
0.036000 0.036000 0.036000 56.571429 56.571429 0.036000 0.036000 56.571429 56.571429 56.571429
0.036000 0.036000 0.036000 56.571429 56.571429 0.036000 0.036000 56.571429 56.571429 56.571429
0.036000 0.036000 0.036000 56.571429 56.571429 0.036000 0.036000 56.571429 56.571429 56.571429
0.036000 0.036000 0.036000 56.571429 56.571429 0.036000 0.036000 56.571429 56.571429 56.571429
0.036000 0.036000 0.036000 56.571429 56.571429 0.036000 0.036000 56.571429 56.571429 56.571429
0.036000 0.036000 0.036000 56.571429 56.571429 0.036000 0.036000 56.571429 56.571429 56.571429
0.036000 0.036000 0.036000 56.571429 56.571429 0.036000 0.036000 56.571429 56.571429 56.571429
0.036000 0.036000 0.036000 56.571429 56.571429 0.036000 0.036000 56.571429 56.571429 56.571429
0.036000 0.036000 0.036000 56.571429 56.571429 0.036000 0.036000 56.571429 56.571429 56.571429
0.036000 0.036000 0.036000 56.571429 56.571429 0.036000 0.036000 56.571429 56.571429 56.571429
0.036000 0.036000 0.036000 56.571429 56.571429 0.036000 0.036000 56.571429 56.571429 56.571429
0.036000 0.036000 0.036000 56.571429 56.571429 0.036000 0.036000 56.571429 56.571429 56.571429
0.036000 0.036000 0.036000 56.571429 56.571429 0.036000 0.036000 56.571429 56.571429 56.571429
0.036000 0.036000 0.036000 56.571429 56.571429 0.036000 0.036000 56.571429 56.571429 56.571429
0.036000 0.036000 0.036000 56.571429 56.571429 0.036000 0.036000 56.571429 56.571429 56.571429
0.036000 0.036000 0.036000 56.571429 56.571429 0.036000 0.036000 56.571429 56.571429 56.571429
0.036000 0.036000 0.036000 56.571429 56.571429 0.036000 0.036000 56.571429 56.571429 56.571429
0.036000 0.036000 0.036000 56.571429 56.571429 0.036000 0.036000 56.571429 56.571429 56.571429
0.036000 0.036000 0.036000 56.571429 56.571429 0.036000 0.036000 56.571429 56.571429 56.571429
0.036000 0.036000 0.036000 56.571429 56.571429 0.036000 0.036000 56.571429 56.571429 56.571429
0.036000 0.036000 0.036000 56.571429 56.571429 0.036000 0.036000 56.571429 56.571429 56.571429
0.036000 0.036000 0.036000 56.571429 56.571429 0.036000 0.036000 56.571429 56.571429 56.571429
0.036000 0.036000 0.036000 56.571429 56.571429 0.036000 0.036000 56.571429 56.571429 56.571429
0.036000 0.036000 0.036000 56.571429 56.571429 0.036000 0.036000 56.571429 56.571429 56.571429
0.036000 0.036000 0.036000 56.571429 56.571429 0.036000 0.036000 56.571429 56.571429 56.571429
0.036000 0.036000 0.036000 56.571429 56.571429 0.036000 0.036000 56.571429 56.571429 56.571429
0.036000 0.036000 0.036000 56.571429 56.571429 0.036000 0.036000 56.571429 56.571429 56.571429
0.036000 0.036000 0.036000 56.571429 56.571429 0.036000 0.036000 56.571429 56.571429 56.571429
0.036000 0.036000 0.036000 56.571429 56.571429 0.036000 0.036000 56.571429 56.571429 56.571429
0.036000 0.036000 0.036000 56.571429 56.571429 0.036000 0.036000 56.571429 56.571429 56.571429
0.036000 0.036000 0.036000 56.571429 56.571429 0.036000 0.036000 56.571429 56.571429 56.571429
0.036000 0.036000 0.036000 56.571429 56.571429 0.036000 0.036000 56.571429 56.571429 56.571429
0.036000 0.036000 0.036000 56.571429 56.571429 0.036000 0.036000 56.571429 56.571429 56.571429
0.036000 0.036000 0.036000 56.571429 56.571429 0.036000 0.036000 56.571429 56.571429 56.571429
0.036000 0.036000 0.036000 56.571429 56.571429 0.036000 0.036000 56.571429 56.571429 56.571429
0.036000 0.036000 0.036000 56.571429 56.571429 0.036000 0.036000 56.571429 56.571429 56.571429
0.036000 0.036000 0.036000 56.571429 56.571429 0.036000 0.036000 56.571429 56.571429 56.571429
0.036000 0.036000 0.036000 56.571429 56.571429 0.036000 0.036000 56.571429 56.571429 56.571429
0.036000 0.036000 0.036000 56.571429 56.571429 0.036000 0.036000 56.571429 56.571429 56.571429
0.036000 0.036000 0.036000 56.571429 56.571429 0.036000 0.036000 56.571429 56.571429 56.571429
0.036000 0.036000 0.036000 56.571429 56.571429 0.036000 0.036000 56.571429 56.571429 56.571429
0.036000 0.036000 0.036000 56.571429 56.571429 0.036000 0.036000 56.571429 56.571429 56.571429
0.036000 0.036000 0.036000 56.571429 56.571429 0.036000 0.036000 56.571429 56.571429 56.571429
0.036000 0.036000 0.036000 56.571429 56.571429 0.036000 0.036000 56.571429 56.571429 56.571429
0.036000 0.036000 0.036000 56.571429 56.571429 0.036000 0.036000 56.571429 56.571429 56.571429
0.036000 0.036000 0.036000 56.571429 56.571429 0.036000 0.036000 56.571429 56.571429 56.571429
0.036000 0.036000 0.036000 56.571429 56.571429 0.036000 0.036000 56.571429 56.571429 56.571429
0.036000 0.036000 0.036000 56.571429 56.571429 0.036000 0.036000 56.571429 56.571429 56.571429
0.036000 0.036000 0.036000 56.571429 56.571429 0.036000 0.036000 56.571429 56.571429 56.571429
0.036000 0.036000 0.036000 56.571429 56.571429 0.036000 0.036000 56.571429 56.571429 56.571429
0.036000 0.036000 0.036000 56.571429 56.571429 0.036000 0.036000 56.571429 56.571429 56.571429
0.036000 0.036000 0.036000 56.571429 56.571429 0.036000 0.036000 56.571429 56.571429 56.571429
0.036000 0.036000 0.036000 56.571429 56.571429 0.036000 0.036000 56.571429 56.571429 56.571429
0.036000 0.036000 0.036000 56.571429 56.571429 0.036000 0.036000 56.571429 56.571429 56.571429
0.036000 0.036000 0.036000 56.571429 56.571429 0.036000 0.036000 56.571429 56.571429 56.571429
0.036000 0.036000 0.036000 56.571429 56.571429 0.036000 0.036000 56.571429 56.571429 56.571429
0.036000 0.036000 0.036000 56.571429 56.571429 0.036000 0.036000 56.571429 56.571429 56.571429
0.036000 0.036000 0.036000 56.571429 56.571429 0.036000 0.036000 56.571429 56.571429 56.571429
0.036000 0.036000 0.036000 56.571429 56.571429 0.036000 0.036000 56.571429 56.571429 56.571429
0.036000 0.036000 0.036000 56.571429 56.571429 0.036000 0.036000 56.571429 56.571429 56.571429
0.036000 0.036000 0.036000 56.571429 56.571429 0.036000 0.036000 56.571429 56.571429 56.571429
0.036000 0.036000 0.036000 56.571429 56.571429 0.036000 0.036000 56.571429 56.571429 56.571429
0.036000 0.036000 0.036000 56.571429 56.571429 0.036000 0.036000 56.571429 56.571429 56.571429
0.036000 0.036000 0.036000 56.571429 56.571429 0.036000 0.036000 56.571429 56.571429 56.571429
0.036000 0.036000 0.036000 56.571429 56.571429 0.036000 0.036000 56.571429 56.571429 56.571429
0.036000 0.036000 0.036000 56.571429 56.571429 0.036000 0.036000 56.571429 56.571429 56.571429
0.036000 0.036000 0.036000 56.571429 56.571429 0.036000 0.036000 56.571429 56.571429 56.571429
0.036000 0.036000 0.036000 56.571429 56.571429 0.036000 0.036000 56.571429 56.571429 56.571429
0.036000 0.036000 0.036000 56.571429 56.571429 0.036000 0.036000 56.571429 56.571429 56.571429
0.036000 0.036000 0.036000 56.571429 56.571429 0.036000 0.036000 56.571429 56.571429 56.571429
0.036000 0.036000 0.036000 56.571429 56.571429 0.036000 0.036000 56.571429 56.571429 56.571429
0.036000 0.036000 0.036000 56.571429 56.571429 0.036000 0.036000 56.571429 56.571429 56.571429
0.036000 0.036000 0.036000 56.571429 56.571429 0.036000 0.036000 62.814815 62.814815 56.571429
0.036000 0.036000 0.036000 56.571429 56.571429 0.036000 0.036000 70.530612 63.070644 56.571429
0.036000 0.036000 0.036000 56.571429 56.571429 0.036000 0.036000 76.529350 56.571429 56.571429
0.036000 0.036000 0.036000 56.571429 56.571429 0.036000 0.036000 73.056853 56.571429 56.571429
0.036000 0.036000 0.036000 56.571429 56.571429 0.036000 0.036000 69.428571 56.571429 56.571429
0.036000 0.036000 0.036000 56.571429 56.571429 0.036000 0.036000 65.668126 56.571429 56.571429
0.036000 0.036000 0.036000 56.571429 56.571429 0.036000 0.036000 62.051522 56.571429 56.571429
0.036000 0.036000 0.036000 56.571429 56.571429 0.036000 0.036000 58.327022 56.571429 56.571429
0.036000 0.036000 0.036000 56.571429 56.571429 0.036000 0.036000 56.571429 56.571429 56.571429
0.036000 0.036000 0.036000 56.571429 56.571429 0.036000 0.036000 56.571429 56.571429 56.571429
0.036000 0.036000 0.036000 56.571429 56.571429 0.036000 0.036000 56.571429 56.571429 56.571429
0.036000 0.036000 0.036000 65.668126 56.571429 0.036000 0.036000 56.571429 56.571429 56.571429
0.036000 0.036000 0.036000 66.196329 56.571429 0.036000 0.036000 56.571429 56.571429 56.571429
0.036000 0.036000 0.036000 65.142857 56.571429 0.036000 0.036000 56.571429 56.571429 56.571429
0.036000 0.036000 0.036000 67.798793 56.571429 0.036000 0.036000 56.571429 56.571429 56.571429
0.036000 0.036000 0.036000 69.428571 56.571429 0.036000 0.036000 56.571429 56.571429 56.571429
0.036000 0.036000 0.036000 71.645320 56.571429 0.036000 0.036000 56.571429 56.571429 56.571429
0.036000 0.036000 0.036000 72.207493 56.571429 0.036000 0.036000 56.571429 56.571429 56.571429
0.036000 0.036000 0.036000 73.341615 56.571429 0.036000 0.036000 56.571429 56.571429 56.571429
0.036000 0.036000 0.036000 76.824273 56.571429 0.036000 0.036000 56.571429 56.571429 56.571429
0.036000 0.036000 0.036000 77.416737 56.571429 0.036000 0.036000 56.571429 56.571429 56.571429
0.036000 0.036000 0.036000 78.612245 56.571429 0.036000 0.036000 56.571429 56.571429 56.571429
0.036000 0.036000 0.036000 80.432432 56.571429 0.036000 0.036000 56.571429 56.571429 56.571429
0.036000 0.036000 0.036000 81.046472 56.571429 0.036000 0.036000 56.571429 56.571429 56.571429
0.036000 0.036000 0.036000 82.285714 56.571429 0.036000 0.036000 56.571429 56.571429 56.571429
0.036000 0.036000 0.036000 83.540070 56.571429 0.036000 0.036000 56.571429 56.571429 56.571429
0.036000 0.036000 0.036000 79.215352 56.571429 0.036000 0.036000 56.571429 56.571429 56.571429
0.036000 0.036000 0.036000 70.530612 56.571429 0.036000 0.036000 56.571429 56.571429 56.571429
0.036000 0.036000 0.036000 63.584416 56.571429 0.036000 0.036000 56.571429 56.571429 56.571429
0.036000 0.036000 0.036000 57.600000 56.571429 0.036000 0.036000 56.571429 56.571429 56.571429
0.036000 0.036000 0.036000 56.571429 56.571429 0.036000 0.036000 56.571429 56.571429 56.571429
0.036000 0.036000 0.036000 56.571429 56.571429 0.036000 0.036000 56.571429 56.571429 56.571429
0.036000 0.036000 0.036000 56.571429 56.571429 0.036000 0.036000 56.571429 56.571429 56.571429
0.036000 0.036000 0.036000 56.571429 56.571429 0.036000 0.036000 56.571429 56.571429 56.571429
0.036000 0.036000 0.036000 56.571429 56.571429 0.036000 0.036000 56.571429 56.571429 56.571429
0.036000 0.036000 0.036000 56.571429 56.571429 0.036000 0.036000 56.571429 56.571429 56.571429
0.036000 0.036000 0.036000 56.571429 56.571429 0.036000 0.036000 56.571429 56.571429 56.571429
0.036000 0.036000 0.036000 56.571429 56.571429 0.036000 0.036000 56.571429 56.571429 56.571429
0.036000 0.036000 0.036000 56.571429 56.571429 0.036000 0.036000 56.571429 56.571429 56.571429
0.036000 0.036000 0.036000 56.571429 56.571429 0.036000 0.036000 56.571429 56.571429 56.571429
0.036000 0.036000 0.036000 56.571429 56.571429 0.036000 0.036000 56.571429 56.571429 56.571429
0.036000 0.036000 0.036000 56.571429 56.571429 0.036000 0.036000 56.571429 56.571429 56.571429
0.036000 0.036000 0.036000 56.571429 56.571429 0.036000 0.036000 56.571429 56.571429 56.571429
0.036000 0.036000 0.036000 56.571429 56.571429 0.036000 0.036000 56.571429 56.571429 56.571429
0.036000 0.036000 0.036000 56.571429 56.571429 0.036000 0.036000 56.571429 56.571429 56.571429
0.036000 0.036000 0.036000 56.571429 56.571429 0.036000 0.036000 56.571429 56.571429 56.571429
0.036000 0.036000 0.036000 56.571429 56.571429 0.036000 0.036000 56.571429 56.571429 56.571429
0.036000 0.036000 0.036000 56.571429 56.571429 0.036000 0.036000 56.571429 56.571429 56.571429
0.036000 0.036000 0.036000 56.571429 56.571429 0.036000 0.036000 56.571429 56.571429 56.571429
0.036000 0.036000 0.036000 56.571429 56.571429 0.036000 0.036000 56.571429 56.571429 56.571429
0.036000 0.036000 0.036000 56.571429 56.571429 0.036000 0.036000 56.571429 56.571429 56.571429
0.036000 0.036000 0.036000 56.571429 56.571429 0.036000 0.036000 56.571429 56.571429 56.571429
0.036000 0.036000 0.036000 56.571429 56.571429 0.036000 0.036000 56.571429 56.571429 56.571429
0.036000 0.036000 0.036000 56.571429 56.571429 0.036000 0.036000 56.571429 56.571429 56.571429
0.036000 0.036000 0.036000 56.571429 56.571429 0.036000 0.036000 56.571429 56.571429 56.571429
0.036000 0.036000 0.036000 56.571429 56.571429 0.036000 0.036000 56.571429 56.571429 56.571429
0.036000 0.036000 0.036000 56.571429 56.571429 0.036000 0.036000 56.571429 56.571429 56.571429
0.036000 0.036000 0.036000 56.571429 56.571429 0.036000 0.036000 56.571429 56.571429 56.571429
0.036000 0.036000 0.036000 56.571429 56.571429 0.036000 0.036000 56.571429 56.571429 56.571429
0.036000 0.036000 0.036000 56.571429 56.571429 0.036000 0.036000 56.571429 56.571429 56.571429
0.036000 0.036000 0.036000 56.571429 56.571429 0.036000 0.036000 56.571429 56.571429 56.571429
0.036000 0.036000 0.036000 56.571429 56.571429 0.036000 0.036000 56.571429 56.571429 56.571429
0.036000 0.036000 0.036000 56.571429 56.571429 0.036000 0.036000 56.571429 56.571429 56.571429
0.036000 0.036000 0.036000 56.571429 56.571429 0.036000 0.036000 56.571429 56.571429 56.571429
0.036000 0.036000 0.036000 56.571429 56.571429 0.036000 0.036000 56.571429 56.571429 56.571429
0.036000 0.036000 0.036000 56.571429 56.571429 0.036000 0.036000 56.571429 56.571429 56.571429
0.036000 0.036000 0.036000 56.571429 56.571429 0.036000 0.036000 56.571429 56.571429 56.571429
0.036000 0.036000 0.036000 56.571429 56.571429 0.036000 0.036000 56.571429 56.571429 56.571429
0.036000 0.036000 0.036000 56.571429 56.571429 0.036000 0.036000 56.571429 56.571429 56.571429
0.036000 0.036000 0.036000 56.571429 56.571429 0.036000 0.036000 56.571429 56.571429 56.571429
0.036000 0.036000 0.036000 56.571429 56.571429 0.036000 0.036000 56.571429 56.571429 56.571429
0.036000 0.036000 0.036000 56.571429 56.571429 0.036000 0.036000 56.571429 56.571429 56.571429
0.036000 0.036000 0.036000 56.571429 56.571429 0.036000 0.036000 56.571429 56.571429 56.571429
0.036000 0.036000 0.036000 56.571429 56.571429 0.036000 0.036000 56.571429 56.571429 56.571429
0.036000 0.036000 0.036000 56.571429 56.571429 0.036000 0.036000 56.571429 56.571429 56.571429
0.036000 0.036000 0.036000 56.571429 56.571429 0.036000 0.036000 56.571429 56.571429 56.571429
0.036000 0.036000 0.036000 56.571429 56.571429 0.036000 0.036000 56.571429 56.571429 56.571429
0.036000 0.036000 0.036000 56.571429 56.571429 0.036000 0.036000 56.571429 56.571429 56.571429
0.036000 0.036000 0.036000 56.571429 56.571429 0.036000 0.036000 56.571429 56.571429 56.571429
0.036000 0.036000 0.036000 56.571429 56.571429 0.036000 0.036000 56.571429 56.571429 56.571429
0.036000 0.036000 0.036000 56.571429 56.571429 0.036000 0.036000 56.571429 56.571429 56.571429
0.036000 0.036000 0.036000 56.571429 56.571429 0.036000 0.036000 56.571429 56.571429 56.571429
0.036000 0.036000 0.036000 56.571429 56.571429 0.036000 0.036000 56.571429 56.571429 56.571429
0.036000 0.036000 0.036000 56.571429 56.571429 0.036000 0.036000 56.571429 56.571429 56.571429
0.036000 0.036000 0.036000 56.571429 56.571429 0.036000 0.036000 56.571429 56.571429 56.571429
0.036000 0.036000 0.036000 56.571429 56.571429 0.036000 0.036000 56.571429 56.571429 56.571429
0.036000 0.036000 0.036000 56.571429 56.571429 0.036000 0.036000 56.571429 56.571429 56.571429
0.036000 0.036000 0.036000 56.571429 56.571429 0.036000 0.036000 56.571429 56.571429 56.571429
0.036000 0.036000 0.036000 56.571429 56.571429 0.036000 0.036000 56.571429 56.571429 56.571429
0.036000 0.036000 0.036000 56.571429 56.571429 0.036000 0.036000 56.571429 56.571429 56.571429
0.036000 0.036000 0.036000 56.571429 56.571429 0.036000 0.036000 56.571429 56.571429 56.571429
0.036000 0.036000 0.036000 56.571429 56.571429 0.036000 0.036000 56.571429 56.571429 56.571429
0.036000 0.036000 0.036000 56.571429 56.571429 0.036000 0.036000 56.571429 56.571429 56.571429
0.036000 0.036000 0.036000 56.571429 56.571429 0.036000 0.036000 56.571429 56.571429 56.571429
0.036000 0.036000 0.036000 56.571429 56.571429 0.036000 0.036000 56.571429 56.571429 56.571429
0.036000 0.036000 0.036000 56.571429 56.571429 0.036000 0.036000 56.571429 56.571429 56.571429
0.036000 0.036000 0.036000 56.571429 56.571429 0.036000 0.036000 56.571429 56.571429 56.571429
0.036000 0.036000 0.036000 56.571429 56.571429 0.036000 0.036000 56.571429 56.571429 56.571429
0.036000 0.036000 0.036000 56.571429 56.571429 0.036000 0.036000 56.571429 56.571429 56.571429
0.036000 0.036000 0.036000 56.571429 56.571429 0.036000 0.036000 56.571429 56.571429 56.571429
0.036000 0.036000 0.036000 56.571429 56.571429 0.036000 0.036000 56.571429 56.571429 56.571429
0.036000 0.036000 0.036000 56.571429 56.571429 0.036000 0.036000 56.571429 56.571429 56.571429
0.036000 0.036000 0.036000 56.571429 56.571429 0.036000 0.036000 56.571429 56.571429 56.571429
0.036000 0.036000 0.036000 56.571429 56.571429 0.036000 0.036000 56.571429 56.571429 56.571429
0.036000 0.036000 0.036000 56.571429 56.571429 0.036000 0.036000 56.571429 56.571429 56.571429
0.036000 0.036000 0.036000 56.571429 56.571429 0.036000 0.036000 56.571429 56.571429 56.571429
0.036000 0.036000 0.036000 56.571429 56.571429 0.036000 0.036000 56.571429 56.571429 56.571429
0.036000 0.036000 0.036000 56.571429 56.571429 0.036000 0.036000 56.571429 56.571429 56.571429
0.036000 0.036000 0.036000 56.571429 56.571429 0.036000 0.036000 56.571429 56.571429 56.571429
0.036000 0.036000 0.036000 56.571429 56.571429 0.036000 0.036000 56.571429 56.571429 56.571429
0.036000 0.036000 0.036000 56.571429 56.571429 0.036000 0.036000 56.571429 56.571429 56.571429
0.036000 0.036000 0.036000 56.571429 56.571429 0.036000 0.036000 56.571429 56.571429 56.571429
0.036000 0.036000 0.036000 56.571429 56.571429 0.036000 0.036000 56.571429 56.571429 56.571429
0.036000 0.036000 0.036000 56.571429 56.571429 0.036000 0.036000 56.571429 56.571429 56.571429
0.036000 0.036000 0.036000 56.571429 56.571429 0.036000 0.036000 56.571429 56.571429 56.571429
0.036000 0.036000 0.036000 56.571429 56.571429 0.036000 0.036000 56.571429 56.571429 56.571429
0.036000 0.036000 0.036000 56.571429 56.571429 0.036000 0.036000 56.571429 56.571429 56.571429
0.036000 0.036000 0.036000 56.571429 56.571429 0.036000 0.036000 56.571429 56.571429 56.571429
0.036000 0.036000 0.036000 56.571429 56.571429 0.036000 0.036000 56.571429 56.571429 56.571429
0.036000 0.036000 0.036000 56.571429 56.571429 0.036000 0.036000 56.571429 56.571429 56.571429
0.036000 0.036000 0.036000 56.571429 56.571429 0.036000 0.036000 56.571429 56.571429 56.571429
0.036000 0.036000 0.036000 56.571429 56.571429 0.036000 0.036000 56.571429 56.571429 56.571429
0.036000 0.036000 0.036000 56.571429 56.571429 0.036000 0.036000 56.571429 56.571429 56.571429
0.036000 0.036000 0.036000 56.571429 56.571429 0.036000 0.036000 56.571429 56.571429 56.571429
0.036000 0.036000 0.036000 56.571429 56.571429 0.036000 0.036000 56.571429 56.571429 56.571429
0.036000 0.036000 0.036000 56.571429 56.571429 0.036000 0.036000 56.571429 56.571429 56.571429
0.036000 0.036000 0.036000 56.571429 56.571429 0.036000 0.036000 56.571429 56.571429 56.571429
0.036000 0.036000 0.036000 56.571429 56.571429 0.036000 0.036000 56.571429 56.571429 56.571429
0.036000 0.036000 0.036000 56.571429 56.571429 0.036000 0.036000 56.571429 56.571429 56.571429
0.036000 0.036000 0.036000 56.571429 56.571429 0.036000 0.036000 56.571429 56.571429 56.571429
0.036000 0.036000 0.036000 56.571429 56.571429 0.036000 0.036000 56.571429 56.571429 56.571429
0.036000 0.036000 0.036000 56.571429 56.571429 0.036000 0.036000 56.571429 56.571429 56.571429
0.036000 0.036000 0.036000 56.571429 56.571429 0.036000 0.036000 56.571429 56.571429 56.571429
0.036000 0.036000 0.036000 56.571429 56.571429 0.036000 0.036000 56.571429 56.571429 56.571429
0.036000 0.036000 0.036000 56.571429 56.571429 0.036000 0.036000 56.571429 56.571429 56.571429
0.036000 0.036000 0.036000 56.571429 56.571429 0.036000 0.036000 56.571429 56.571429 56.571429
0.036000 0.036000 0.036000 56.571429 56.571429 0.036000 0.036000 56.571429 56.571429 56.571429
0.036000 0.036000 0.036000 56.571429 56.571429 0.036000 0.036000 56.571429 56.571429 56.571429
0.036000 0.036000 0.036000 56.571429 56.571429 0.036000 0.036000 56.571429 56.571429 56.571429
0.036000 0.036000 0.036000 56.571429 56.571429 0.036000 0.036000 56.571429 56.571429 56.571429
0.036000 0.036000 0.036000 56.571429 56.571429 0.036000 0.036000 56.571429 56.571429 56.571429
0.036000 0.036000 0.036000 56.571429 56.571429 0.036000 0.036000 56.571429 56.571429 56.571429
0.036000 0.036000 0.036000 56.571429 56.571429 0.036000 0.036000 56.571429 56.571429 56.571429
0.036000 0.036000 0.036000 56.571429 56.571429 0.036000 0.036000 56.571429 56.571429 56.571429
0.036000 0.036000 0.036000 56.571429 56.571429 0.036000 0.036000 56.571429 56.571429 56.571429
0.036000 0.036000 0.036000 56.571429 56.571429 0.036000 0.036000 56.571429 56.571429 56.571429
0.036000 0.036000 0.036000 56.571429 56.571429 0.036000 0.036000 56.571429 56.571429 56.571429
0.036000 0.036000 0.036000 56.571429 56.571429 0.036000 0.036000 56.571429 56.571429 56.571429
0.036000 0.036000 0.036000 56.571429 56.571429 0.036000 0.036000 56.571429 56.571429 56.571429
0.036000 0.036000 0.036000 56.571429 56.571429 0.036000 0.036000 56.571429 56.571429 56.571429
0.036000 0.036000 0.036000 56.571429 56.571429 0.036000 0.036000 56.571429 56.571429 56.571429
0.036000 0.036000 0.036000 56.571429 56.571429 0.036000 0.036000 56.571429 56.571429 56.571429
0.036000 0.036000 0.036000 56.571429 56.571429 0.036000 0.036000 56.571429 56.571429 56.571429
0.036000 0.036000 0.036000 56.571429 56.571429 0.036000 0.036000 56.571429 56.571429 56.571429
0.036000 0.036000 0.036000 56.571429 56.571429 0.036000 0.036000 56.571429 56.571429 56.571429
0.036000 0.036000 0.036000 56.571429 56.571429 0.036000 0.036000 56.571429 56.571429 56.571429
0.036000 0.036000 0.036000 56.571429 56.571429 0.036000 0.036000 56.571429 56.571429 56.571429
0.036000 0.036000 0.036000 56.571429 56.571429 0.036000 0.036000 56.571429 56.571429 56.571429
0.036000 0.036000 0.036000 56.571429 56.571429 0.036000 0.036000 56.571429 56.571429 56.571429
0.036000 0.036000 0.036000 56.571429 56.571429 0.036000 0.036000 56.571429 56.571429 56.571429
0.036000 0.036000 0.036000 56.571429 56.571429 0.036000 0.036000 56.571429 56.571429 56.571429
0.036000 0.036000 0.036000 56.571429 56.571429 0.036000 0.036000 56.571429 56.571429 56.571429
0.036000 0.036000 0.036000 56.571429 56.571429 0.036000 0.036000 56.571429 56.571429 56.571429
0.036000 0.036000 0.036000 56.571429 56.571429 0.036000 0.036000 56.571429 56.571429 56.571429
0.036000 0.036000 0.036000 56.571429 56.571429 0.036000 0.036000 56.571429 56.571429 56.571429
0.036000 0.036000 0.036000 56.571429 56.571429 0.036000 0.036000 56.571429 56.571429 56.571429
0.036000 0.036000 0.036000 56.571429 56.571429 0.036000 0.036000 56.571429 56.571429 56.571429
0.036000 0.036000 0.036000 56.571429 56.571429 0.036000 0.036000 56.571429 56.571429 56.571429
0.036000 0.036000 0.036000 56.571429 56.571429 0.036000 0.036000 56.571429 56.571429 56.571429
0.036000 0.036000 0.036000 56.571429 56.571429 0.036000 0.036000 56.571429 56.571429 56.571429
0.036000 0.036000 0.036000 56.571429 56.571429 0.036000 0.036000 56.571429 56.571429 56.571429
0.036000 0.036000 0.036000 56.571429 56.571429 0.036000 0.036000 56.571429 56.571429 56.571429
0.036000 0.036000 0.036000 56.571429 56.571429 0.036000 0.036000 56.571429 56.571429 56.571429
0.036000 0.036000 0.036000 56.571429 56.571429 0.036000 0.036000 56.571429 56.571429 56.571429
0.036000 0.036000 0.036000 56.571429 56.571429 0.036000 0.036000 56.571429 56.571429 56.571429
0.036000 0.036000 0.036000 56.571429 56.571429 0.036000 0.036000 56.571429 56.571429 56.571429
0.036000 0.036000 0.036000 56.571429 56.571429 0.036000 0.036000 56.571429 56.571429 56.571429
0.036000 0.036000 0.036000 56.571429 56.571429 0.036000 0.036000 56.571429 56.571429 56.571429
0.036000 0.036000 0.036000 56.571429 56.571429 0.036000 0.036000 56.571429 56.571429 56.571429
0.036000 0.036000 0.036000 56.571429 56.571429 0.036000 0.036000 56.571429 56.571429 56.571429
0.036000 0.036000 0.036000 56.571429 56.571429 0.036000 0.036000 62.814815 62.814815 56.571429
0.036000 0.036000 0.036000 56.571429 56.571429 0.036000 0.036000 70.530612 62.814815 56.571429
0.036000 0.036000 0.036000 56.571429 56.571429 0.036000 0.036000 77.120068 56.571429 56.571429
0.036000 0.036000 0.036000 56.571429 56.571429 0.036000 0.036000 75.358293 56.571429 56.571429
0.036000 0.036000 0.036000 56.571429 56.571429 0.036000 0.036000 71.645320 56.571429 56.571429
0.036000 0.036000 0.036000 56.571429 56.571429 0.036000 0.036000 67.798793 56.571429 56.571429
0.036000 0.036000 0.036000 56.571429 56.571429 0.036000 0.036000 63.842365 56.571429 56.571429
0.036000 0.036000 0.036000 56.571429 56.571429 0.036000 0.036000 60.046332 56.571429 56.571429
0.036000 0.036000 0.036000 56.571429 56.571429 0.036000 0.036000 56.571429 56.571429 56.571429
0.036000 0.036000 0.036000 56.571429 56.571429 0.036000 0.036000 56.571429 56.571429 56.571429
0.036000 0.036000 0.036000 56.571429 56.571429 0.036000 0.036000 56.571429 56.571429 56.571429
0.036000 0.036000 0.036000 65.668126 56.571429 0.036000 0.036000 56.571429 56.571429 56.571429
0.036000 0.036000 0.036000 66.196329 56.571429 0.036000 0.036000 56.571429 56.571429 56.571429
0.036000 0.036000 0.036000 65.142857 56.571429 0.036000 0.036000 56.571429 56.571429 56.571429
0.036000 0.036000 0.036000 67.798793 56.571429 0.036000 0.036000 56.571429 56.571429 56.571429
0.036000 0.036000 0.036000 69.428571 56.571429 0.036000 0.036000 56.571429 56.571429 56.571429
0.036000 0.036000 0.036000 71.086369 56.571429 0.036000 0.036000 56.571429 56.571429 56.571429
0.036000 0.036000 0.036000 72.772915 56.571429 0.036000 0.036000 56.571429 56.571429 56.571429
0.036000 0.036000 0.036000 74.488963 56.571429 0.036000 0.036000 56.571429 56.571429 56.571429
0.036000 0.036000 0.036000 74.488963 56.571429 0.036000 0.036000 56.571429 56.571429 56.571429
0.036000 0.036000 0.036000 75.649770 56.571429 0.036000 0.036000 56.571429 56.571429 56.571429
0.036000 0.036000 0.036000 77.416737 56.571429 0.036000 0.036000 56.571429 56.571429 56.571429
0.036000 0.036000 0.036000 77.416737 56.571429 0.036000 0.036000 56.571429 56.571429 56.571429
0.036000 0.036000 0.036000 78.612245 56.571429 0.036000 0.036000 56.571429 56.571429 56.571429
0.036000 0.036000 0.036000 79.822070 56.571429 0.036000 0.036000 56.571429 56.571429 56.571429
0.036000 0.036000 0.036000 81.046472 56.571429 0.036000 0.036000 56.571429 56.571429 56.571429
0.036000 0.036000 0.036000 82.285714 56.571429 0.036000 0.036000 56.571429 56.571429 56.571429
0.036000 0.036000 0.036000 75.067669 56.571429 0.036000 0.036000 56.571429 56.571429 56.571429
0.036000 0.036000 0.036000 68.338983 56.571429 0.036000 0.036000 56.571429 56.571429 56.571429
0.036000 0.036000 0.036000 60.543554 56.571429 0.036000 0.036000 56.571429 56.571429 56.571429
0.036000 0.036000 0.036000 56.571429 56.571429 0.036000 0.036000 56.571429 56.571429 56.571429
0.036000 0.036000 0.036000 56.571429 56.571429 0.036000 0.036000 56.571429 56.571429 56.571429
0.036000 0.036000 0.036000 56.571429 56.571429 0.036000 0.036000 56.571429 56.571429 56.571429
0.036000 0.036000 0.036000 56.571429 56.571429 0.036000 0.036000 56.571429 56.571429 56.571429
0.036000 0.036000 0.036000 56.571429 56.571429 0.036000 0.036000 56.571429 56.571429 56.571429
0.036000 0.036000 0.036000 56.571429 56.571429 0.036000 0.036000 56.571429 56.571429 56.571429
0.036000 0.036000 0.036000 56.571429 56.571429 0.036000 0.036000 56.571429 56.571429 56.571429
0.036000 0.036000 0.036000 56.571429 56.571429 0.036000 0.036000 56.571429 56.571429 56.571429
0.036000 0.036000 0.036000 56.571429 56.571429 0.036000 0.036000 56.571429 56.571429 56.571429
0.036000 0.036000 0.036000 56.571429 56.571429 0.036000 0.036000 56.571429 56.571429 56.571429
0.036000 0.036000 0.036000 56.571429 56.571429 0.036000 0.036000 56.571429 56.571429 56.571429
0.036000 0.036000 0.036000 56.571429 56.571429 0.036000 0.036000 56.571429 56.571429 56.571429
0.036000 0.036000 0.036000 56.571429 56.571429 0.036000 0.036000 56.571429 56.571429 56.571429
0.036000 0.036000 0.036000 56.571429 56.571429 0.036000 0.036000 56.571429 56.571429 56.571429
0.036000 0.036000 0.036000 56.571429 56.571429 0.036000 0.036000 56.571429 56.571429 56.571429
0.036000 0.036000 0.036000 56.571429 56.571429 0.036000 0.036000 56.571429 56.571429 56.571429
0.036000 0.036000 0.036000 56.571429 56.571429 0.036000 0.036000 56.571429 56.571429 56.571429
0.036000 0.036000 0.036000 56.571429 56.571429 0.036000 0.036000 56.571429 56.571429 56.571429
0.036000 0.036000 0.036000 56.571429 56.571429 0.036000 0.036000 56.571429 56.571429 56.571429
0.036000 0.036000 0.036000 56.571429 56.571429 0.036000 0.036000 56.571429 56.571429 56.571429
0.036000 0.036000 0.036000 56.571429 56.571429 0.036000 0.036000 56.571429 56.571429 56.571429
0.036000 0.036000 0.036000 56.571429 56.571429 0.036000 0.036000 56.571429 56.571429 56.571429
0.036000 0.036000 0.036000 56.571429 56.571429 0.036000 0.036000 56.571429 56.571429 56.571429
0.036000 0.036000 0.036000 56.571429 56.571429 0.036000 0.036000 56.571429 56.571429 56.571429
0.036000 0.036000 0.036000 56.571429 56.571429 0.036000 0.036000 56.571429 56.571429 56.571429
0.036000 0.036000 0.036000 56.571429 56.571429 0.036000 0.036000 56.571429 56.571429 56.571429
0.036000 0.036000 0.036000 56.571429 56.571429 0.036000 0.036000 56.571429 56.571429 56.571429
0.036000 0.036000 0.036000 56.571429 56.571429 0.036000 0.036000 56.571429 56.571429 56.571429
0.036000 0.036000 0.036000 56.571429 56.571429 0.036000 0.036000 56.571429 56.571429 56.571429
0.036000 0.036000 0.036000 56.571429 56.571429 0.036000 0.036000 56.571429 56.571429 56.571429
0.036000 0.036000 0.036000 56.571429 56.571429 0.036000 0.036000 56.571429 56.571429 56.571429
0.036000 0.036000 0.036000 56.571429 56.571429 0.036000 0.036000 56.571429 56.571429 56.571429
0.036000 0.036000 0.036000 56.571429 56.571429 0.036000 0.036000 56.571429 56.571429 56.571429
0.036000 0.036000 0.036000 56.571429 56.571429 0.036000 0.036000 56.571429 56.571429 56.571429
0.036000 0.036000 0.036000 56.571429 56.571429 0.036000 0.036000 56.571429 56.571429 56.571429
0.036000 0.036000 0.036000 56.571429 56.571429 0.036000 0.036000 56.571429 56.571429 56.571429
0.036000 0.036000 0.036000 56.571429 56.571429 0.036000 0.036000 56.571429 56.571429 56.571429
0.036000 0.036000 0.036000 56.571429 56.571429 0.036000 0.036000 56.571429 56.571429 56.571429
0.036000 0.036000 0.036000 56.571429 56.571429 0.036000 0.036000 56.571429 56.571429 56.571429
0.036000 0.036000 0.036000 56.571429 56.571429 0.036000 0.036000 56.571429 56.571429 56.571429
0.036000 0.036000 0.036000 56.571429 56.571429 0.036000 0.036000 56.571429 56.571429 56.571429
0.036000 0.036000 0.036000 56.571429 56.571429 0.036000 0.036000 56.571429 56.571429 56.571429
0.036000 0.036000 0.036000 56.571429 56.571429 0.036000 0.036000 56.571429 56.571429 56.571429
0.036000 0.036000 0.036000 56.571429 56.571429 0.036000 0.036000 56.571429 56.571429 56.571429
0.036000 0.036000 0.036000 56.571429 56.571429 0.036000 0.036000 56.571429 56.571429 56.571429
0.036000 0.036000 0.036000 56.571429 56.571429 0.036000 0.036000 56.571429 56.571429 56.571429
0.036000 0.036000 0.036000 56.571429 56.571429 0.036000 0.036000 56.571429 56.571429 56.571429
0.036000 0.036000 0.036000 56.571429 56.571429 0.036000 0.036000 56.571429 56.571429 56.571429
0.036000 0.036000 0.036000 56.571429 56.571429 0.036000 0.036000 56.571429 56.571429 56.571429
0.036000 0.036000 0.036000 56.571429 56.571429 0.036000 0.036000 56.571429 56.571429 56.571429
0.036000 0.036000 0.036000 56.571429 56.571429 0.036000 0.036000 56.571429 56.571429 56.571429
0.036000 0.036000 0.036000 56.571429 56.571429 0.036000 0.036000 56.571429 56.571429 56.571429
0.036000 0.036000 0.036000 56.571429 56.571429 0.036000 0.036000 56.571429 56.571429 56.571429
0.036000 0.036000 0.036000 56.571429 56.571429 0.036000 0.036000 56.571429 56.571429 56.571429
0.036000 0.036000 0.036000 56.571429 56.571429 0.036000 0.036000 56.571429 56.571429 56.571429
0.036000 0.036000 0.036000 56.571429 56.571429 0.036000 0.036000 56.571429 56.571429 56.571429
0.036000 0.036000 0.036000 56.571429 56.571429 0.036000 0.036000 56.571429 56.571429 56.571429
0.036000 0.036000 0.036000 56.571429 56.571429 0.036000 0.036000 56.571429 56.571429 56.571429
0.036000 0.036000 0.036000 56.571429 56.571429 0.036000 0.036000 56.571429 56.571429 56.571429
0.036000 0.036000 0.036000 56.571429 56.571429 0.036000 0.036000 56.571429 56.571429 56.571429
0.036000 0.036000 0.036000 56.571429 56.571429 0.036000 0.036000 56.571429 56.571429 56.571429
0.036000 0.036000 0.036000 56.571429 56.571429 0.036000 0.036000 56.571429 56.571429 56.571429
0.036000 0.036000 0.036000 56.571429 56.571429 0.036000 0.036000 56.571429 56.571429 56.571429
0.036000 0.036000 0.036000 56.571429 56.571429 0.036000 0.036000 56.571429 56.571429 56.571429
0.036000 0.036000 0.036000 56.571429 56.571429 0.036000 0.036000 56.571429 56.571429 56.571429
0.036000 0.036000 0.036000 56.571429 56.571429 0.036000 0.036000 56.571429 56.571429 56.571429
0.036000 0.036000 0.036000 56.571429 56.571429 0.036000 0.036000 56.571429 56.571429 56.571429
0.036000 0.036000 0.036000 56.571429 56.571429 0.036000 0.036000 56.571429 56.571429 56.571429
0.036000 0.036000 0.036000 56.571429 56.571429 0.036000 0.036000 56.571429 56.571429 56.571429
0.036000 0.036000 0.036000 56.571429 56.571429 0.036000 0.036000 56.571429 56.571429 56.571429
0.036000 0.036000 0.036000 56.571429 56.571429 0.036000 0.036000 56.571429 56.571429 56.571429
0.036000 0.036000 0.036000 56.571429 56.571429 0.036000 0.036000 56.571429 56.571429 56.571429
0.036000 0.036000 0.036000 56.571429 56.571429 0.036000 0.036000 56.571429 56.571429 56.571429
0.036000 0.036000 0.036000 56.571429 56.571429 0.036000 0.036000 56.571429 56.571429 56.571429
0.036000 0.036000 0.036000 56.571429 56.571429 0.036000 0.036000 56.571429 56.571429 56.571429
0.036000 0.036000 0.036000 56.571429 56.571429 0.036000 0.036000 56.571429 56.571429 56.571429
0.036000 0.036000 0.036000 56.571429 56.571429 0.036000 0.036000 56.571429 56.571429 56.571429
0.036000 0.036000 0.036000 56.571429 56.571429 0.036000 0.036000 56.571429 56.571429 56.571429
0.036000 0.036000 0.036000 56.571429 56.571429 0.036000 0.036000 56.571429 56.571429 56.571429
0.036000 0.036000 0.036000 56.571429 56.571429 0.036000 0.036000 56.571429 56.571429 56.571429
0.036000 0.036000 0.036000 56.571429 56.571429 0.036000 0.036000 56.571429 56.571429 56.571429
0.036000 0.036000 0.036000 56.571429 56.571429 0.036000 0.036000 56.571429 56.571429 56.571429
0.036000 0.036000 0.036000 56.571429 56.571429 0.036000 0.036000 56.571429 56.571429 56.571429
0.036000 0.036000 0.036000 56.571429 56.571429 0.036000 0.036000 56.571429 56.571429 56.571429
0.036000 0.036000 0.036000 56.571429 56.571429 0.036000 0.036000 56.571429 56.571429 56.571429
0.036000 0.036000 0.036000 56.571429 56.571429 0.036000 0.036000 56.571429 56.571429 56.571429
0.036000 0.036000 0.036000 56.571429 56.571429 0.036000 0.036000 56.571429 56.571429 56.571429
0.036000 0.036000 0.036000 56.571429 56.571429 0.036000 0.036000 56.571429 56.571429 56.571429
0.036000 0.036000 0.036000 56.571429 56.571429 0.036000 0.036000 56.571429 56.571429 56.571429
0.036000 0.036000 0.036000 56.571429 56.571429 0.036000 0.036000 56.571429 56.571429 56.571429
0.036000 0.036000 0.036000 56.571429 56.571429 0.036000 0.036000 56.571429 56.571429 56.571429
0.036000 0.036000 0.036000 56.571429 56.571429 0.036000 0.036000 56.571429 56.571429 56.571429
0.036000 0.036000 0.036000 56.571429 56.571429 0.036000 0.036000 56.571429 56.571429 56.571429
0.036000 0.036000 0.036000 56.571429 56.571429 0.036000 0.036000 56.571429 56.571429 56.571429
0.036000 0.036000 0.036000 56.571429 56.571429 0.036000 0.036000 56.571429 56.571429 56.571429
0.036000 0.036000 0.036000 56.571429 56.571429 0.036000 0.036000 56.571429 56.571429 56.571429
0.036000 0.036000 0.036000 56.571429 56.571429 0.036000 0.036000 56.571429 56.571429 56.571429
0.036000 0.036000 0.036000 56.571429 56.571429 0.036000 0.036000 56.571429 56.571429 56.571429
0.036000 0.036000 0.036000 56.571429 56.571429 0.036000 0.036000 56.571429 56.571429 56.571429
0.036000 0.036000 0.036000 56.571429 56.571429 0.036000 0.036000 56.571429 56.571429 56.571429
0.036000 0.036000 0.036000 56.571429 56.571429 0.036000 0.036000 56.571429 56.571429 56.571429
0.036000 0.036000 0.036000 56.571429 56.571429 0.036000 0.036000 56.571429 56.571429 56.571429
0.036000 0.036000 0.036000 56.571429 56.571429 0.036000 0.036000 56.571429 56.571429 56.571429
0.036000 0.036000 0.036000 56.571429 56.571429 0.036000 0.036000 56.571429 56.571429 56.571429
0.036000 0.036000 0.036000 56.571429 56.571429 0.036000 0.036000 56.571429 56.571429 56.571429
0.036000 0.036000 0.036000 56.571429 56.571429 0.036000 0.036000 56.571429 56.571429 56.571429
0.036000 0.036000 0.036000 56.571429 56.571429 0.036000 0.036000 56.571429 56.571429 56.571429
0.036000 0.036000 0.036000 56.571429 56.571429 0.036000 0.036000 56.571429 56.571429 56.571429
0.036000 0.036000 0.036000 56.571429 56.571429 0.036000 0.036000 56.571429 56.571429 56.571429
0.036000 0.036000 0.036000 56.571429 56.571429 0.036000 0.036000 56.571429 56.571429 56.571429
0.036000 0.036000 0.036000 56.571429 56.571429 0.036000 0.036000 56.571429 56.571429 56.571429
0.036000 0.036000 0.036000 56.571429 56.571429 0.036000 0.036000 56.571429 56.571429 56.571429
0.036000 0.036000 0.036000 56.571429 56.571429 0.036000 0.036000 56.571429 56.571429 56.571429
0.036000 0.036000 0.036000 56.571429 56.571429 0.036000 0.036000 56.571429 56.571429 56.571429
0.036000 0.036000 0.036000 56.571429 56.571429 0.036000 0.036000 56.571429 56.571429 56.571429
0.036000 0.036000 0.036000 56.571429 56.571429 0.036000 0.036000 56.571429 56.571429 56.571429
0.036000 0.036000 0.036000 56.571429 56.571429 0.036000 0.036000 56.571429 56.571429 56.571429
0.036000 0.036000 0.036000 56.571429 56.571429 0.036000 0.036000 56.571429 56.571429 56.571429
0.036000 0.036000 0.036000 56.571429 56.571429 0.036000 0.036000 56.571429 56.571429 56.571429
0.036000 0.036000 0.036000 56.571429 56.571429 0.036000 0.036000 56.571429 56.571429 56.571429
0.036000 0.036000 0.036000 56.571429 56.571429 0.036000 0.036000 56.571429 56.571429 56.571429
0.036000 0.036000 0.036000 56.571429 56.571429 0.036000 0.036000 56.571429 56.571429 56.571429
0.036000 0.036000 0.036000 56.571429 56.571429 0.036000 0.036000 56.571429 56.571429 56.571429
0.036000 0.036000 0.036000 56.571429 56.571429 0.036000 0.036000 56.571429 56.571429 56.571429
0.036000 0.036000 0.036000 56.571429 56.571429 0.036000 0.036000 56.571429 56.571429 56.571429
0.036000 0.036000 0.036000 56.571429 56.571429 0.036000 0.036000 56.571429 56.571429 56.571429
0.036000 0.036000 0.036000 56.571429 56.571429 0.036000 0.036000 56.571429 56.571429 56.571429
0.036000 0.036000 0.036000 56.571429 56.571429 0.036000 0.036000 56.571429 56.571429 56.571429
0.036000 0.036000 0.036000 56.571429 56.571429 0.036000 0.036000 56.571429 56.571429 56.571429
0.036000 0.036000 0.036000 56.571429 56.571429 0.036000 0.036000 56.571429 56.571429 56.571429
0.036000 0.036000 0.036000 56.571429 56.571429 0.036000 0.036000 56.571429 56.571429 56.571429
0.036000 0.036000 0.036000 56.571429 56.571429 0.036000 0.036000 56.571429 56.571429 56.571429
0.036000 0.036000 0.036000 56.571429 56.571429 0.036000 0.036000 56.571429 56.571429 56.571429
0.036000 0.036000 0.036000 56.571429 56.571429 0.036000 0.036000 56.571429 56.571429 56.571429
0.036000 0.036000 0.036000 56.571429 56.571429 0.036000 0.036000 56.571429 56.571429 56.571429
0.036000 0.036000 0.036000 56.571429 56.571429 0.036000 0.036000 56.571429 56.571429 56.571429
0.036000 0.036000 0.036000 56.571429 56.571429 0.036000 0.036000 56.571429 56.571429 56.571429
0.036000 0.036000 0.036000 56.571429 56.571429 0.036000 0.036000 56.571429 56.571429 56.571429
0.036000 0.036000 0.036000 56.571429 56.571429 0.036000 0.036000 56.571429 56.571429 56.571429
0.036000 0.036000 0.036000 56.571429 56.571429 0.036000 0.036000 56.571429 56.571429 56.571429
0.036000 0.036000 0.036000 56.571429 56.571429 0.036000 0.036000 56.571429 56.571429 56.571429
0.036000 0.036000 0.036000 56.571429 56.571429 0.036000 0.036000 56.571429 56.571429 56.571429
0.036000 0.036000 0.036000 56.571429 56.571429 0.036000 0.036000 56.571429 56.571429 56.571429
0.036000 0.036000 0.036000 56.571429 56.571429 0.036000 0.036000 56.571429 56.571429 56.571429
0.036000 0.036000 0.036000 56.571429 56.571429 0.036000 0.036000 56.571429 56.571429 56.571429
0.036000 0.036000 0.036000 56.571429 56.571429 0.036000 0.036000 56.571429 56.571429 56.571429
0.036000 0.036000 0.036000 56.571429 56.571429 0.036000 0.036000 56.571429 56.571429 56.571429
0.036000 0.036000 0.036000 56.571429 56.571429 0.036000 0.036000 56.571429 56.571429 56.571429
0.036000 0.036000 0.036000 56.571429 56.571429 0.036000 0.036000 56.571429 56.571429 56.571429
0.036000 0.036000 0.036000 56.571429 56.571429 0.036000 0.036000 56.571429 56.571429 56.571429
0.036000 0.036000 0.036000 56.571429 56.571429 0.036000 0.036000 62.814815 62.814815 56.571429
0.036000 0.036000 0.036000 56.571429 56.571429 0.036000 0.036000 70.530612 58.814957 56.571429
0.036000 0.036000 0.036000 56.571429 56.571429 0.036000 0.036000 77.120068 56.571429 56.571429
0.036000 0.036000 0.036000 56.571429 56.571429 0.036000 0.036000 79.822070 56.571429 56.571429
0.036000 0.036000 0.036000 56.571429 56.571429 0.036000 0.036000 75.942102 56.571429 56.571429
0.036000 0.036000 0.036000 56.571429 56.571429 0.036000 0.036000 71.926002 56.571429 56.571429
0.036000 0.036000 0.036000 56.571429 56.571429 0.036000 0.036000 68.068507 56.571429 56.571429
0.036000 0.036000 0.036000 56.571429 56.571429 0.036000 0.036000 64.101026 56.571429 56.571429
0.036000 0.036000 0.036000 56.571429 56.571429 0.036000 0.036000 60.294607 56.571429 56.571429
0.036000 0.036000 0.036000 56.571429 56.571429 0.036000 0.036000 56.571429 56.571429 56.571429
0.036000 0.036000 0.036000 56.571429 56.571429 0.036000 0.036000 56.571429 56.571429 56.571429
0.036000 0.036000 0.036000 65.668126 56.571429 0.036000 0.036000 56.571429 56.571429 56.571429
0.036000 0.036000 0.036000 66.196329 56.571429 0.036000 0.036000 56.571429 56.571429 56.571429
0.036000 0.036000 0.036000 65.142857 56.571429 0.036000 0.036000 56.571429 56.571429 56.571429
0.036000 0.036000 0.036000 67.798793 56.571429 0.036000 0.036000 56.571429 56.571429 56.571429
0.036000 0.036000 0.036000 69.978022 56.571429 0.036000 0.036000 56.571429 56.571429 56.571429
0.036000 0.036000 0.036000 70.530612 56.571429 0.036000 0.036000 56.571429 56.571429 56.571429
0.036000 0.036000 0.036000 72.207493 56.571429 0.036000 0.036000 56.571429 56.571429 56.571429
0.036000 0.036000 0.036000 73.341615 56.571429 0.036000 0.036000 56.571429 56.571429 56.571429
0.036000 0.036000 0.036000 75.067669 56.571429 0.036000 0.036000 56.571429 56.571429 56.571429
0.036000 0.036000 0.036000 76.235294 56.571429 0.036000 0.036000 56.571429 56.571429 56.571429
0.036000 0.036000 0.036000 77.416737 56.571429 0.036000 0.036000 56.571429 56.571429 56.571429
0.036000 0.036000 0.036000 79.215352 56.571429 0.036000 0.036000 56.571429 56.571429 56.571429
0.036000 0.036000 0.036000 79.215352 56.571429 0.036000 0.036000 56.571429 56.571429 56.571429
0.036000 0.036000 0.036000 80.432432 56.571429 0.036000 0.036000 56.571429 56.571429 56.571429
0.036000 0.036000 0.036000 81.664221 56.571429 0.036000 0.036000 56.571429 56.571429 56.571429
0.036000 0.036000 0.036000 82.910986 56.571429 0.036000 0.036000 56.571429 56.571429 56.571429
0.036000 0.036000 0.036000 84.173001 56.571429 0.036000 0.036000 56.571429 56.571429 56.571429
0.036000 0.036000 0.036000 76.235294 56.571429 0.036000 0.036000 56.571429 56.571429 56.571429
0.036000 0.036000 0.036000 68.882234 56.571429 0.036000 0.036000 56.571429 56.571429 56.571429
0.036000 0.036000 0.036000 62.559687 56.571429 0.036000 0.036000 56.571429 56.571429 56.571429
0.036000 0.036000 0.036000 56.571429 56.571429 0.036000 0.036000 56.571429 56.571429 56.571429
0.036000 0.036000 0.036000 56.571429 56.571429 0.036000 0.036000 56.571429 56.571429 56.571429
0.036000 0.036000 0.036000 56.571429 56.571429 0.036000 0.036000 56.571429 56.571429 56.571429
0.036000 0.036000 0.036000 56.571429 56.571429 0.036000 0.036000 56.571429 56.571429 56.571429
0.036000 0.036000 0.036000 56.571429 56.571429 0.036000 0.036000 56.571429 56.571429 56.571429
0.036000 0.036000 0.036000 56.571429 56.571429 0.036000 0.036000 56.571429 56.571429 56.571429
0.036000 0.036000 0.036000 56.571429 56.571429 0.036000 0.036000 56.571429 56.571429 56.571429
0.036000 0.036000 0.036000 56.571429 56.571429 0.036000 0.036000 56.571429 56.571429 56.571429
0.036000 0.036000 0.036000 56.571429 56.571429 0.036000 0.036000 56.571429 56.571429 56.571429
0.036000 0.036000 0.036000 56.571429 56.571429 0.036000 0.036000 56.571429 56.571429 56.571429
0.036000 0.036000 0.036000 56.571429 56.571429 0.036000 0.036000 56.571429 56.571429 56.571429
0.036000 0.036000 0.036000 56.571429 56.571429 0.036000 0.036000 56.571429 56.571429 56.571429
0.036000 0.036000 0.036000 56.571429 56.571429 0.036000 0.036000 56.571429 56.571429 56.571429
0.036000 0.036000 0.036000 56.571429 56.571429 0.036000 0.036000 56.571429 56.571429 56.571429
0.036000 0.036000 0.036000 56.571429 56.571429 0.036000 0.036000 56.571429 56.571429 56.571429
0.036000 0.036000 0.036000 56.571429 56.571429 0.036000 0.036000 56.571429 56.571429 56.571429
0.036000 0.036000 0.036000 56.571429 56.571429 0.036000 0.036000 56.571429 56.571429 56.571429
0.036000 0.036000 0.036000 56.571429 56.571429 0.036000 0.036000 56.571429 56.571429 56.571429
0.036000 0.036000 0.036000 56.571429 56.571429 0.036000 0.036000 56.571429 56.571429 56.571429
0.036000 0.036000 0.036000 56.571429 56.571429 0.036000 0.036000 56.571429 56.571429 56.571429
0.036000 0.036000 0.036000 56.571429 56.571429 0.036000 0.036000 56.571429 56.571429 56.571429
0.036000 0.036000 0.036000 56.571429 56.571429 0.036000 0.036000 56.571429 56.571429 56.571429
0.036000 0.036000 0.036000 56.571429 56.571429 0.036000 0.036000 56.571429 56.571429 56.571429
0.036000 0.036000 0.036000 56.571429 56.571429 0.036000 0.036000 56.571429 56.571429 56.571429
0.036000 0.036000 0.036000 56.571429 56.571429 0.036000 0.036000 56.571429 56.571429 56.571429
0.036000 0.036000 0.036000 56.571429 56.571429 0.036000 0.036000 56.571429 56.571429 56.571429
0.036000 0.036000 0.036000 56.571429 56.571429 0.036000 0.036000 56.571429 56.571429 56.571429
0.036000 0.036000 0.036000 56.571429 56.571429 0.036000 0.036000 56.571429 56.571429 56.571429
0.036000 0.036000 0.036000 56.571429 56.571429 0.036000 0.036000 56.571429 56.571429 56.571429
0.036000 0.036000 0.036000 56.571429 56.571429 0.036000 0.036000 56.571429 56.571429 56.571429
0.036000 0.036000 0.036000 56.571429 56.571429 0.036000 0.036000 56.571429 56.571429 56.571429
0.036000 0.036000 0.036000 56.571429 56.571429 0.036000 0.036000 56.571429 56.571429 56.571429
0.036000 0.036000 0.036000 56.571429 56.571429 0.036000 0.036000 56.571429 56.571429 56.571429
0.036000 0.036000 0.036000 56.571429 56.571429 0.036000 0.036000 56.571429 56.571429 56.571429
0.036000 0.036000 0.036000 56.571429 56.571429 0.036000 0.036000 56.571429 56.571429 56.571429
0.036000 0.036000 0.036000 56.571429 56.571429 0.036000 0.036000 56.571429 56.571429 56.571429
0.036000 0.036000 0.036000 56.571429 56.571429 0.036000 0.036000 56.571429 56.571429 56.571429
0.036000 0.036000 0.036000 56.571429 56.571429 0.036000 0.036000 56.571429 56.571429 56.571429
0.036000 0.036000 0.036000 56.571429 56.571429 0.036000 0.036000 56.571429 56.571429 56.571429
0.036000 0.036000 0.036000 56.571429 56.571429 0.036000 0.036000 56.571429 56.571429 56.571429
0.036000 0.036000 0.036000 56.571429 56.571429 0.036000 0.036000 56.571429 56.571429 56.571429
0.036000 0.036000 0.036000 56.571429 56.571429 0.036000 0.036000 56.571429 56.571429 56.571429
0.036000 0.036000 0.036000 56.571429 56.571429 0.036000 0.036000 56.571429 56.571429 56.571429
0.036000 0.036000 0.036000 56.571429 56.571429 0.036000 0.036000 56.571429 56.571429 56.571429
0.036000 0.036000 0.036000 56.571429 56.571429 0.036000 0.036000 56.571429 56.571429 56.571429
0.036000 0.036000 0.036000 56.571429 56.571429 0.036000 0.036000 56.571429 56.571429 56.571429
0.036000 0.036000 0.036000 56.571429 56.571429 0.036000 0.036000 56.571429 56.571429 56.571429
0.036000 0.036000 0.036000 56.571429 56.571429 0.036000 0.036000 56.571429 56.571429 56.571429
0.036000 0.036000 0.036000 56.571429 56.571429 0.036000 0.036000 56.571429 56.571429 56.571429
0.036000 0.036000 0.036000 56.571429 56.571429 0.036000 0.036000 56.571429 56.571429 56.571429
0.036000 0.036000 0.036000 56.571429 56.571429 0.036000 0.036000 56.571429 56.571429 56.571429
0.036000 0.036000 0.036000 56.571429 56.571429 0.036000 0.036000 56.571429 56.571429 56.571429
0.036000 0.036000 0.036000 56.571429 56.571429 0.036000 0.036000 56.571429 56.571429 56.571429
0.036000 0.036000 0.036000 56.571429 56.571429 0.036000 0.036000 56.571429 56.571429 56.571429
0.036000 0.036000 0.036000 56.571429 56.571429 0.036000 0.036000 56.571429 56.571429 56.571429
0.036000 0.036000 0.036000 56.571429 56.571429 0.036000 0.036000 56.571429 56.571429 56.571429
0.036000 0.036000 0.036000 56.571429 56.571429 0.036000 0.036000 56.571429 56.571429 56.571429
0.036000 0.036000 0.036000 56.571429 56.571429 0.036000 0.036000 56.571429 56.571429 56.571429
0.036000 0.036000 0.036000 56.571429 56.571429 0.036000 0.036000 56.571429 56.571429 56.571429
0.036000 0.036000 0.036000 56.571429 56.571429 0.036000 0.036000 56.571429 56.571429 56.571429
0.036000 0.036000 0.036000 56.571429 56.571429 0.036000 0.036000 56.571429 56.571429 56.571429
0.036000 0.036000 0.036000 56.571429 56.571429 0.036000 0.036000 56.571429 56.571429 56.571429
0.036000 0.036000 0.036000 56.571429 56.571429 0.036000 0.036000 56.571429 56.571429 56.571429
0.036000 0.036000 0.036000 56.571429 56.571429 0.036000 0.036000 56.571429 56.571429 56.571429
0.036000 0.036000 0.036000 56.571429 56.571429 0.036000 0.036000 56.571429 56.571429 56.571429
0.036000 0.036000 0.036000 56.571429 56.571429 0.036000 0.036000 56.571429 56.571429 56.571429
0.036000 0.036000 0.036000 56.571429 56.571429 0.036000 0.036000 56.571429 56.571429 56.571429
0.036000 0.036000 0.036000 56.571429 56.571429 0.036000 0.036000 56.571429 56.571429 56.571429
0.036000 0.036000 0.036000 56.571429 56.571429 0.036000 0.036000 56.571429 56.571429 56.571429
0.036000 0.036000 0.036000 56.571429 56.571429 0.036000 0.036000 56.571429 56.571429 56.571429
0.036000 0.036000 0.036000 56.571429 56.571429 0.036000 0.036000 56.571429 56.571429 56.571429
0.036000 0.036000 0.036000 56.571429 56.571429 0.036000 0.036000 56.571429 56.571429 56.571429
0.036000 0.036000 0.036000 56.571429 56.571429 0.036000 0.036000 56.571429 56.571429 56.571429
0.036000 0.036000 0.036000 56.571429 56.571429 0.036000 0.036000 56.571429 56.571429 56.571429
0.036000 0.036000 0.036000 56.571429 56.571429 0.036000 0.036000 56.571429 56.571429 56.571429
0.036000 0.036000 0.036000 56.571429 56.571429 0.036000 0.036000 56.571429 56.571429 56.571429
0.036000 0.036000 0.036000 56.571429 56.571429 0.036000 0.036000 56.571429 56.571429 56.571429
0.036000 0.036000 0.036000 56.571429 56.571429 0.036000 0.036000 56.571429 56.571429 56.571429
0.036000 0.036000 0.036000 56.571429 56.571429 0.036000 0.036000 56.571429 56.571429 56.571429
0.036000 0.036000 0.036000 56.571429 56.571429 0.036000 0.036000 56.571429 56.571429 56.571429
0.036000 0.036000 0.036000 56.571429 56.571429 0.036000 0.036000 56.571429 56.571429 56.571429
0.036000 0.036000 0.036000 56.571429 56.571429 0.036000 0.036000 56.571429 56.571429 56.571429
0.036000 0.036000 0.036000 56.571429 56.571429 0.036000 0.036000 56.571429 56.571429 56.571429
0.036000 0.036000 0.036000 56.571429 56.571429 0.036000 0.036000 56.571429 56.571429 56.571429
0.036000 0.036000 0.036000 56.571429 56.571429 0.036000 0.036000 56.571429 56.571429 56.571429
0.036000 0.036000 0.036000 56.571429 56.571429 0.036000 0.036000 56.571429 56.571429 56.571429
0.036000 0.036000 0.036000 56.571429 56.571429 0.036000 0.036000 56.571429 56.571429 56.571429
0.036000 0.036000 0.036000 56.571429 56.571429 0.036000 0.036000 56.571429 56.571429 56.571429
0.036000 0.036000 0.036000 56.571429 56.571429 0.036000 0.036000 56.571429 56.571429 56.571429
0.036000 0.036000 0.036000 56.571429 56.571429 0.036000 0.036000 56.571429 56.571429 56.571429
0.036000 0.036000 0.036000 56.571429 56.571429 0.036000 0.036000 56.571429 56.571429 56.571429
0.036000 0.036000 0.036000 56.571429 56.571429 0.036000 0.036000 56.571429 56.571429 56.571429
0.036000 0.036000 0.036000 56.571429 56.571429 0.036000 0.036000 56.571429 56.571429 56.571429
0.036000 0.036000 0.036000 56.571429 56.571429 0.036000 0.036000 56.571429 56.571429 56.571429
0.036000 0.036000 0.036000 56.571429 56.571429 0.036000 0.036000 56.571429 56.571429 56.571429
0.036000 0.036000 0.036000 56.571429 56.571429 0.036000 0.036000 56.571429 56.571429 56.571429
0.036000 0.036000 0.036000 56.571429 56.571429 0.036000 0.036000 56.571429 56.571429 56.571429
0.036000 0.036000 0.036000 56.571429 56.571429 0.036000 0.036000 56.571429 56.571429 56.571429
0.036000 0.036000 0.036000 56.571429 56.571429 0.036000 0.036000 56.571429 56.571429 56.571429
0.036000 0.036000 0.036000 56.571429 56.571429 0.036000 0.036000 56.571429 56.571429 56.571429
0.036000 0.036000 0.036000 56.571429 56.571429 0.036000 0.036000 56.571429 56.571429 56.571429
0.036000 0.036000 0.036000 56.571429 56.571429 0.036000 0.036000 56.571429 56.571429 56.571429
0.036000 0.036000 0.036000 56.571429 56.571429 0.036000 0.036000 56.571429 56.571429 56.571429
0.036000 0.036000 0.036000 56.571429 56.571429 0.036000 0.036000 56.571429 56.571429 56.571429
0.036000 0.036000 0.036000 56.571429 56.571429 0.036000 0.036000 56.571429 56.571429 56.571429
0.036000 0.036000 0.036000 56.571429 56.571429 0.036000 0.036000 56.571429 56.571429 56.571429
0.036000 0.036000 0.036000 56.571429 56.571429 0.036000 0.036000 56.571429 56.571429 56.571429
0.036000 0.036000 0.036000 56.571429 56.571429 0.036000 0.036000 56.571429 56.571429 56.571429
0.036000 0.036000 0.036000 56.571429 56.571429 0.036000 0.036000 56.571429 56.571429 56.571429
0.036000 0.036000 0.036000 56.571429 56.571429 0.036000 0.036000 56.571429 56.571429 56.571429
0.036000 0.036000 0.036000 56.571429 56.571429 0.036000 0.036000 56.571429 56.571429 56.571429
0.036000 0.036000 0.036000 56.571429 56.571429 0.036000 0.036000 56.571429 56.571429 56.571429
0.036000 0.036000 0.036000 56.571429 56.571429 0.036000 0.036000 56.571429 56.571429 56.571429
0.036000 0.036000 0.036000 56.571429 56.571429 0.036000 0.036000 56.571429 56.571429 56.571429
0.036000 0.036000 0.036000 56.571429 56.571429 0.036000 0.036000 56.571429 56.571429 56.571429
0.036000 0.036000 0.036000 56.571429 56.571429 0.036000 0.036000 56.571429 56.571429 56.571429
0.036000 0.036000 0.036000 56.571429 56.571429 0.036000 0.036000 56.571429 56.571429 56.571429
0.036000 0.036000 0.036000 56.571429 56.571429 0.036000 0.036000 56.571429 56.571429 56.571429
0.036000 0.036000 0.036000 56.571429 56.571429 0.036000 0.036000 56.571429 56.571429 56.571429
0.036000 0.036000 0.036000 56.571429 56.571429 0.036000 0.036000 56.571429 56.571429 56.571429
0.036000 0.036000 0.036000 56.571429 56.571429 0.036000 0.036000 56.571429 56.571429 56.571429
0.036000 0.036000 0.036000 56.571429 56.571429 0.036000 0.036000 56.571429 56.571429 56.571429
0.036000 0.036000 0.036000 56.571429 56.571429 0.036000 0.036000 56.571429 56.571429 56.571429
0.036000 0.036000 0.036000 56.571429 56.571429 0.036000 0.036000 56.571429 56.571429 56.571429
0.036000 0.036000 0.036000 56.571429 56.571429 0.036000 0.036000 56.571429 56.571429 56.571429
0.036000 0.036000 0.036000 56.571429 56.571429 0.036000 0.036000 56.571429 56.571429 56.571429
0.036000 0.036000 0.036000 56.571429 56.571429 0.036000 0.036000 56.571429 56.571429 56.571429
0.036000 0.036000 0.036000 56.571429 56.571429 0.036000 0.036000 56.571429 56.571429 56.571429
0.036000 0.036000 0.036000 56.571429 56.571429 0.036000 0.036000 56.571429 56.571429 56.571429
0.036000 0.036000 0.036000 56.571429 56.571429 0.036000 0.036000 56.571429 56.571429 56.571429
0.036000 0.036000 0.036000 56.571429 56.571429 0.036000 0.036000 56.571429 56.571429 56.571429
0.036000 0.036000 0.036000 56.571429 56.571429 0.036000 0.036000 56.571429 56.571429 56.571429
0.036000 0.036000 0.036000 56.571429 56.571429 0.036000 0.036000 56.571429 56.571429 56.571429
0.036000 0.036000 0.036000 56.571429 56.571429 0.036000 0.036000 56.571429 56.571429 56.571429
0.036000 0.036000 0.036000 56.571429 56.571429 0.036000 0.036000 56.571429 56.571429 56.571429
0.036000 0.036000 0.036000 56.571429 56.571429 0.036000 0.036000 56.571429 56.571429 56.571429
0.036000 0.036000 0.036000 56.571429 56.571429 0.036000 0.036000 56.571429 56.571429 56.571429
0.036000 0.036000 0.036000 56.571429 56.571429 0.036000 0.036000 56.571429 56.571429 56.571429
0.036000 0.036000 0.036000 56.571429 56.571429 0.036000 0.036000 56.571429 56.571429 56.571429
0.036000 0.036000 0.036000 56.571429 56.571429 0.036000 0.036000 56.571429 56.571429 56.571429
0.036000 0.036000 0.036000 56.571429 56.571429 0.036000 0.036000 56.571429 56.571429 56.571429
0.036000 0.036000 0.036000 56.571429 56.571429 0.036000 0.036000 56.571429 56.571429 56.571429
0.036000 0.036000 0.036000 56.571429 56.571429 0.036000 0.036000 56.571429 56.571429 56.571429
0.036000 0.036000 0.036000 56.571429 56.571429 0.036000 0.036000 56.571429 56.571429 56.571429
0.036000 0.036000 0.036000 56.571429 56.571429 0.036000 0.036000 56.571429 56.571429 56.571429
0.036000 0.036000 0.036000 56.571429 56.571429 0.036000 0.036000 56.571429 56.571429 56.571429
0.036000 0.036000 0.036000 56.571429 56.571429 0.036000 0.036000 56.571429 56.571429 56.571429
0.036000 0.036000 0.036000 56.571429 56.571429 0.036000 0.036000 56.571429 56.571429 56.571429
0.036000 0.036000 0.036000 56.571429 56.571429 0.036000 0.036000 56.571429 56.571429 56.571429
0.036000 0.036000 0.036000 56.571429 56.571429 0.036000 0.036000 62.814815 62.814815 56.571429
0.036000 0.036000 0.036000 56.571429 56.571429 0.036000 0.036000 70.530612 62.305257 56.571429
0.036000 0.036000 0.036000 56.571429 56.571429 0.036000 0.036000 76.824273 56.571429 56.571429
0.036000 0.036000 0.036000 56.571429 56.571429 0.036000 0.036000 75.358293 56.571429 56.571429
0.036000 0.036000 0.036000 56.571429 56.571429 0.036000 0.036000 71.645320 56.571429 56.571429
0.036000 0.036000 0.036000 56.571429 56.571429 0.036000 0.036000 67.798793 56.571429 56.571429
0.036000 0.036000 0.036000 56.571429 56.571429 0.036000 0.036000 63.842365 56.571429 56.571429
0.036000 0.036000 0.036000 56.571429 56.571429 0.036000 0.036000 60.294607 56.571429 56.571429
0.036000 0.036000 0.036000 56.571429 56.571429 0.036000 0.036000 56.571429 56.571429 56.571429
0.036000 0.036000 0.036000 56.571429 56.571429 0.036000 0.036000 56.571429 56.571429 56.571429
0.036000 0.036000 0.036000 56.571429 56.571429 0.036000 0.036000 56.571429 56.571429 56.571429
0.036000 0.036000 0.036000 65.668126 56.571429 0.036000 0.036000 56.571429 56.571429 56.571429
0.036000 0.036000 0.036000 66.196329 56.571429 0.036000 0.036000 56.571429 56.571429 56.571429
0.036000 0.036000 0.036000 65.142857 56.571429 0.036000 0.036000 56.571429 56.571429 56.571429
0.036000 0.036000 0.036000 67.261637 56.571429 0.036000 0.036000 56.571429 56.571429 56.571429
0.036000 0.036000 0.036000 70.530612 56.571429 0.036000 0.036000 56.571429 56.571429 56.571429
0.036000 0.036000 0.036000 71.086369 56.571429 0.036000 0.036000 56.571429 56.571429 56.571429
0.036000 0.036000 0.036000 72.772915 56.571429 0.036000 0.036000 56.571429 56.571429 56.571429
0.036000 0.036000 0.036000 74.488963 56.571429 0.036000 0.036000 56.571429 56.571429 56.571429
0.036000 0.036000 0.036000 76.824273 56.571429 0.036000 0.036000 56.571429 56.571429 56.571429
0.036000 0.036000 0.036000 76.824273 56.571429 0.036000 0.036000 56.571429 56.571429 56.571429
0.036000 0.036000 0.036000 78.012717 56.571429 0.036000 0.036000 56.571429 56.571429 56.571429
0.036000 0.036000 0.036000 79.822070 56.571429 0.036000 0.036000 56.571429 56.571429 56.571429
0.036000 0.036000 0.036000 79.822070 56.571429 0.036000 0.036000 56.571429 56.571429 56.571429
0.036000 0.036000 0.036000 81.046472 56.571429 0.036000 0.036000 56.571429 56.571429 56.571429
0.036000 0.036000 0.036000 82.285714 56.571429 0.036000 0.036000 56.571429 56.571429 56.571429
0.036000 0.036000 0.036000 83.540070 56.571429 0.036000 0.036000 56.571429 56.571429 56.571429
0.036000 0.036000 0.036000 76.235294 56.571429 0.036000 0.036000 56.571429 56.571429 56.571429
0.036000 0.036000 0.036000 67.798793 56.571429 0.036000 0.036000 56.571429 56.571429 56.571429
0.036000 0.036000 0.036000 61.043478 56.571429 0.036000 0.036000 56.571429 56.571429 56.571429
0.036000 0.036000 0.036000 56.571429 56.571429 0.036000 0.036000 56.571429 56.571429 56.571429
0.036000 0.036000 0.036000 56.571429 56.571429 0.036000 0.036000 56.571429 56.571429 56.571429
0.036000 0.036000 0.036000 56.571429 56.571429 0.036000 0.036000 56.571429 56.571429 56.571429
0.036000 0.036000 0.036000 56.571429 56.571429 0.036000 0.036000 56.571429 56.571429 56.571429
0.036000 0.036000 0.036000 56.571429 56.571429 0.036000 0.036000 56.571429 56.571429 56.571429
0.036000 0.036000 0.036000 56.571429 56.571429 0.036000 0.036000 56.571429 56.571429 56.571429
0.036000 0.036000 0.036000 56.571429 56.571429 0.036000 0.036000 56.571429 56.571429 56.571429
0.036000 0.036000 0.036000 56.571429 56.571429 0.036000 0.036000 56.571429 56.571429 56.571429
0.036000 0.036000 0.036000 56.571429 56.571429 0.036000 0.036000 56.571429 56.571429 56.571429
0.036000 0.036000 0.036000 56.571429 56.571429 0.036000 0.036000 56.571429 56.571429 56.571429
0.036000 0.036000 0.036000 56.571429 56.571429 0.036000 0.036000 56.571429 56.571429 56.571429
0.036000 0.036000 0.036000 56.571429 56.571429 0.036000 0.036000 56.571429 56.571429 56.571429
0.036000 0.036000 0.036000 56.571429 56.571429 0.036000 0.036000 56.571429 56.571429 56.571429
0.036000 0.036000 0.036000 56.571429 56.571429 0.036000 0.036000 56.571429 56.571429 56.571429
0.036000 0.036000 0.036000 56.571429 56.571429 0.036000 0.036000 56.571429 56.571429 56.571429
0.036000 0.036000 0.036000 56.571429 56.571429 0.036000 0.036000 56.571429 56.571429 56.571429
0.036000 0.036000 0.036000 56.571429 56.571429 0.036000 0.036000 56.571429 56.571429 56.571429
0.036000 0.036000 0.036000 56.571429 56.571429 0.036000 0.036000 56.571429 56.571429 56.571429
0.036000 0.036000 0.036000 56.571429 56.571429 0.036000 0.036000 56.571429 56.571429 56.571429
0.036000 0.036000 0.036000 56.571429 56.571429 0.036000 0.036000 56.571429 56.571429 56.571429
0.036000 0.036000 0.036000 56.571429 56.571429 0.036000 0.036000 56.571429 56.571429 56.571429
0.036000 0.036000 0.036000 56.571429 56.571429 0.036000 0.036000 56.571429 56.571429 56.571429
0.036000 0.036000 0.036000 56.571429 56.571429 0.036000 0.036000 56.571429 56.571429 56.571429
0.036000 0.036000 0.036000 56.571429 56.571429 0.036000 0.036000 56.571429 56.571429 56.571429
0.036000 0.036000 0.036000 56.571429 56.571429 0.036000 0.036000 56.571429 56.571429 56.571429
0.036000 0.036000 0.036000 56.571429 56.571429 0.036000 0.036000 56.571429 56.571429 56.571429
0.036000 0.036000 0.036000 56.571429 56.571429 0.036000 0.036000 56.571429 56.571429 56.571429
0.036000 0.036000 0.036000 56.571429 56.571429 0.036000 0.036000 56.571429 56.571429 56.571429
0.036000 0.036000 0.036000 56.571429 56.571429 0.036000 0.036000 56.571429 56.571429 56.571429
0.036000 0.036000 0.036000 56.571429 56.571429 0.036000 0.036000 56.571429 56.571429 56.571429
0.036000 0.036000 0.036000 56.571429 56.571429 0.036000 0.036000 56.571429 56.571429 56.571429
0.036000 0.036000 0.036000 56.571429 56.571429 0.036000 0.036000 56.571429 56.571429 56.571429
0.036000 0.036000 0.036000 56.571429 56.571429 0.036000 0.036000 56.571429 56.571429 56.571429
0.036000 0.036000 0.036000 56.571429 56.571429 0.036000 0.036000 56.571429 56.571429 56.571429
0.036000 0.036000 0.036000 56.571429 56.571429 0.036000 0.036000 56.571429 56.571429 56.571429
0.036000 0.036000 0.036000 56.571429 56.571429 0.036000 0.036000 56.571429 56.571429 56.571429
0.036000 0.036000 0.036000 56.571429 56.571429 0.036000 0.036000 56.571429 56.571429 56.571429
0.036000 0.036000 0.036000 56.571429 56.571429 0.036000 0.036000 56.571429 56.571429 56.571429
0.036000 0.036000 0.036000 56.571429 56.571429 0.036000 0.036000 56.571429 56.571429 56.571429
0.036000 0.036000 0.036000 56.571429 56.571429 0.036000 0.036000 56.571429 56.571429 56.571429
0.036000 0.036000 0.036000 56.571429 56.571429 0.036000 0.036000 56.571429 56.571429 56.571429
0.036000 0.036000 0.036000 56.571429 56.571429 0.036000 0.036000 56.571429 56.571429 56.571429
0.036000 0.036000 0.036000 56.571429 56.571429 0.036000 0.036000 56.571429 56.571429 56.571429
0.036000 0.036000 0.036000 56.571429 56.571429 0.036000 0.036000 56.571429 56.571429 56.571429
0.036000 0.036000 0.036000 56.571429 56.571429 0.036000 0.036000 56.571429 56.571429 56.571429
0.036000 0.036000 0.036000 56.571429 56.571429 0.036000 0.036000 56.571429 56.571429 56.571429
0.036000 0.036000 0.036000 56.571429 56.571429 0.036000 0.036000 56.571429 56.571429 56.571429
0.036000 0.036000 0.036000 56.571429 56.571429 0.036000 0.036000 56.571429 56.571429 56.571429
0.036000 0.036000 0.036000 56.571429 56.571429 0.036000 0.036000 56.571429 56.571429 56.571429
0.036000 0.036000 0.036000 56.571429 56.571429 0.036000 0.036000 56.571429 56.571429 56.571429
0.036000 0.036000 0.036000 56.571429 56.571429 0.036000 0.036000 56.571429 56.571429 56.571429
0.036000 0.036000 0.036000 56.571429 56.571429 0.036000 0.036000 56.571429 56.571429 56.571429
0.036000 0.036000 0.036000 56.571429 56.571429 0.036000 0.036000 56.571429 56.571429 56.571429
0.036000 0.036000 0.036000 56.571429 56.571429 0.036000 0.036000 56.571429 56.571429 56.571429
0.036000 0.036000 0.036000 56.571429 56.571429 0.036000 0.036000 56.571429 56.571429 56.571429
0.036000 0.036000 0.036000 56.571429 56.571429 0.036000 0.036000 56.571429 56.571429 56.571429
0.036000 0.036000 0.036000 56.571429 56.571429 0.036000 0.036000 56.571429 56.571429 56.571429
0.036000 0.036000 0.036000 56.571429 56.571429 0.036000 0.036000 56.571429 56.571429 56.571429
0.036000 0.036000 0.036000 56.571429 56.571429 0.036000 0.036000 56.571429 56.571429 56.571429
0.036000 0.036000 0.036000 56.571429 56.571429 0.036000 0.036000 56.571429 56.571429 56.571429
0.036000 0.036000 0.036000 56.571429 56.571429 0.036000 0.036000 56.571429 56.571429 56.571429
0.036000 0.036000 0.036000 56.571429 56.571429 0.036000 0.036000 56.571429 56.571429 56.571429
0.036000 0.036000 0.036000 56.571429 56.571429 0.036000 0.036000 56.571429 56.571429 56.571429
0.036000 0.036000 0.036000 56.571429 56.571429 0.036000 0.036000 56.571429 56.571429 56.571429
0.036000 0.036000 0.036000 56.571429 56.571429 0.036000 0.036000 56.571429 56.571429 56.571429
0.036000 0.036000 0.036000 56.571429 56.571429 0.036000 0.036000 56.571429 56.571429 56.571429
0.036000 0.036000 0.036000 56.571429 56.571429 0.036000 0.036000 56.571429 56.571429 56.571429
0.036000 0.036000 0.036000 56.571429 56.571429 0.036000 0.036000 56.571429 56.571429 56.571429
0.036000 0.036000 0.036000 56.571429 56.571429 0.036000 0.036000 56.571429 56.571429 56.571429
0.036000 0.036000 0.036000 56.571429 56.571429 0.036000 0.036000 56.571429 56.571429 56.571429
0.036000 0.036000 0.036000 56.571429 56.571429 0.036000 0.036000 56.571429 56.571429 56.571429
0.036000 0.036000 0.036000 56.571429 56.571429 0.036000 0.036000 56.571429 56.571429 56.571429
0.036000 0.036000 0.036000 56.571429 56.571429 0.036000 0.036000 56.571429 56.571429 56.571429
0.036000 0.036000 0.036000 56.571429 56.571429 0.036000 0.036000 56.571429 56.571429 56.571429
0.036000 0.036000 0.036000 56.571429 56.571429 0.036000 0.036000 56.571429 56.571429 56.571429
0.036000 0.036000 0.036000 56.571429 56.571429 0.036000 0.036000 56.571429 56.571429 56.571429
0.036000 0.036000 0.036000 56.571429 56.571429 0.036000 0.036000 56.571429 56.571429 56.571429
0.036000 0.036000 0.036000 56.571429 56.571429 0.036000 0.036000 56.571429 56.571429 56.571429
0.036000 0.036000 0.036000 56.571429 56.571429 0.036000 0.036000 56.571429 56.571429 56.571429
0.036000 0.036000 0.036000 56.571429 56.571429 0.036000 0.036000 56.571429 56.571429 56.571429
0.036000 0.036000 0.036000 56.571429 56.571429 0.036000 0.036000 56.571429 56.571429 56.571429
0.036000 0.036000 0.036000 56.571429 56.571429 0.036000 0.036000 56.571429 56.571429 56.571429
0.036000 0.036000 0.036000 56.571429 56.571429 0.036000 0.036000 56.571429 56.571429 56.571429
0.036000 0.036000 0.036000 56.571429 56.571429 0.036000 0.036000 56.571429 56.571429 56.571429
0.036000 0.036000 0.036000 56.571429 56.571429 0.036000 0.036000 56.571429 56.571429 56.571429
0.036000 0.036000 0.036000 56.571429 56.571429 0.036000 0.036000 56.571429 56.571429 56.571429
0.036000 0.036000 0.036000 56.571429 56.571429 0.036000 0.036000 56.571429 56.571429 56.571429
0.036000 0.036000 0.036000 56.571429 56.571429 0.036000 0.036000 56.571429 56.571429 56.571429
0.036000 0.036000 0.036000 56.571429 56.571429 0.036000 0.036000 56.571429 56.571429 56.571429
0.036000 0.036000 0.036000 56.571429 56.571429 0.036000 0.036000 56.571429 56.571429 56.571429
0.036000 0.036000 0.036000 56.571429 56.571429 0.036000 0.036000 56.571429 56.571429 56.571429
0.036000 0.036000 0.036000 56.571429 56.571429 0.036000 0.036000 56.571429 56.571429 56.571429
0.036000 0.036000 0.036000 56.571429 56.571429 0.036000 0.036000 56.571429 56.571429 56.571429
0.036000 0.036000 0.036000 56.571429 56.571429 0.036000 0.036000 56.571429 56.571429 56.571429
0.036000 0.036000 0.036000 56.571429 56.571429 0.036000 0.036000 56.571429 56.571429 56.571429
0.036000 0.036000 0.036000 56.571429 56.571429 0.036000 0.036000 56.571429 56.571429 56.571429
0.036000 0.036000 0.036000 56.571429 56.571429 0.036000 0.036000 56.571429 56.571429 56.571429
0.036000 0.036000 0.036000 56.571429 56.571429 0.036000 0.036000 56.571429 56.571429 56.571429
0.036000 0.036000 0.036000 56.571429 56.571429 0.036000 0.036000 56.571429 56.571429 56.571429
0.036000 0.036000 0.036000 56.571429 56.571429 0.036000 0.036000 56.571429 56.571429 56.571429
0.036000 0.036000 0.036000 56.571429 56.571429 0.036000 0.036000 56.571429 56.571429 56.571429
0.036000 0.036000 0.036000 56.571429 56.571429 0.036000 0.036000 56.571429 56.571429 56.571429
0.036000 0.036000 0.036000 56.571429 56.571429 0.036000 0.036000 56.571429 56.571429 56.571429
0.036000 0.036000 0.036000 56.571429 56.571429 0.036000 0.036000 56.571429 56.571429 56.571429
0.036000 0.036000 0.036000 56.571429 56.571429 0.036000 0.036000 56.571429 56.571429 56.571429
0.036000 0.036000 0.036000 56.571429 56.571429 0.036000 0.036000 56.571429 56.571429 56.571429
0.036000 0.036000 0.036000 56.571429 56.571429 0.036000 0.036000 56.571429 56.571429 56.571429
0.036000 0.036000 0.036000 56.571429 56.571429 0.036000 0.036000 56.571429 56.571429 56.571429
0.036000 0.036000 0.036000 56.571429 56.571429 0.036000 0.036000 56.571429 56.571429 56.571429
0.036000 0.036000 0.036000 56.571429 56.571429 0.036000 0.036000 56.571429 56.571429 56.571429
0.036000 0.036000 0.036000 56.571429 56.571429 0.036000 0.036000 56.571429 56.571429 56.571429
0.036000 0.036000 0.036000 56.571429 56.571429 0.036000 0.036000 56.571429 56.571429 56.571429
0.036000 0.036000 0.036000 56.571429 56.571429 0.036000 0.036000 56.571429 56.571429 56.571429
0.036000 0.036000 0.036000 56.571429 56.571429 0.036000 0.036000 56.571429 56.571429 56.571429
0.036000 0.036000 0.036000 56.571429 56.571429 0.036000 0.036000 56.571429 56.571429 56.571429
0.036000 0.036000 0.036000 56.571429 56.571429 0.036000 0.036000 56.571429 56.571429 56.571429
0.036000 0.036000 0.036000 56.571429 56.571429 0.036000 0.036000 56.571429 56.571429 56.571429
0.036000 0.036000 0.036000 56.571429 56.571429 0.036000 0.036000 56.571429 56.571429 56.571429
0.036000 0.036000 0.036000 56.571429 56.571429 0.036000 0.036000 56.571429 56.571429 56.571429
0.036000 0.036000 0.036000 56.571429 56.571429 0.036000 0.036000 56.571429 56.571429 56.571429
0.036000 0.036000 0.036000 56.571429 56.571429 0.036000 0.036000 56.571429 56.571429 56.571429
0.036000 0.036000 0.036000 56.571429 56.571429 0.036000 0.036000 56.571429 56.571429 56.571429
0.036000 0.036000 0.036000 56.571429 56.571429 0.036000 0.036000 56.571429 56.571429 56.571429
0.036000 0.036000 0.036000 56.571429 56.571429 0.036000 0.036000 56.571429 56.571429 56.571429
0.036000 0.036000 0.036000 56.571429 56.571429 0.036000 0.036000 56.571429 56.571429 56.571429
0.036000 0.036000 0.036000 56.571429 56.571429 0.036000 0.036000 56.571429 56.571429 56.571429
0.036000 0.036000 0.036000 56.571429 56.571429 0.036000 0.036000 56.571429 56.571429 56.571429
0.036000 0.036000 0.036000 56.571429 56.571429 0.036000 0.036000 56.571429 56.571429 56.571429
0.036000 0.036000 0.036000 56.571429 56.571429 0.036000 0.036000 56.571429 56.571429 56.571429
0.036000 0.036000 0.036000 56.571429 56.571429 0.036000 0.036000 56.571429 56.571429 56.571429
0.036000 0.036000 0.036000 56.571429 56.571429 0.036000 0.036000 56.571429 56.571429 56.571429
0.036000 0.036000 0.036000 56.571429 56.571429 0.036000 0.036000 56.571429 56.571429 56.571429
0.036000 0.036000 0.036000 56.571429 56.571429 0.036000 0.036000 56.571429 56.571429 56.571429
0.036000 0.036000 0.036000 56.571429 56.571429 0.036000 0.036000 56.571429 56.571429 56.571429
0.036000 0.036000 0.036000 56.571429 56.571429 0.036000 0.036000 56.571429 56.571429 56.571429
0.036000 0.036000 0.036000 56.571429 56.571429 0.036000 0.036000 56.571429 56.571429 56.571429
0.036000 0.036000 0.036000 56.571429 56.571429 0.036000 0.036000 56.571429 56.571429 56.571429
0.036000 0.036000 0.036000 56.571429 56.571429 0.036000 0.036000 56.571429 56.571429 56.571429
0.036000 0.036000 0.036000 56.571429 56.571429 0.036000 0.036000 56.571429 56.571429 56.571429
0.036000 0.036000 0.036000 56.571429 56.571429 0.036000 0.036000 56.571429 56.571429 56.571429
0.036000 0.036000 0.036000 56.571429 56.571429 0.036000 0.036000 56.571429 56.571429 56.571429
0.036000 0.036000 0.036000 56.571429 56.571429 0.036000 0.036000 56.571429 56.571429 56.571429
0.036000 0.036000 0.036000 56.571429 56.571429 0.036000 0.036000 56.571429 56.571429 56.571429
0.036000 0.036000 0.036000 56.571429 56.571429 0.036000 0.036000 56.571429 56.571429 56.571429
0.036000 0.036000 0.036000 56.571429 56.571429 0.036000 0.036000 56.571429 56.571429 56.571429
0.036000 0.036000 0.036000 56.571429 56.571429 0.036000 0.036000 56.571429 56.571429 56.571429
0.036000 0.036000 0.036000 56.571429 56.571429 0.036000 0.036000 56.571429 56.571429 56.571429
0.036000 0.036000 0.036000 56.571429 56.571429 0.036000 0.036000 56.571429 56.571429 56.571429
0.036000 0.036000 0.036000 56.571429 56.571429 0.036000 0.036000 56.571429 56.571429 56.571429
