timestamp (intervals), bus_transit_link_ID, bus_transit_link_type, passenger_inflow, tt (s), fftt (s)
0 33 3 56.000000 1.500000 1.500000
0 32 3 0.000000 2.000000 2.000000
0 31 3 31.000000 1.500000 1.500000
0 30 3 0.000000 2.000000 2.000000
0 29 3 60.000000 1.500000 1.500000
0 28 3 0.000000 2.000000 2.000000
0 27 3 19.000000 1.500000 1.500000
0 26 3 94.000000 2.000000 2.000000
0 25 3 41.000000 1.500000 1.500000
0 24 3 0.000000 2.000000 2.000000
0 211 2 56.000000 26.280001 26.280001
0 23 3 11.000000 1.500000 1.500000
0 10 3 117.000000 2.000000 2.000000
0 9 3 0.000000 1.500000 1.500000
0 8 3 16.000000 2.000000 2.000000
0 7 3 0.000000 1.500000 1.500000
0 6 3 250.000000 2.000000 2.000000
0 5 3 147.000000 120.000000 120.000000
0 1 3 441.000000 120.000000 120.000000
0 2 3 88.000000 60.000000 60.000000
0 3 3 94.000000 20.000000 20.000000
0 4 3 19.000000 20.000000 20.000000
0 11 3 0.000000 1.500000 1.500000
0 12 3 0.000000 2.000000 2.000000
0 201 2 90.000000 53.639999 53.639999
0 13 3 0.000000 1.500000 1.500000
0 202 2 60.000000 65.520003 65.520003
0 14 3 0.000000 2.000000 2.000000
0 203 2 60.000000 39.959999 39.959999
0 15 3 0.000000 1.500000 1.500000
0 204 2 16.000000 26.280001 26.280001
0 16 3 0.000000 2.000000 2.000000
0 205 2 16.000000 92.880003 92.880003
0 17 3 0.000000 1.500000 1.500000
0 206 2 11.000000 65.520003 65.520003
0 18 3 0.000000 2.000000 2.000000
0 207 2 31.000000 53.639999 53.639999
0 19 3 0.000000 1.500000 1.500000
0 208 2 90.000000 39.959999 39.959999
0 20 3 0.000000 2.000000 2.000000
0 209 2 60.000000 65.520003 65.520003
0 21 3 0.000000 1.500000 1.500000
0 210 2 19.000000 27.360000 27.360000
0 22 3 56.000000 2.000000 2.000000
180 33 3 90.000000 35.000000 1.500000
180 32 3 0.000000 2.000000 2.000000
180 31 3 90.000000 35.000000 1.500000
180 30 3 0.000000 2.000000 2.000000
180 29 3 90.000000 35.000000 1.500000
180 28 3 0.000000 2.000000 2.000000
180 27 3 28.000000 20.000000 1.500000
180 26 3 190.000000 480.000000 2.000000
180 25 3 62.000000 35.000000 1.500000
180 24 3 0.000000 2.000000 2.000000
180 211 2 90.000000 26.280001 26.280001
180 23 3 65.000000 25.000000 1.500000
180 10 3 90.000000 345.000000 2.000000
180 9 3 0.000000 1.500000 1.500000
180 8 3 116.000000 10.000000 2.000000
180 7 3 0.000000 1.500000 1.500000
180 6 3 250.000000 1815.000000 2.000000
180 5 3 265.000000 120.000000 120.000000
180 1 3 460.000000 120.000000 120.000000
180 2 3 148.000000 65.000000 60.000000
180 3 3 190.000000 20.000000 20.000000
180 4 3 28.000000 20.000000 20.000000
180 11 3 0.000000 1.500000 1.500000
180 12 3 0.000000 2.000000 2.000000
180 201 2 90.000000 53.639999 53.639999
180 13 3 0.000000 1.500000 1.500000
180 202 2 90.000000 65.520003 65.520003
180 14 3 0.000000 2.000000 2.000000
180 203 2 90.000000 39.959999 39.959999
180 15 3 0.000000 1.500000 1.500000
180 204 2 90.000000 45.000000 26.280001
180 16 3 0.000000 2.000000 2.000000
180 205 2 60.000000 100.000000 92.880003
180 17 3 0.000000 1.500000 1.500000
180 206 2 65.000000 65.520003 65.520003
180 18 3 0.000000 2.000000 2.000000
180 207 2 90.000000 53.639999 53.639999
180 19 3 0.000000 1.500000 1.500000
180 208 2 90.000000 55.000000 39.959999
180 20 3 0.000000 2.000000 2.000000
180 209 2 90.000000 95.000000 65.520003
180 21 3 0.000000 1.500000 1.500000
180 210 2 28.000000 27.360000 27.360000
180 22 3 113.000000 250.000000 2.000000
360 33 3 90.000000 35.000000 1.500000
360 32 3 0.000000 2.000000 2.000000
360 31 3 90.000000 35.000000 1.500000
360 30 3 0.000000 2.000000 2.000000
360 29 3 90.000000 35.000000 1.500000
360 28 3 0.000000 2.000000 2.000000
360 27 3 0.000000 15.000000 1.500000
360 26 3 241.000000 1410.000000 2.000000
360 25 3 90.000000 60.000000 1.500000
360 24 3 0.000000 2.000000 2.000000
360 211 2 90.000000 26.280001 26.280001
360 23 3 90.000000 50.000000 1.500000
360 10 3 96.000000 345.000000 2.000000
360 9 3 0.000000 1.500000 1.500000
360 8 3 124.000000 340.000000 2.000000
360 7 3 0.000000 1.500000 1.500000
360 6 3 227.000000 2965.000000 2.000000
360 5 3 255.000000 120.000000 120.000000
360 1 3 444.000000 120.000000 120.000000
360 2 3 148.000000 65.000000 60.000000
360 3 3 241.000000 20.000000 20.000000
360 4 3 0.000000 20.000000 20.000000
360 11 3 0.000000 1.500000 1.500000
360 12 3 0.000000 2.000000 2.000000
360 201 2 90.000000 55.000000 53.639999
360 13 3 0.000000 1.500000 1.500000
360 202 2 90.000000 65.520003 65.520003
360 14 3 0.000000 2.000000 2.000000
360 203 2 90.000000 40.000000 39.959999
360 15 3 0.000000 1.500000 1.500000
360 204 2 90.000000 26.280001 26.280001
360 16 3 0.000000 2.000000 2.000000
360 205 2 90.000000 95.000000 92.880003
360 17 3 0.000000 1.500000 1.500000
360 206 2 90.000000 65.520003 65.520003
360 18 3 0.000000 2.000000 2.000000
360 207 2 90.000000 53.639999 53.639999
360 19 3 0.000000 1.500000 1.500000
360 208 2 90.000000 40.000000 39.959999
360 20 3 0.000000 2.000000 2.000000
360 209 2 90.000000 110.000000 65.520003
360 21 3 0.000000 1.500000 1.500000
360 210 2 0.000000 27.360000 27.360000
360 22 3 86.000000 535.000000 2.000000
540 33 3 90.000000 35.000000 1.500000
540 32 3 0.000000 2.000000 2.000000
540 31 3 90.000000 35.000000 1.500000
540 30 3 0.000000 2.000000 2.000000
540 29 3 90.000000 35.000000 1.500000
540 28 3 0.000000 2.000000 2.000000
540 27 3 0.000000 15.000000 1.500000
540 26 3 287.000000 2370.000000 2.000000
540 25 3 90.000000 45.000000 1.500000
540 24 3 0.000000 2.000000 2.000000
540 211 2 90.000000 26.280001 26.280001
540 23 3 90.000000 45.000000 1.500000
540 10 3 86.000000 605.000000 2.000000
540 9 3 0.000000 1.500000 1.500000
540 8 3 181.000000 650.000000 2.000000
540 7 3 0.000000 1.500000 1.500000
540 6 3 174.000000 2965.000000 2.000000
540 5 3 265.000000 120.000000 120.000000
540 1 3 441.000000 120.000000 120.000000
540 2 3 161.000000 65.000000 60.000000
540 3 3 287.000000 20.000000 20.000000
540 4 3 0.000000 20.000000 20.000000
540 11 3 0.000000 1.500000 1.500000
540 12 3 0.000000 2.000000 2.000000
540 201 2 90.000000 53.639999 53.639999
540 13 3 0.000000 1.500000 1.500000
540 202 2 90.000000 65.520003 65.520003
540 14 3 0.000000 2.000000 2.000000
540 203 2 90.000000 40.000000 39.959999
540 15 3 0.000000 1.500000 1.500000
540 204 2 90.000000 30.000000 26.280001
540 16 3 0.000000 2.000000 2.000000
540 205 2 90.000000 92.880003 92.880003
540 17 3 0.000000 1.500000 1.500000
540 206 2 90.000000 65.520003 65.520003
540 18 3 0.000000 2.000000 2.000000
540 207 2 90.000000 53.639999 53.639999
540 19 3 0.000000 1.500000 1.500000
540 208 2 90.000000 39.959999 39.959999
540 20 3 0.000000 2.000000 2.000000
540 209 2 90.000000 65.520003 65.520003
540 21 3 0.000000 1.500000 1.500000
540 210 2 0.000000 27.360000 27.360000
540 22 3 55.000000 525.000000 2.000000
720 33 3 90.000000 35.000000 1.500000
720 32 3 0.000000 2.000000 2.000000
720 31 3 23.000000 35.000000 1.500000
720 30 3 0.000000 2.000000 2.000000
720 29 3 90.000000 35.000000 1.500000
720 28 3 0.000000 2.000000 2.000000
720 27 3 0.000000 15.000000 1.500000
720 26 3 324.000000 2370.000000 2.000000
720 25 3 90.000000 45.000000 1.500000
720 24 3 0.000000 2.000000 2.000000
720 211 2 90.000000 26.280001 26.280001
720 23 3 90.000000 40.000000 1.500000
720 10 3 88.000000 345.000000 2.000000
720 9 3 0.000000 1.500000 1.500000
720 8 3 169.000000 1295.000000 2.000000
720 7 3 0.000000 1.500000 1.500000
720 6 3 188.000000 2965.000000 2.000000
720 5 3 228.000000 120.000000 120.000000
720 1 3 444.000000 120.000000 120.000000
720 2 3 160.000000 65.000000 60.000000
720 3 3 324.000000 20.000000 20.000000
720 4 3 0.000000 20.000000 20.000000
720 11 3 0.000000 1.500000 1.500000
720 12 3 0.000000 2.000000 2.000000
720 201 2 90.000000 53.639999 53.639999
720 13 3 0.000000 1.500000 1.500000
720 202 2 90.000000 65.520003 65.520003
720 14 3 0.000000 2.000000 2.000000
720 203 2 90.000000 39.959999 39.959999
720 15 3 0.000000 1.500000 1.500000
720 204 2 90.000000 30.000000 26.280001
720 16 3 0.000000 2.000000 2.000000
720 205 2 90.000000 105.000000 92.880003
720 17 3 0.000000 1.500000 1.500000
720 206 2 90.000000 65.520003 65.520003
720 18 3 0.000000 2.000000 2.000000
720 207 2 23.000000 53.639999 53.639999
720 19 3 0.000000 1.500000 1.500000
720 208 2 90.000000 40.000000 39.959999
720 20 3 0.000000 2.000000 2.000000
720 209 2 90.000000 65.520003 65.520003
720 21 3 0.000000 1.500000 1.500000
720 210 2 0.000000 27.360000 27.360000
720 22 3 15.000000 255.000000 2.000000
