0.000000 383000.783333
0.163685 373129.945333
0.169737 372644.378480
0.158444 371368.287287
0.140179 370372.789084
0.153577 369579.057253
0.159600 369082.334352
0.158578 368829.364017
0.139389 366934.352407
0.142043 365291.436798
0.126267 365226.984713
0.110296 363986.409173
0.108773 363101.859126
0.138759 360703.690360
0.080871 359314.890495
0.087578 359862.086671
0.109204 358711.901967
0.100840 358060.273867
0.087337 355308.264018
0.057247 353895.833461
0.074393 352748.182740
0.106615 354688.923374
0.086241 351927.808041
0.072982 350477.282151
0.071681 350325.573309
0.075060 349013.337812
0.056044 347773.705748
0.040928 346948.513406
0.062842 346205.143189
0.070828 346713.502193
0.079594 346019.109399
0.083732 345399.906494
0.067858 345284.174573
0.083233 343688.841539
0.121814 343987.105750
0.052678 344508.447252
0.066152 345236.746591
0.083875 343589.189753
0.068313 343083.493782
0.062242 344189.276179
0.118242 343429.086288
0.079129 341965.298523
0.086927 343954.270613
0.105044 342654.583959
0.080236 343293.771640
0.068173 341536.081698
0.082882 341424.022794
0.086045 344310.540643
0.073520 341934.017692
0.062615 341915.650100
0.102297 342706.070141
0.089427 341879.565457
0.093097 342443.681320
0.112801 340555.792912
0.056032 340033.020228
0.049677 341290.890557
0.118844 341274.824309
0.085843 342323.580040
0.032629 342173.003867
0.075465 340984.030963
0.075616 341415.440659
0.114925 339980.430782
0.026331 341037.728684
0.108138 341412.513260
0.054872 339869.131173
0.062504 341925.422091
0.034646 341699.008284
0.118855 341809.501728
0.033078 340293.215021
0.096662 340978.915940
0.026291 340318.540406
0.074819 341231.408343
0.094955 341293.080732
0.121743 340554.445484
0.112041 340628.181000
0.048038 338328.276538
0.040652 338841.493567
0.040926 340138.350812
0.090095 341360.345890
0.062550 342121.750633
0.071820 340484.477809
0.063706 340517.208756
0.070574 340806.768650
0.062674 340187.689291
0.117188 340928.246702
0.018366 339520.169177
0.067355 341608.083463
0.045320 342881.828775
0.049823 341923.677647
0.056520 341308.762171
0.102534 342960.232874
0.118728 341895.666124
0.120613 341915.689097
0.119861 341696.899074
0.122358 340259.397918
0.119017 339597.814115
0.034685 340723.149265
0.082035 340274.055728
0.069549 341183.183920
0.071610 341408.731550
