3.716667 3.816667 3.916667 4.016667 4.116667 4.216667 4.316667 4.416667 4.516667 4.616667 4.716667 4.816667 4.916667 5.016667 5.116667 5.216667 5.316667 5.416667 5.516667 5.616667 5.716667 5.816667 5.916667 6.016667 6.116667 6.216667 6.316667 6.416667 6.516667 6.616667 6.716667 6.816667 6.916667 7.016667 7.116667 7.216667 7.316667 7.416667 7.516667 7.616667 7.716667 7.816667 7.916667 8.016667 8.116667 8.216667 8.316667 8.416667 8.516667 8.616667 8.716667 8.816667 8.916667 9.016667 9.116667 9.216667 9.316667 9.416667 9.516667 9.616667
7.050000 7.150000 7.250000 7.350000 7.450000 7.550000 7.650000 7.750000 7.850000 7.950000 8.050000 8.150000 8.250000 8.350000 8.450000 8.550000 8.650000 8.750000 8.850000 8.950000 9.050000 9.150000 9.250000 9.350000 9.450000 9.550000 9.650000 9.750000 9.850000 9.950000 10.050000 9.996794 9.358849 9.662669 9.919921 10.094130 10.448811 10.190566 9.993295 9.551304 9.104894 8.845950 9.416378 9.326265 9.216613 8.905300 9.714254 10.076164 10.412005 10.890933 11.202243 11.529719 11.916434 12.139437 12.367843 12.408962 12.575142 12.750000 12.850000 12.950000
0.000000 0.000000 0.000000 0.000000 0.000000 0.000000 0.000000 0.000000 0.000000 0.000000 0.000000 0.000000 0.000000 0.000000 0.000000 0.000000 0.000000 0.000000 0.000000 0.000000 0.000000 0.000000 0.000000 0.000000 0.000000 0.000000 0.000000 0.000000 0.000000 0.000000 0.000000 0.153206 0.891151 0.687331 0.530079 0.455870 0.201189 0.559434 0.856705 1.398696 1.945106 2.304050 1.833622 2.023735 2.233387 2.644700 1.935746 1.673836 1.437995 1.059067 0.847757 0.620281 0.333566 0.210563 0.082157 0.141038 0.074858 0.000000 0.000000 0.000000
13.716667 13.816667 13.916667 14.016667 14.116667 14.216667 14.316667 14.416667 14.516667 14.616667 14.716667 14.816667 14.916667 15.016667 15.116667 15.216667 15.316667 15.416667 15.516667 15.616667 15.716667 15.816667 15.916667 16.016667 16.116667 16.216667 16.316667 16.416667 16.516667 16.616667 16.716667 16.816667 16.916667 17.016667 17.116667 17.216667 17.316667 17.416667 17.516667 17.616667 17.716667 17.816667 17.916667 18.016667 18.116667 18.216667 18.316667 18.416667 18.516667 18.616667 18.716667 18.816667 18.916667 19.016667 19.116667 19.216667 19.316667 19.416667 19.516667 19.616667
0.000000 0.000000 0.000000 0.000000 0.000000 0.000000 0.000000 0.000000 0.000000 0.000000 0.000000 0.000000 0.000000 0.000000 0.000000 0.000000 0.000000 0.000000 0.000000 0.000000 0.000000 0.000000 0.000000 0.000000 0.000000 0.000000 0.000000 0.000000 0.000000 0.000000 0.000000 0.000000 0.000000 0.000000 0.000000 0.000000 0.000000 0.000000 0.000000 0.000000 0.000000 0.000000 0.000000 0.000000 0.000000 0.000000 0.000000 0.000000 0.000000 0.000000 0.000000 0.000000 0.000000 0.000000 0.000000 0.000000 0.000000 0.000000 0.000000 0.000000
0.383333 0.483333 0.583333 0.683333 0.783333 0.883333 0.983333 1.083333 1.183333 1.283333 1.383333 1.483333 1.583333 1.683333 1.783333 1.883333 1.983333 2.083333 2.183333 2.283333 2.383333 2.483333 2.583333 2.683333 2.783333 2.883333 2.983333 3.083333 3.183333 3.283333 1.489121 0.994901 1.033903 0.505026 1.104392 1.173852 2.333835 2.449892 2.165155 1.780308 1.943420 2.513960 2.575219 3.441949 3.220347 3.351317 2.981654 2.050443 2.637181 1.748590 1.517733 1.121804 0.973038 0.378463 0.172751 0.048728 0.022229 0.011901 0.006370 0.006473
0.000000 0.000000 0.000000 0.000000 0.000000 0.000000 0.000000 0.000000 0.000000 0.000000 0.000000 0.000000 0.000000 0.000000 0.000000 0.000000 0.000000 0.000000 0.000000 0.000000 0.000000 0.000000 0.000000 0.000000 0.000000 0.000000 0.000000 0.000000 0.000000 0.000000 1.894212 2.488432 2.549431 3.178307 2.678941 2.709481 1.649498 1.633441 2.018179 2.503025 2.439913 1.969373 2.008114 1.241384 1.562987 1.532016 2.001679 3.032890 2.546153 3.534743 3.865600 4.361529 4.610295 5.304870 5.610583 5.834605 5.961104 6.071433 6.176964 6.276861
3.716667 3.816667 3.916667 4.016667 4.116667 4.216667 4.316667 4.416667 4.516667 4.616667 4.716667 4.816667 4.916667 5.016667 5.116667 5.216667 5.316667 5.416667 5.516667 5.616667 5.716667 5.816667 5.916667 6.016667 6.116667 6.216667 6.316667 6.416667 6.516667 6.616667 6.716667 6.814662 6.780391 6.649189 5.952262 5.592044 5.029480 5.265532 4.811446 4.793581 4.826468 4.836276 4.885336 3.798632 3.832103 2.400447 2.895359 3.018063 2.584887 2.887442 2.501126 1.998024 2.235848 1.983402 1.875334 1.644175 0.482086 0.497661 9.373912 9.611912
0.000000 0.000000 0.000000 0.000000 0.000000 0.000000 0.000000 0.000000 0.000000 0.000000 0.000000 0.000000 0.000000 0.000000 0.000000 0.000000 0.000000 0.000000 0.000000 0.000000 0.000000 0.000000 0.000000 0.000000 0.000000 0.000000 0.000000 0.000000 0.000000 0.000000 0.000000 0.002005 0.134262 0.360221 1.141611 1.596121 2.253464 2.139507 2.679554 2.789028 2.857816 2.944779 2.985410 4.147753 4.222130 5.744392 5.335415 5.326288 5.873730 5.672052 6.173325 6.787797 6.652890 7.017209 7.229547 7.566924 8.830754 8.916171 0.142754 0.004755
0.000000 0.000000 0.000000 0.000000 0.000000 0.000000 0.000000 0.000000 0.000000 0.000000 0.000000 0.000000 0.000000 0.000000 0.000000 0.000000 0.000000 0.000000 0.000000 0.000000 0.000000 0.000000 0.000000 0.000000 0.000000 0.000000 0.000000 0.000000 0.000000 0.000000 0.000000 0.000000 0.002013 0.007257 0.022793 0.028501 0.033722 0.011628 0.025666 0.034057 0.032383 0.035612 0.045921 0.070282 0.062434 0.071828 0.085893 0.072316 0.058050 0.057172 0.042216 0.030846 0.027928 0.016055 0.011786 0.005568 0.003827 0.002834 0.000000 0.000000
7.050000 7.150000 7.250000 7.350000 7.450000 7.550000 7.650000 7.750000 7.850000 7.950000 8.050000 8.150000 8.250000 8.350000 8.450000 8.550000 8.650000 8.750000 8.850000 8.950000 9.050000 9.150000 9.250000 9.350000 9.450000 9.550000 9.650000 9.750000 9.850000 9.950000 10.050000 10.147968 10.221546 10.254056 9.926685 9.826592 9.152221 8.426491 8.578772 8.189201 8.246043 7.200586 7.560338 7.858734 8.391406 8.693234 7.949545 8.017782 7.758715 8.129805 8.197837 8.265869 8.623982 9.215897 9.941903 10.382439 10.776859 11.001899 12.840724 12.947720
0.000000 0.000000 0.000000 0.000000 0.000000 0.000000 0.000000 0.000000 0.000000 0.000000 0.000000 0.000000 0.000000 0.000000 0.000000 0.000000 0.000000 0.000000 0.000000 0.000000 0.000000 0.000000 0.000000 0.000000 0.000000 0.000000 0.000000 0.000000 0.000000 0.000000 0.000000 0.002032 0.028454 0.095944 0.523315 0.723408 1.497779 2.323509 2.271228 2.760799 2.803957 3.949414 3.689662 3.491266 3.058594 2.856766 3.700455 3.732218 4.091285 3.820195 3.852163 3.884131 3.626018 3.134103 2.508097 2.167561 1.873141 1.748101 0.009276 0.002280
0.000000 0.000000 0.000000 0.000000 0.000000 0.000000 0.000000 0.000000 0.000000 0.000000 0.000000 0.000000 0.000000 0.000000 0.000000 0.000000 0.000000 0.000000 0.000000 0.000000 0.000000 0.000000 0.000000 0.000000 0.000000 0.000000 0.000000 0.000000 0.000000 0.000000 0.000000 0.000000 0.000000 0.000000 0.000000 0.000000 0.000000 0.000000 0.000000 0.000000 0.000000 0.000000 0.000000 0.000000 0.000000 0.000000 0.000000 0.000000 0.000000 0.000000 0.000000 0.000000 0.000000 0.000000 0.000000 0.000000 0.000000 0.000000 0.000000 0.000000
0.383333 0.483333 0.583333 0.683333 0.783333 0.883333 0.983333 1.083333 1.183333 1.283333 1.383333 1.483333 1.583333 1.683333 1.783333 1.883333 1.983333 2.083333 2.183333 2.283333 2.383333 2.483333 2.583333 2.683333 2.783333 2.883333 2.983333 3.083333 3.183333 3.283333 3.383333 3.483333 3.583333 3.683333 3.783333 3.883333 3.983333 4.083333 4.183333 4.283333 4.383333 4.483333 4.583333 4.683333 4.783333 4.883333 4.983333 5.083333 5.183333 5.283333 5.383333 5.483333 5.583333 5.683333 5.783333 5.883333 5.983333 6.083333 6.183333 6.283333
3.716667 3.816667 3.916667 4.016667 4.116667 4.216667 4.316667 4.416667 4.516667 4.616667 4.716667 4.816667 4.916667 5.016667 5.116667 5.216667 5.316667 5.416667 5.516667 5.616667 5.716667 5.816667 5.916667 6.016667 6.116667 6.216667 6.316667 6.416667 6.516667 6.616667 6.716667 6.816667 6.916667 7.016667 7.116667 7.216667 7.316667 7.416667 7.516667 7.616667 7.716667 7.816667 7.916667 8.016667 8.116667 8.216667 8.316667 8.416667 8.516667 8.616667 8.716667 8.816667 8.916667 9.016667 9.116667 9.216667 9.316667 9.416667 9.516667 9.616667
