#ID Type LEN(mile) FFS_car(mile/h) Cap_car(v/hour) RHOJ_car(v/miles) Lane FFS_truck(mile/h) Cap_truck(v/hour) RHOJ_truck(v/miles) Convert_factor(1)
1 PQ 1 99999 99999 99999 1 99999 99999 99999 2.1
2 PQ 1 99999 99999 99999 1 99999 99999 99999 2.1
3 CTM 0.15 35 2200 200 2 25 1200 80 2.1
4 CTM 0.15 35 2200 200 2 25 1200 80 2.1
5 CTM 0.55 35 2200 200 2 25 1200 80 2.1
6 CTM 0.25 35 2200 200 2 25 1200 80 2.1
7 CTM 0.55 35 2200 200 2 25 1200 80 2.1
8 CTM 0.15 35 2200 200 2 25 1200 80 2.1
9 CTM 0.15 35 2200 200 2 25 1200 80 2.1
10 CTM 0.55 35 2200 200 2 25 1200 80 2.1
11 CTM 0.25 35 2200 200 2 25 1200 80 2.1
12 CTM 0.55 35 2200 200 2 25 1200 80 2.1
13 CTM 0.15 35 2200 200 2 25 1200 80 2.1
14 CTM 0.15 35 2200 200 2 25 1200 80 2.1
15 PQ 1 99999 99999 99999 1 99999 99999 99999 2.1
16 PQ 1 99999 99999 99999 1 99999 99999 99999 2.1
17 PQ 1 99999 99999 99999 1 99999 99999 99999 2.1
18 PQ 1 99999 99999 99999 1 99999 99999 99999 2.1
19 PQ 1 99999 99999 99999 1 99999 99999 99999 2.1
20 PQ 1 99999 99999 99999 1 99999 99999 99999 2.1
21 PQ 1 99999 99999 99999 1 99999 99999 99999 2.1