0.000000 294400.000000
0.068999 274440.000000
0.068385 271028.000000
0.067959 269162.900000
0.067099 267859.190000
0.067273 264310.468000
0.066271 263173.725000
0.065561 258441.959940
0.064495 255386.668763
0.063663 251191.079192
0.061926 248093.766588
0.061756 241375.018096
0.058995 238752.519905
0.057889 232961.924747
0.056453 227625.253495
0.054687 220131.578711
0.051863 214210.054027
0.049531 206966.757809
0.045977 198838.335916
0.042368 191357.443720
0.040234 180370.817487
0.036389 174417.418269
0.033755 167740.009726
0.030639 165362.748727
0.028067 163227.626136
0.025647 162838.517838
0.023577 162554.666054
0.021413 162299.199449
0.019402 162069.279504
0.017727 161862.351553
0.015693 161676.116398
0.014429 161508.504758
0.012834 161357.654282
0.011673 161221.888854
0.010543 161099.699969
0.009377 160989.729972
0.008485 160890.756975
0.007678 160801.681277
0.006808 160721.513150
0.006122 160649.361835
0.005570 160584.425651
0.005089 160525.983086
0.004504 160473.384777
0.004156 160426.046300
0.003616 160383.441670
0.003353 160345.097503
0.002996 160413.175984
0.002733 160279.528977
0.002464 160251.576079
0.002222 160226.418472
0.002012 160203.776624
0.001803 160183.398962
0.001603 160165.059066
0.001446 160148.553159
0.001280 160133.697843
0.001133 160120.328059
0.001029 160108.295253
0.000919 160097.465728
0.000828 160087.719155
0.000745 160078.947239
0.000670 160071.052516
0.000603 160063.947264
0.000543 160057.552538
0.000489 160051.797284
0.000440 160046.617555
0.000396 160041.955800
0.000356 160037.760220
0.000321 160033.984198
0.000289 160030.585778
0.000260 160027.527200
0.000234 160024.774480
0.000210 160022.297032
0.000189 160020.067329
0.000170 160018.060596
0.000153 160016.254537
0.000138 160014.629083
0.000124 160013.166175
0.000112 160011.849557
0.000101 160010.664601
0.000091 160009.598141
0.000081 160008.638327
0.000073 160007.774494
0.000066 160006.997045
0.000059 160006.297340
0.000053 160005.667606
0.000048 160005.100846
0.000043 160004.590761
0.000039 160004.131685
0.000035 160003.718517
0.000032 160003.346665
0.000028 160003.011998
0.000026 160002.710799
0.000023 160002.439719
0.000021 160002.195747
0.000019 160001.976172
0.000017 160001.778555
0.000015 160001.600699
0.000014 160001.440630
0.000012 160001.296567
0.000011 160001.166910
