0.000000 159500.000000
0.105861 133588.000000
0.102000 137199.040000
0.101909 133330.956800
0.102424 131629.433344
0.104260 129308.904100
0.103364 126224.880302
0.105896 123086.175731
0.106782 121635.359196
0.106391 118715.802815
0.107244 114489.051114
0.109202 110920.175203
0.109974 107556.442331
0.107305 106301.248439
0.104436 102602.133264
0.118175 96274.825984
0.122435 93723.302651
0.105961 86375.540309
0.070307 81450.389023
0.062925 79294.197236
0.062314 77017.733015
0.045887 72898.329485
0.041854 71367.007853
0.029344 69377.768684
0.024870 67743.877016
0.023186 67530.304961
0.023213 67327.387177
0.020066 66508.313661
0.017600 65838.746780
0.009790 65535.347406
0.008006 65419.572990
0.008746 65467.633491
0.006382 65012.281167
0.008297 64631.840959
0.007056 64955.124335
0.004646 64799.635838
0.006169 64696.692207
0.005911 64378.283068
0.003888 64549.988748
0.003566 64729.989648
0.004099 63961.130807
0.006095 63786.399721
0.003427 63817.927561
0.005906 64277.407503
0.002372 64051.581927
0.002965 63888.869399
0.004945 64115.461797
0.002620 63967.132804
0.005932 63675.502976
0.001150 63773.263555
0.001438 63991.912460
0.002940 63786.992363
0.004508 64288.539642
0.001118 64071.571130
0.002366 63750.484390
0.004281 63771.830697
0.002356 63850.092703
0.005099 63522.278756
0.002354 63749.722337
0.000591 63637.611177
0.001457 63592.548102
0.000578 63536.731654
0.000389 63724.781623
0.001230 63578.112200
0.002111 63634.080012
0.001909 63721.381437
0.002884 63582.832613
0.001029 63665.437555
0.003690 63734.322104
0.001907 63721.271025
0.002726 63673.111004
0.000251 63615.955807
0.001769 63712.497066
0.003581 63928.118385
0.002572 63663.323834
0.002668 63468.881166
0.000165 63710.516177
0.002550 63561.693325
0.003447 63819.207970
0.000077 63804.913293
0.001735 63509.967894
0.001729 63709.991766
0.001690 63607.300455
0.001737 63610.317967
0.000864 63654.920462
0.001743 63710.886142
0.001650 63704.955471
0.003410 63616.174367
0.000045 63702.835393
0.001601 63701.850160
0.003470 63820.668018
0.000047 63503.010754
0.001625 63803.526733
0.002540 63761.527332
0.000830 63652.799396
0.001706 63708.498977
0.000818 63652.030447
0.002551 63661.961713
0.000025 63901.567570
0.001590 63901.423071
