7 6 5 1 2 3 4
0.000000 0.000000 0.000000 11.566667 0.000000 0.000000 0.000000
1.791667 0.000000 0.000000 503.091667 23.758333 0.000000 5.516667
2.600000 0.000000 0.000000 549.450000 37.183333 0.000000 9.291667
2.600000 0.000000 0.000000 572.375000 39.300000 0.000000 9.400000
2.600000 0.000000 0.000000 597.350000 39.400000 0.000000 9.400000
2.600000 0.000000 0.000000 626.400000 39.400000 0.000000 9.400000
2.600000 0.000000 0.000000 655.450000 39.400000 0.000000 9.400000
2.608333 0.000000 0.000000 680.458333 39.358333 0.000000 9.408333
2.600000 0.000000 0.000000 705.458333 39.416667 0.000000 9.400000
2.600000 0.000000 0.000000 694.300000 39.500000 0.000000 9.400000
2.600000 0.000000 0.000000 663.100000 39.500000 0.000000 9.400000
2.600000 0.000000 0.000000 631.900000 39.500000 0.000000 9.400000
2.600000 0.000000 0.000000 600.700000 39.500000 0.000000 9.400000
2.600000 0.000000 0.000000 569.500000 39.500000 0.000000 9.400000
2.600000 0.000000 0.000000 538.300000 39.500000 0.000000 9.400000
2.600000 0.000000 0.000000 507.100000 39.500000 0.000000 9.400000
2.600000 0.000000 0.000000 475.900000 39.500000 0.000000 9.400000
2.608333 0.000000 0.000000 444.700000 39.458333 0.000000 9.408333
2.600000 0.000000 0.000000 413.500000 39.400000 0.000000 9.400000
2.600000 0.000000 0.000000 382.300000 39.400000 0.000000 9.400000
2.600000 0.000000 0.000000 351.016667 39.483333 0.000000 9.400000
2.600000 0.000000 0.000000 319.800000 39.500000 0.000000 9.400000
2.600000 0.000000 0.000000 288.600000 39.500000 0.000000 9.400000
2.600000 0.000000 0.000000 257.400000 39.500000 0.000000 9.400000
2.600000 0.000000 0.000000 226.200000 39.500000 0.000000 9.400000
2.600000 0.000000 0.000000 195.000000 39.500000 0.000000 9.400000
2.600000 0.000000 0.000000 163.800000 39.500000 0.000000 9.400000
2.600000 0.000000 0.000000 132.600000 39.500000 0.000000 9.400000
2.616667 0.000000 0.000000 101.400000 39.375000 0.000000 9.416667
2.600000 0.000000 0.000000 70.125000 39.375000 0.000000 9.400000
2.608333 0.000000 0.000000 38.866667 39.375000 0.000000 9.408333
2.600000 0.000000 0.000000 8.625000 38.375000 0.000000 9.400000
2.600000 0.000000 0.000000 0.000000 15.800000 0.000000 9.400000
0.908333 0.000000 0.000000 0.000000 0.000000 0.000000 1.466667
0.000000 0.000000 0.000000 0.000000 0.000000 0.000000 0.000000
0.000000 0.000000 0.000000 0.000000 0.000000 0.000000 0.000000
0.000000 0.000000 0.000000 0.000000 0.000000 0.000000 0.000000
0.000000 0.000000 0.000000 0.000000 0.000000 0.000000 0.000000
0.000000 0.000000 0.000000 0.000000 0.000000 0.000000 0.000000
0.000000 0.000000 0.000000 0.000000 0.000000 0.000000 0.000000
0.000000 0.000000 0.000000 0.000000 0.000000 0.000000 0.000000
0.000000 0.000000 0.000000 0.000000 0.000000 0.000000 0.000000
