7 6 5 1 2 3 4
0.003000 1.000000 1.000000 0.416979 1.000000 1.000000 1.000000
0.076502 12.000000 12.000000 18.205200 28.577146 12.000000 12.432465
0.093602 12.000000 12.000000 19.889576 60.804615 12.000000 16.646815
0.093602 12.000000 12.000000 20.724223 70.423542 12.000000 16.924978
0.093602 12.000000 12.000000 21.633917 70.940865 12.000000 16.924978
0.093602 12.000000 12.000000 22.692635 70.940865 12.000000 16.924978
0.093602 12.000000 12.000000 23.751969 70.940865 12.000000 16.924978
0.093902 12.000000 12.000000 24.664435 70.723410 12.000000 16.946936
0.093602 12.000000 12.000000 25.577040 71.028696 12.000000 16.924978
0.093602 12.000000 12.000000 25.169584 71.467849 12.000000 16.924978
0.093602 12.000000 12.000000 24.030980 71.467849 12.000000 16.924978
0.093602 12.000000 12.000000 22.893092 71.467849 12.000000 16.924978
0.093602 12.000000 12.000000 21.755918 71.467849 12.000000 16.924978
0.093602 12.000000 12.000000 20.619458 71.467849 12.000000 16.924978
0.093602 12.000000 12.000000 19.483711 71.467849 12.000000 16.924978
0.093602 12.000000 12.000000 18.348676 71.467849 12.000000 16.924978
0.093602 12.000000 12.000000 17.214353 71.467849 12.000000 16.924978
0.093902 12.000000 12.000000 16.080741 71.248272 12.000000 16.946936
0.093602 12.000000 12.000000 14.947839 70.940865 12.000000 16.924978
0.093602 12.000000 12.000000 13.815647 70.940865 12.000000 16.924978
0.093602 12.000000 12.000000 12.681143 71.380019 12.000000 16.924978
0.093602 12.000000 12.000000 11.549766 71.467849 12.000000 16.924978
0.093602 12.000000 12.000000 10.419701 71.467849 12.000000 16.924978
0.093602 12.000000 12.000000 9.290343 71.467849 12.000000 16.924978
0.093602 12.000000 12.000000 8.161691 71.467849 12.000000 16.924978
0.093602 12.000000 12.000000 7.033745 71.467849 12.000000 16.924978
0.093602 12.000000 12.000000 5.906504 71.467849 12.000000 16.924978
0.093602 12.000000 12.000000 4.779967 71.467849 12.000000 16.924978
0.094202 12.000000 12.000000 3.654134 70.810816 12.000000 16.968893
0.093602 12.000000 12.000000 2.526301 70.810392 12.000000 16.924978
0.093902 12.000000 12.000000 1.399773 70.810392 12.000000 16.946936
0.093602 12.000000 12.000000 0.319548 66.626018 12.000000 16.924978
0.093602 12.000000 12.000000 0.036000 18.490956 12.000000 16.924978
0.055201 12.000000 12.000000 0.036000 12.000000 12.000000 12.182237
0.036000 12.000000 12.000000 0.036000 12.000000 12.000000 12.000000
0.036000 12.000000 12.000000 0.036000 12.000000 12.000000 12.000000
0.036000 12.000000 12.000000 0.036000 12.000000 12.000000 12.000000
0.036000 12.000000 12.000000 0.036000 12.000000 12.000000 12.000000
0.036000 12.000000 12.000000 0.036000 12.000000 12.000000 12.000000
0.036000 12.000000 12.000000 0.036000 12.000000 12.000000 12.000000
0.036000 12.000000 12.000000 0.036000 12.000000 12.000000 12.000000
0.036000 12.000000 12.000000 0.036000 12.000000 12.000000 12.000000
