8030
1902
101902
1903
101903
1905
1906
101906
101907
101908
1909
1910
1912
1913
1916
1917
1918
1919
1920
1921
1923
1924
101924
1926
101926
1927
101927
1929
1930
101930
1934
101934
1935
101935
1937
101937
1938
1939
1941
1942
1943
101943
1944
101947
101948
1949
1952
1953
1956
1957
101957
1958
1960
1961
101961
1962
101962
1964
1966
101966
1968
1969
1970
101970
1971
1975
101975
1976
101976
1978
101978
1979
1981
1983
101983
1984
1987
101987
1988
1990
1991
101991
1992
101992
1994
1996
101996
1997
1999
101999
2000
2001
2002
2003
102003
2006
2007
102007
2009
2010
2012
2013
2014
2016
102016
2017
2018
2019
2020
2021
2022
2023
2024
2025
2026
2027
2028
2029
2030
2031
2033
2034
2035
2037
2039
102039
2040
102040
2042
102042
2043
102043
2045
2047
102047
2049
102049
2050
102050
2052
102052
2053
102053
2055
102055
2056
102056
2058
102058
2059
102059
2061
2062
102062
2068
2069
102069
2070
2072
102072
2074
102074
2075
2076
2078
102078
2082
102082
2084
2085
2086
2088
102088
2089
2090
102090
2092
102092
2093
102093
2094
2096
2098
2099
2102
2104
102104
2106
102106
2107
2109
102109
2110
2111
2112
2113
102113
2115
2116
2117
2118
2119
2121
2122
2125
2126
2128
2129
2130
2132
2133
2134
102134
2135
2136
2138
2139
2140
2141
2142
2143
2144
102144
2145
102145
2146
2148
2149
102149
2151
102151
2152
102152
2154
2155
2158
2159
102159
2163
2164
102164
2167
2168
2170
102170
2172
102172
2173
2174
102174
2176
102176
2177
102177
2178
102178
2179
2181
102181
2182
102182
2184
102184
2185
102187
2189
2190
2191
2192
2193
2194
102194
2195
2196
2197
102197
102198
102199
2201
102201
2202
102202
2203
102203
2205
2207
102207
102208
102209
2210
2212
102212
2213
2215
102215
2216
2217
2218
2219
2221
2222
2224
102224
2225
2227
2228
102228
2229
2230
2232
2235
2236
2237
2238
2241
2242
2244
102244
2245
102245
2250
2251
102251
2252
102252
102254
2257
102257
2260
102260
2261
102261
2264
102264
2265
102265
2267
102267
2268
102268
102271
102272
2276
102276
2277
102277
2278
102278
2281
102281
2283
102283
2285
2286
102286
2288
2289
2290
102290
2291
2292
102292
2293
2294
2295
2298
102298
2299
2301
2302
2303
2304
2305
2306
2307
102307
2308
102308
2311
102311
2312
102312
2313
2314
102314
2315
2316
2317
2318
2319
2320
2321
2322
2323
2324
102324
2326
102326
2327
2329
102329
2330
102330
2333
102333
2334
102334
2337
102337
2341
102341
2342
2344
2345
2346
2347
2348
2349
2351
2352
2353
2354
102354
2355
2356
2357
2358
2359
2360
2362
2363
2365
102365
2366
102366
2367
102367
2368
102368
2369
102369
2370
102370
102371
102372
102373
2376
102376
2377
102377
2378
2379
2380
2381
2382
2383
102383
2386
102386
2389
102389
2392
102392
2395
2396
2397
2398
2399
2400
2401
102403
102404
2406
102406
2407
102407
2408
102408
2412
102412
2413
102413
2415
102415
2416
102416
2418
2423
102423
2424
102424
2427
102427
2428
102428
2430
102430
2431
102431
2434
102434
2437
102437
2440
102440
2441
2444
2446
2447
2448
102448
2450
2452
102452
2453
2455
102455
2456
102456
2458
102458
2459
2462
102462
2464
102464
2465
102465
2467
102467
2468
102468
2471
102471
2475
102475
2480
102480
2481
102481
2483
2485
102485
2486
102486
2487
2488
102488
2489
102489
2490
102490
2492
2495
102495
2497
102497
2498
102498
2499
102499
2500
102500
2501
102501
2502
102502
2505
102505
2506
102506
2508
102508
2509
102509
2513
102513
102514
102515
2518
102518
2521
102521
2524
102524
2527
102527
2528
102528
2530
102530
2531
102531
2533
102533
2534
102534
2537
102537
2540
102540
2541
102541
2543
102543
2544
102544
2547
2548
102548
2550
102550
2551
2554
2555
102555
2556
2559
102559
2560
2561
102561
2562
2563
2564
2565
2566
2567
2568
2569
2570
2571
2572
2573
2574
2575
2576
102576
2577
2579
2580
2581
2582
2583
2584
2585
2586
2587
2588
2589
102589
2590
102590
2591
2592
102592
2594
2595
102595
2596
102596
2601
102601
102603
2604
2605
102605
2608
102608
2609
2610
2612
2614
2616
2617
2619
102619
2620
2621
102621
2623
102623
2624
102624
2627
102627
2629
2631
102631
2632
102632
2634
102634
2635
102635
2638
2640
2643
102643
2644
102644
2646
102646
2647
102647
2648
2649
2650
2651
2652
102652
2656
2657
2658
2660
102660
2661
102661
2665
102665
2667
102667
2668
2671
2672
2673
2675
102675
2676
102676
2677
102677
2678
102678
2679
102679
2682
102682
2684
102684
2685
102685
2688
102688
2693
102693
2694
102694
2697
102697
2698
2699
102699
2702
102702
2705
102705
2707
102707
2708
102708
2710
102710
2711
102711
2714
102714
2716
102716
2717
102717
2720
102720
2722
102722
2723
102723
2725
102725
2726
2728
102728
2729
2731
2733
102733
2734
102734
2737
102737
2740
102740
2741
102741
2744
102744
2746
102746
2747
102747
2748
2749
2750
2751
2753
102753
2754
102754
2756
102756
2757
102757
2760
102760
2763
102763
2764
102765
102766
2768
102768
2769
102769
2770
102770
2773
102773
2774
2775
102775
2776
102776
2778
102778
2779
102779
2780
2781
2782
2783
2784
2785
2787
102787
2788
102788
2789
102789
2790
102790
2791
102791
2794
102794
2795
102795
2796
102796
2797
102797
2798
102798
2799
102799
2800
102800
2802
102802
2803
102803
2805
102805
2809
102809
2811
102811
2812
102812
2815
102815
2818
102818
2819
102819
2821
102821
2822
102822
2823
102823
2824
102824
2825
102825
2826
102826
2831
102831
2832
102832
2834
102834
2835
102835
102836
102837
2842
102842
2843
102843
2845
102845
2846
102846
2848
102848
2849
102849
2850
102850
2853
102853
2857
102857
2859
102859
2860
102860
2863
102863
2867
102867
2870
2871
102871
102873
2876
102876
2879
102879
2881
102881
2882
102882
2884
102884
2885
102885
2888
102888
2890
102890
2891
102891
2892
102892
2895
102895
2897
102897
2898
102898
2899
102899
2900
102900
2901
102901
2902
102902
2904
102904
2905
102905
2911
102911
2914
102914
2915
102915
2920
102920
2921
102921
2928
102928
2931
102931
2934
102934
2937
102937
2940
102940
2943
102943
2945
102945
2946
102946
2948
102948
2949
102949
2951
2952
102952
2954
102954
2955
102955
2958
2962
102962
2963
102963
2965
102965
2966
102966
2967
102967
2969
102969
2970
102970
2973
102973
2974
102974
2977
102977
2980
102980
2982
102982
2983
102983
2985
102985
2987
2988
102988
2989
2990
2993
102993
2996
102996
2998
2999
3002
103002
3003
103003
3004
103004
3005
103005
3006
103006
3007
103007
3008
103008
3011
103011
3017
103017
3018
103018
3020
3025
3026
103026
3027
3028
3029
103029
3030
103030
3031
3033
103033
3034
103034
3035
103035
3038
103038
3039
103039
3041
103041
3042
103042
3043
3044
103044
3045
103045
3048
103048
3052
103052
3056
103056
3057
103057
3058
103058
3059
3060
103060
3061
3063
103063
103065
3068
103068
3069
103069
103070
103071
3073
103073
3074
103074
3077
103077
3081
103081
3084
103084
3090
103090
3091
103091
3094
103094
3097
103097
3100
103100
3103
103103
3104
3106
103106
3107
103107
3109
103109
3110
103110
3116
103116
3119
103119
103121
3124
103124
3127
103127
3129
103129
3130
3132
103132
3133
103133
3136
103136
3137
3139
103139
3140
103140
3141
103141
3142
103142
3143
3144
103144
3150
103150
3153
3154
103154
3157
103157
103160
103161
3165
103165
3170
103170
3171
103171
103172
103173
3177
103177
3179
103179
3180
103180
3183
3184
103184
3187
103187
3188
3189
103189
3190
103190
3194
103194
3195
103195
3201
103201
3202
103202
3203
103203
3205
103205
3206
103206
3213
3217
3218
103218
3219
3223
103223
3224
103224
3226
103226
3227
103227
3233
103233
3234
103234
3236
103236
3237
103237
3240
103240
3241
103241
3242
103242
3243
103243
3244
103244
3250
103250
3251
103251
3256
103256
3257
103257
3258
103258
3264
103264
3267
103267
3269
103269
3270
103270
3274
103274
3277
103277
3281
103281
103282
103283
3284
3285
103285
3286
103286
3287
103287
103289
3292
103292
3293
103293
3295
103295
3296
103296
3299
103299
3300
103300
3302
103302
3303
103303
3306
103306
3307
103307
3308
103308
3309
103309
103310
103311
3315
103315
3318
103318
3319
103319
3321
103321
3323
103323
3324
103324
3327
103327
3329
103329
3330
103330
3333
103333
3337
103337
3340
103340
3343
103343
3345
103345
3346
103346
3348
103348
3349
103349
3350
3351
103351
3353
103353
3354
103354
3356
103356
3357
103357
3359
103359
3360
103360
3364
103364
3367
103367
3370
103370
3372
103372
3373
103373
3374
103374
3375
103375
3377
103377
3378
103378
3381
103381
3382
103382
3385
103385
3387
103387
3388
103388
3390
103390
3391
103391
3392
103392
3394
103394
3395
103395
3399
103399
3404
103404
3405
103405
3408
103408
3411
103411
3412
103412
3413
103413
3414
103414
3417
103417
3418
103418
3420
103420
3421
103421
3422
103422
3423
103423
3424
103424
3425
3427
103427
3431
103431
3432
103432
3434
103434
3435
103435
3436
103436
3439
103439
3442
103442
3445
103445
3447
103447
3448
103448
3451
103451
3452
103452
3453
103453
3454
103454
3460
103460
3462
103462
3463
103463
3464
103464
3465
103465
3467
3468
103468
3469
103469
3470
103470
3471
103471
3472
103472
3474
103474
3477
3478
103478
3479
3480
103480
3482
103482
3483
103483
3486
3488
3490
103490
3491
3494
103494
3495
103495
3496
3497
3500
103500
3503
103503
3504
103504
3507
103507
3509
103509
3510
103510
3512
103512
3513
103513
3515
3516
103516
3517
103517
103519
3522
103522
3525
103525
3526
103526
3527
103527
3528
3529
103529
3530
3533
103533
3534
103534
3535
103535
3536
103536
3538
103538
3539
103539
3542
103542
3543
103543
3544
3549
103549
3552
103552
3554
103554
3555
103555
3557
103557
3558
103558
3560
103560
3561
103561
3564
103564
3567
103567
3570
103570
3571
103571
3573
103573
3575
103575
3576
103576
3578
103578
3579
103579
3580
103580
3582
3583
103583
103588
3590
103590
3591
103591
3592
103592
3593
103593
3594
103594
3596
103596
3598
103598
3599
103599
3601
103601
3602
103602
3603
103603
3604
103604
3605
103605
3606
103606
3610
103610
3612
103612
3613
103613
3615
103615
3616
103616
3617
103617
3618
103618
3625
103625
3626
103626
3627
103627
3630
103630
3633
103633
3634
103634
3639
103639
3640
103640
3645
103645
3646
103646
3648
103648
3649
103649
3650
3654
3655
103655
3656
3657
3658
103658
3659
103659
3661
3662
3665
3666
3667
103667
3668
3669
3670
3671
3673
103673
3674
103674
3675
103675
3676
103676
3677
3678
103678
3680
103680
3681
103681
3683
103683
3690
103690
3693
103693
3696
103696
3700
3701
103701
3702
103702
3703
103703
3704
3705
3706
3707
3708
3709
3710
3711
3712
3713
103713
3717
3718
3719
3720
3721
3722
3723
3724
3725
3726
3727
3728
3731
103731
3733
103733
3734
103734
3737
103737
3744
103744
3745
103745
3748
103748
3751
103751
3754
103754
3755
103755
3757
103757
3758
103758
3761
103761
3767
103767
3772
103772
3773
103773
3774
103774
3775
103775
3776
103776
3779
103779
3783
3785
103785
3786
103786
3788
103788
3789
103789
3790
103790
3791
103791
3792
103792
3794
103794
3795
103795
103796
103797
3799
103799
3800
103800
3803
103803
3804
103804
3805
103805
3806
103806
3807
103807
3808
103808
3809
103809
3811
103811
3812
103812
3814
103814
3815
103815
3818
103818
3820
103820
3821
103821
3822
103822
103823
103824
3826
103826
3827
103827
3832
3833
3837
103837
3838
103838
3839
3844
103844
3845
103845
103847
3848
103848
3849
103849
3850
103850
3852
103852
3853
103853
3857
103857
3858
103858
3859
103859
3862
103862
3863
103863
3865
103865
3866
103866
3868
103868
3869
103869
3875
103875
3877
103877
3878
103878
3879
103879
3880
103880
3881
103881
3884
103884
3886
103886
3887
103887
3890
103890
3893
103893
3894
3895
3896
103896
3897
103897
3898
3899
3900
3901
3902
103902
3903
103903
3904
3905
3906
103906
3907
3908
103908
3909
103909
3910
3914
3915
103915
3917
3918
103918
3919
103919
3920
103920
3921
103921
3922
103922
3923
3926
103926
3927
3928
3929
3930
3931
3932
3933
3934
3935
3936
3937
3938
3939
3940
3941
3942
3943
3945
3947
3948
3949
103949
3950
103950
3951
3952
3954
3955
3956
3957
3958
3959
3960
3961
3962
103962
3963
3964
103964
3967
3968
103969
103970
3972
103972
3973
103973
3974
103974
103975
103976
3978
103978
3979
103979
3980
103980
3981
103981
3985
103985
3987
103987
3988
103988
3991
103991
3993
103993
3994
103994
3995
103995
3996
103996
3997
103997
3998
103998
4001
104001
4002
4004
4005
4006
104006
4007
104007
4008
104008
4009
104009
4011
104011
4013
104013
4014
104014
4017
104017
4018
104018
4021
104021
4023
104023
4024
104024
4027
104027
4029
4031
104031
4032
104032
4034
4036
104036
4037
104037
4038
4040
4041
104041
4042
4043
4044
4045
4046
4047
4048
4051
104051
4052
104052
4053
4055
4056
4057
4058
4059
104059
4061
4064
4065
4066
4067
4068
4069
4070
4071
4072
4073
4076
104076
4079
104079
4082
104082
4084
104084
4086
4087
4088
4089
104089
4090
104090
4093
104093
4096
104096
4097
104097
4098
4100
104100
4101
104101
4103
4104
104104
4106
104106
4107
104107
4108
4112
104112
4113
4114
4115
4117
4118
4119
4120
4121
104121
4122
4124
104124
4125
104125
4129
104129
4132
104132
4135
104135
4136
104136
4139
104139
4142
104142
4144
104144
4145
104145
104146
104147
4149
104149
4150
104150
4151
104151
4154
104154
4157
104157
4158
104158
4160
104160
4161
4163
104163
4165
104165
4166
104166
4173
104173
4175
104175
4176
104176
4177
104177
4178
104178
4179
104179
4182
104182
4192
104192
4193
4196
104196
4197
104197
4200
104200
4202
104202
4203
104203
4207
104207
4208
104208
4210
104210
4211
104211
4213
104213
4214
104214
4216
104216
4217
104217
4218
4219
104219
4220
104220
4221
4222
4226
104226
4228
4230
104230
4232
4235
4236
104236
4239
104239
4240
4241
104241
4243
4244
4245
104245
4246
104246
4247
104247
4248
4252
104252
4254
104254
4255
104255
4256
4257
104257
4258
104258
4261
104261
4264
4265
104265
4269
4272
4273
104273
4274
104274
4275
104275
4277
104277
4278
104278
4280
4281
104281
4284
104284
4285
4288
4289
4290
104290
4291
104291
4294
104294
4295
104295
4296
4297
4298
4301
104301
4304
104304
4305
4306
104306
4307
104307
4309
4311
104311
4312
4313
4314
4316
104316
4317
104317
4319
104319
4320
104320
4326
104326
4329
104329
4332
104332
104337
4340
104340
4343
104343
4345
104345
4346
104346
4349
104349
4352
104352
4354
104354
4355
104355
4356
104356
4357
104357
4358
4360
104360
4361
104361
4363
104363
4364
104364
4365
104365
4366
104366
4367
104367
4369
4370
104370
4371
104371
4373
104373
4374
104374
4377
104377
4380
104380
4383
104383
4385
104385
4386
104386
104387
104388
4390
104390
4391
104391
4394
104394
4396
104396
4397
104397
4398
104398
4400
104400
4401
104401
4404
104404
4407
104407
4412
104412
4413
104413
4416
104416
4419
104419
4421
104421
4422
104422
4424
104424
4425
104425
4427
104427
4428
104428
4433
4436
104436
4437
104437
4438
104438
4439
104439
4442
104442
4444
104444
4445
4447
104447
4448
104448
4450
4451
104451
104456
4459
104459
4460
104460
4461
104461
4462
104462
4463
104463
4464
104464
4467
104467
4469
104469
4470
104470
4472
104472
4473
104473
4474
104474
4477
104477
4480
104480
4482
104482
4485
104485
4487
104487
4488
104488
4490
104490
4491
104491
4492
104492
4494
104494
4495
4496
4497
4499
104499
4500
4502
104502
4503
4504
104504
4505
104505
4508
104508
4509
4510
4511
4512
4514
4515
4516
4518
104518
4519
104519
4522
4523
104523
104525
4528
104528
4529
104529
4532
104532
4535
104535
4536
104536
4537
104537
4538
4541
104541
4545
104545
4546
4547
4548
4550
104550
4551
104551
4554
104554
4558
104558
4559
4562
104562
4563
104563
4565
4566
104566
4568
104568
4569
4571
104571
4574
104574
4575
4576
4577
4578
4579
4580
4582
104582
4583
104583
4584
104584
4585
104585
4586
4587
4588
4590
104590
4591
104592
104593
4595
104595
4596
104596
4598
104598
4599
4601
4602
104602
4603
104603
4604
104604
4606
4608
4609
4611
4612
104612
4613
4614
4615
4616
4617
4618
4619
4620
4621
4622
4623
4624
4625
4626
4627
4629
4630
104630
4633
104633
4635
104635
4636
104636
4638
104638
4639
104639
4640
4641
4642
4644
104644
4645
104645
4646
104646
4647
104647
4648
104648
4651
104651
4652
104652
4655
104655
4657
104657
4658
104658
4661
104661
4663
104663
4664
104664
4666
104666
4667
104667
4671
104671
4674
104674
4675
104675
4676
104676
4677
104677
4678
104678
4681
104714
104715
104717
104718
104721
4727
104727
4730
104730
4731
104731
4734
104734
104736
104737
4740
104740
104745
104746
4750
104753
4756
104756
4760
104760
4761
104761
4762
104762
4764
104764
4765
104765
4767
104767
4768
104768
4769
104769
4773
104773
4774
104774
4775
104775
4778
104778
4781
104781
4782
4784
104784
4785
104785
4786
104786
4789
104789
4797
104797
4798
104798
4801
104801
4802
104802
4803
104803
4804
104804
4805
104805
4808
104808
4809
104809
104812
4813
104813
4814
104814
4815
104815
4820
104820
4823
4824
4826
104826
4828
104828
4829
4831
104831
4832
4834
104834
4837
4840
4841
4842
4843
4844
4845
4846
4847
4848
4849
4850
4851
4852
4853
4854
4855
4856
4857
4858
4859
4860
4861
4862
4863
104864
104865
4869
4872
4873
104873
4874
104874
4875
104875
4878
4879
104879
4880
104880
4882
104882
4883
104883
4884
104884
4886
104886
4887
4888
4890
104890
4895
4897
4898
4899
4900
4901
4902
4903
4907
104907
4908
104908
4909
104909
4915
104915
4917
104917
4918
104918
4920
104920
4921
4922
104922
4928
104928
4929
104932
4934
4935
104935
104938
4940
104940
4941
104941
4942
104942
4943
104943
4944
104944
4947
104947
4951
104951
4953
104953
4954
104954
4958
104958
4961
104961
4964
104964
4966
4967
104967
4968
104968
4970
104970
4971
104971
4973
104973
4974
104974
4977
4985
104985
4986
4987
4988
4989
4990
4991
4993
104993
4994
104994
4996
104996
4997
104997
4999
104999
5000
105000
5001
105001
5002
105002
5003
105003
5005
5006
105006
5010
105010
5012
5013
105013
5014
105014
5015
5016
105016
5019
105019
5021
5022
5023
5024
5025
5026
5027
5028
5029
5030
5031
5032
5033
5034
5035
5036
5037
5038
5039
5042
105042
5045
105045
5051
105051
5054
105054
5056
105056
5057
105057
5060
105060
5061
105061
5062
105062
5063
105063
5065
105065
5066
105066
5068
105068
5069
105069
5079
105079
5080
105080
5081
105081
5083
105083
5084
105084
5085
105085
5089
105089
5090
105090
5091
105091
5092
105092
5093
105093
5094
5095
105095
5099
5100
5101
5102
5103
5105
105106
105107
5110
105110
5113
105113
5114
105114
5115
105115
5118
105118
5120
105120
5121
105121
5122
105122
5127
105127
5128
105128
5134
105134
5135
5140
105140
5141
105141
5144
105144
5147
105147
5150
105150
5152
105152
5153
105153
5154
5155
105155
5156
5157
105157
5158
5160
105160
5163
105163
5169
105169
5171
105171
5172
105172
5175
105175
5178
105178
5180
105180
5181
105181
5183
105183
5185
105185
5186
105186
5187
105187
5191
105191
5196
105196
5198
105198
5199
105199
5200
105200
5203
105203
5205
105205
5206
105206
5212
105212
5215
105215
5217
105217
5218
105218
5223
105223
5224
105224
5226
105226
5227
105227
5229
105229
5230
105230
5232
105232
5233
105233
5234
105234
5235
105235
5237
105237
5238
105238
5241
105241
5243
105243
5244
105244
5245
105245
5248
105248
5251
105251
5256
105256
5257
105257
5259
5260
5261
105261
105266
105267
5268
5269
105269
5270
105270
5275
105275
5276
105276
5278
105278
5279
105279
5284
105284
5285
105285
5292
5293
105293
5294
105294
5295
105295
5296
105296
105298
105299
5301
5302
105302
5307
5308
105308
5311
5313
105313
5314
105314
5317
105317
5319
105319
5320
105320
105322
5324
5325
5326
105326
5327
105329
5332
5333
105334
5341
5343
105343
5344
105346
5347
5348
105348
5350
105350
5351
5354
105354
5355
5356
5357
5358
5359
5360
5361
5362
5366
5368
105368
5369
5370
5380
105380
5381
5382
105382
5383
5384
5385
105388
5390
105390
5391
105391
5393
5394
105394
5396
5401
5405
5406
105409
5410
105410
5411
105411
5412
105417
105418
5420
105420
5421
105421
5424
105424
105426
105427
5430
105433
5435
105435
5436
105440
105441
5444
105447
5449
105449
5450
105450
5453
105453
105455
105456
5459
105459
5460
105463
105464
5467
105467
5470
105470
5471
105471
5472
105472
5473
105473
5476
105476
5482
5483
105483
5485
5486
105486
5490
105490
5491
105491
5493
105493
5494
5501
105501
5502
105502
5505
105505
5506
5507
105507
5509
5510
5511
5512
5513
105513
5514
5515
5516
5517
5518
5519
105520
105521
5526
105526
5527
5528
5529
5530
105530
5531
5532
105532
5533
105533
5536
105536
5537
5539
105539
5540
105540
5543
5544
105544
5547
105547
5548
105569
5572
105578
105581
105584
5585
105585
5586
5587
105587
5590
105590
105593
5595
105595
5596
5599
5601
105601
5602
5605
5606
5607
5608
5609
5610
5611
5613
105613
5614
105614
5616
105616
5617
105617
5619
5620
5621
5622
5623
5624
5625
5626
5627
5628
5629
5630
5631
5632
5633
5634
5635
5636
5638
105638
5639
105639
5643
105643
5645
105645
5646
105646
5648
105648
5649
105649
5651
105651
5652
105652
5654
105654
5655
105655
5657
105657
5658
105658
5660
105660
5661
105661
5664
105664
5667
105667
5670
105670
5672
105672
5673
105673
5675
105675
5676
105676
5682
105682
5684
105684
5685
105685
5688
105688
5690
5691
105691
5692
5694
105694
5695
105695
105697
5702
105702
5703
105703
5706
105706
5708
105708
5709
105709
5715
105715
5716
105716
5718
105718
5719
5722
105722
5727
105727
5728
5731
5734
105734
5736
105736
5737
105737
105739
5741
105741
5742
105742
5744
105744
5745
5748
105748
5750
105750
5751
105751
5752
105752
5753
105753
5754
105754
5755
5756
5757
5759
105759
5760
5761
5764
105764
5767
105767
5770
105770
5771
5772
5778
105778
5782
5783
105783
5786
105786
5788
105788
5789
105789
5790
105790
5791
5792
105792
5795
105795
5797
5798
105798
5799
105799
5800
105800
5801
105801
5803
105803
5804
105804
105806
105807
5809
105809
5810
105810
5816
105816
5819
105819
5821
105821
5822
105822
5828
105828
5830
105830
5831
5838
105841
5844
105844
5846
105846
5847
5848
105848
5851
105851
5854
105854
5857
105857
5860
105860
105862
105863
5864
105864
5865
105865
5866
105866
5868
105868
5869
105872
5874
5875
105875
105878
5880
105880
5881
5884
105884
5887
105889
105890
5892
105892
5893
105893
5895
5896
105896
5898
105898
5899
105899
5902
105902
105908
5911
105911
5912
105912
5913
105913
5914
105914
5917
105917
5920
105920
5921
105921
5922
105922
5924
5925
105925
5926
5927
5930
5931
5932
5933
5934
5935
5936
5937
5938
5939
5940
105940
5941
5942
5944
105946
5947
5948
105948
5949
105949
105952
5953
105953
5954
105954
5955
105955
5958
105958
5960
105960
5961
105961
5963
105963
5964
105964
5967
105967
5969
105969
5970
105970
5976
105976
5977
105977
5978
105978
5979
105979
5980
105980
5981
105981
5982
105982
5985
105985
5987
105987
5988
105988
5989
105989
5991
105991
5992
105992
5995
105995
5998
105998
5999
105999
6001
106001
6002
106002
6004
106004
6006
106006
6007
106007
6009
106009
6012
106012
6019
106019
6020
106020
6023
106023
6028
106028
6029
106029
6031
106031
6032
106032
6034
106034
6035
106035
6041
106041
6047
106047
6048
106048
6049
106049
6050
106050
6051
106051
6054
106054
6057
106057
6066
106066
6067
106067
6068
106068
6069
106069
6071
106071
6072
6074
106074
6079
106079
6080
106080
6081
106081
106083
6084
106084
6085
106085
6086
106086
6092
106092
6094
106094
6095
106095
6096
106096
6100
106100
6102
6103
106103
6105
6106
106106
6108
106108
6109
106109
6110
106110
6116
106116
6118
106118
6119
106119
6125
106125
6126
106126
6128
106128
6129
106129
6132
106132
6142
106142
6145
106145
6146
106146
6147
106147
6152
106152
6153
106153
6155
106155
6156
106156
6160
106160
6162
106162
6163
106163
6164
106164
6165
6166
6171
106171
6172
6175
6176
106176
106179
6185
106185
6188
106188
6192
106192
6209
106209
6211
6212
6214
106214
106217
6253
106256
6262
106262
6263
106266
6271
106271
6272
6279
6280
6281
106281
106283
106284
6286
6287
106287
106290
6293
106293
6296
6313
106313
6314
106314
6315
106315
106318
6322
106322
6323
106323
6324
6325
6328
106328
6333
106333
6335
106335
6336
106336
6339
106339
6341
6342
106342
6343
6344
6345
6346
6347
6348
6349
6350
6353
106353
6354
6355
6356
6357
6359
106359
6360
106360
6362
106362
6363
106363
6364
106364
6366
106366
6367
106367
6369
106369
6370
6372
106372
6373
106373
6376
106376
6377
6380
106380
6385
106385
6388
106388
6390
106390
6391
106391
6393
106393
6394
106394
6395
106395
6396
106396
6397
106397
6398
6399
6400
6401
6402
6403
6404
6405
6406
6407
6408
6411
106411
6414
106414
6417
106417
6418
6420
106420
6421
106421
6424
106424
6425
6427
106427
6433
6434
106434
6435
106435
6436
6438
6439
6446
106446
6447
106447
6449
6450
106453
6455
6456
106456
6458
106458
6459
106459
6460
106460
6461
6462
106462
106464
6465
106465
6466
106466
6467
106467
6470
106470
6474
106474
6475
106475
106482
6485
106485
6486
6487
6493
6495
106495
6496
106496
6498
106498
6499
106499
6502
106502
6509
106509
6512
106512
6514
106514
6515
106515
6518
106518
6520
106520
6521
106521
6526
106526
6527
106527
6530
106530
6531
106531
6532
106532
6533
106533
6535
106535
6536
106536
6538
106538
6539
106539
6543
106543
6545
6546
6547
6548
6549
6550
6551
6552
6553
6554
6555
6557
106557
6558
6561
106561
6562
106562
6563
106563
6564
6565
106565
6566
6567
106567
6569
106569
6570
6575
106575
6577
6578
6579
106579
6580
106580
6581
6584
106584
6586
106586
6587
106587
6590
106590
6593
106593
6599
106599
6601
106601
6602
106602
6605
106605
6608
106608
6611
106611
6612
106612
6615
106615
6617
106617
6618
106618
6621
106621
6624
106624
6630
106630
106632
106633
6636
106636
6639
106639
6641
6642
6644
106644
6645
6646
6647
6648
6649
6650
6651
106653
6661
106661
106663
6666
106666
6672
106672
6675
106675
6678
106678
6681
106681
6686
106686
6687
106687
6689
6690
6691
6692
6693
6695
106695
6696
106696
6699
106699
6701
106701
6702
106702
6704
106704
6705
106705
6708
106708
6710
106710
6711
106711
6712
106712
6713
106713
6714
106714
6715
106715
6716
106716
6717
106717
6718
106718
6719
106719
6720
106720
6723
106723
6724
106724
6725
106725
6726
106726
6728
106728
6729
6732
6734
106734
6735
6738
6739
6740
6741
6742
6743
6744
6748
106748
6749
106749
6750
106750
6756
106756
6759
106759
6760
6761
6762
6763
6764
6765
6766
6767
6768
6769
6770
6771
6772
6773
6774
6775
6776
6777
6778
6780
106780
6781
6782
106782
6783
106783
6784
106784
6786
106786
6787
6788
106788
6789
106789
6792
6793
6794
6795
6796
6797
6798
6799
6800
6803
106803
6804
6806
106806
6807
106807
6809
106809
6810
106810
6813
106813
6815
106815
6816
106816
6821
106821
6823
106823
6824
106824
6827
106827
6828
106828
6829
106829
6831
6833
106833
6834
106834
6835
6837
106837
6838
6846
6847
6848
6849
6850
6851
6857
6858
106860
106863
106865
106866
6869
6878
106878
6879
106879
6883
6884
6885
6886
6887
6888
6891
106891
6893
106893
6894
106894
6897
6898
6899
6900
6901
6902
6903
6904
6905
6906
106906
6907
6908
6909
106909
6910
106910
6911
106911
6912
106912
6913
106913
6914
106914
6915
106915
106916
106917
6920
106920
6921
106921
6924
106924
6925
106925
6926
106926
6929
106929
6934
106934
6935
6938
6940
106940
6941
6943
6944
106944
6946
106946
6949
6951
106951
6952
106952
6954
6957
6958
6959
6960
6961
6962
6963
6964
6965
6966
6967
6968
6969
6970
6971
6972
6973
6974
106994
106995
6996
106996
6997
106997
7000
107000
7001
7004
7009
107009
7010
107010
7013
7014
7015
7016
7017
7018
7019
7020
7021
7022
7023
7024
7026
7027
107027
7029
107029
7030
107030
7031
107031
7033
107033
7034
107034
7035
107035
7037
7038
107038
7041
107041
7044
107044
7045
7046
7047
7048
7049
107051
107052
107057
107058
7062
7065
107065
7067
7068
107068
7075
7076
107076
7077
107077
7078
7079
7080
7084
107084
7085
7086
107086
7087
7088
7089
107092
107094
107097
7098
107098
7099
107099
7100
7103
7106
7107
7108
7109
7110
7111
7112
107115
7118
107118
7119
107119
7120
107120
7121
107121
7122
7125
7128
107128
7129
107129
7130
107130
7131
7132
107132
7133
107133
7136
7137
7138
7139
7140
7141
7143
107143
7144
107144
7146
107146
7147
107147
7149
107149
7150
107150
7152
107152
7153
107153
7154
107154
7155
107155
7156
107156
7157
107157
7159
107159
7160
107160
7164
107164
7167
107167
7171
107171
7173
107173
7174
107174
7176
107176
7177
107177
7180
107180
7186
107186
7189
107189
7194
107194
7196
107196
7197
107197
7200
107200
7201
107201
7202
107202
7203
107203
7215
107215
7217
107217
7218
107218
7220
107220
7222
107222
7223
7225
107225
7228
7229
7230
7231
7232
107234
107235
7237
7238
107238
7239
7240
7242
107242
7245
7247
107247
7248
7249
107249
7250
107250
7251
107251
7257
107257
7260
107262
107263
7266
107266
7267
107267
7269
107269
7270
107270
7276
107276
7277
7278
7279
7280
107280
7281
107281
7282
7283
7284
107284
7285
107287
107288
7305
7307
107307
7315
107315
107317
107318
7322
7323
7324
107324
7325
7328
7329
107329
7330
7356
107356
7357
107357
7360
107360
7362
107362
7363
107363
7364
107364
7365
107365
7366
107366
7367
107367
7370
107370
7373
107373
7376
107376
7379
107379
7380
107380
7383
107383
7386
107388
7391
107391
7394
107394
7396
107396
7397
107397
7399
107399
7400
107400
7403
107403
7406
107406
7408
107408
7409
107409
7411
7412
7413
107413
7414
7415
107415
7416
107418
107419
7422
107422
7425
107425
7426
107426
7427
107427
7428
107428
7430
107430
7431
107431
7433
7434
107434
7437
107437
107439
7443
107443
7445
107445
7446
7449
107449
7450
107453
107456
7457
107457
7458
107458
7459
7461
107461
7462
107462
7463
7464
107464
7466
7467
107467
7468
107468
7469
107471
7473
107473
7474
107474
7477
107477
7480
107480
107482
107483
7485
107485
7486
7488
107488
7489
107489
7493
7494
7495
107497
107498
7499
107499
7500
7501
107501
7503
107503
7504
107504
7506
107506
7508
107508
7509
107509
7510
7511
7512
7571
107571
7573
107573
7575
107579
7590
107590
7591
107591
7599
7601
7602
7603
7606
107606
107608
107609
7612
107612
7613
107613
7616
107616
7618
107618
7619
107619
7620
107620
107622
107630
7632
107632
7633
7635
107635
7636
7638
7639
107639
7640
7641
7642
7643
7644
7645
7646
7647
7648
7651
7665
107665
7666
107666
107667
107668
7671
107671
7673
107673
7674
107674
7675
107675
7682
107682
107684
7690
107690
7692
107692
7693
7698
107698
7699
107699
107703
107704
7706
107706
7707
107707
7708
107708
7710
107710
7711
107711
7712
107712
7714
7718
107718
7719
7720
107720
7721
107721
7728
7729
7730
7731
7732
7733
7736
7738
107738
7739
107739
7741
107741
7742
107742
7744
107744
7745
107745
7748
107748
107750
107751
7753
107753
7754
107754
7755
107755
7756
7757
107757
7761
107761
7763
107763
7765
107765
7767
107767
7768
7771
7774
107774
7775
7776
7777
7780
7781
107784
7786
107786
7787
107787
7789
107789
7790
107790
7792
107792
7793
7796
107796
7799
107799
107801
7804
107804
7805
107805
7807
107807
7808
107808
7810
7811
107811
7812
7815
107815
7816
7818
107818
7819
7822
107822
7823
7826
107826
7828
107828
7829
7830
7831
7832
7833
7834
7835
7836
7837
7838
7839
7840
7841
7842
107844
7846
107846
7847
107847
7848
107850
107851
7854
107854
7856
7857
7858
107858
7859
107859
7860
107862
107866
7869
107869
7872
107872
7873
107873
7874
107874
7877
107877
107878
107879
7882
107882
107885
7888
107888
7889
107889
7892
107892
7895
7898
107898
7901
107901
7902
107902
7904
7905
107905
107907
107908
7911
107911
7914
107914
107920
7923
107923
7928
107928
7929
107929
7932
107932
107938
7942
107942
107944
7950
107953
7958
7959
7964
7965
107968
107971
7974
107974
7976
107976
7977
107977
7978
7980
7981
107981
7986
107986
7987
107987
7989
107989
7990
107990
7991
107991
7994
107994
7995
7996
107996
7997
107997
108000
8005
108005
8006
108006
8007
108007
8010
108010
8016
108016
8017
108017
8018
108018
8019
108019
8021
108021
8022
108022
8023
108023
8027
108027
108030
8037
108037
8039
108039
8040
108040
8042
108042
8043
108043
8046
108046
8049
108049
108050
108051
8054
8055
108055
108058
8067
108067
8070
108070
8072
108072
8073
108073
8074
8075
8076
108076
108079
108081
108082
8090
108090
8092
8093
108093
8096
108096
8101
8102
108102
8103
8115
108115
8116
108116
8118
108118
8119
108119
8120
108120
8121
108121
8122
8125
8126
8128
108128
8130
8131
108131
8132
8133
8134
8136
108136
8139
108139
8141
8142
8143
8144
8145
8146
8147
8148
8149
8150
8151
8152
8153
8154
8155
8156
8157
8158
8159
8160
8161
8164
108164
8167
108167
8170
8171
108171
8172
8174
108174
8175
108175
8180
108180
8181
108181
8184
108184
8187
108187
8190
108190
8193
108193
8196
108196
8199
108199
8202
108202
108203
108204
108205
108206
8208
108208
8209
108209
8215
108215
8220
108220
8221
108221
8223
108223
8226
108226
8228
8229
108229
8230
108230
8232
108232
8233
108233
108238
108239
8241
108241
8242
8245
108245
8248
108248
8250
108250
108253
8254
8255
108255
8256
108256
108259
8261
108261
8266
108266
8267
108267
8269
108269
8270
8271
108271
8272
108272
8273
108273
8274
108274
8276
8277
108277
108279
8281
108281
8283
108283
8284
8286
108286
8290
108290
8291
8294
108294
8297
108297
8301
8302
8303
8304
8305
8306
8307
8308
8309
8310
108312
108313
8315
108315
8316
108316
8322
108322
8324
108324
8325
8326
108326
8327
108327
8328
8330
8332
108332
8333
108333
8334
108334
8337
108337
8338
108338
8341
108341
8342
108342
8344
108344
8345
108345
8348
108348
108355
108356
8360
108360
8363
8365
108365
8367
108367
8368
8370
108370
8371
8373
108373
8374
108374
8375
108375
8376
8379
8380
8381
8382
8383
8384
8385
8386
8387
8388
8389
108389
8390
8392
108392
8393
8398
8399
108399
8454
108454
8455
108455
8457
108457
8458
8460
108460
8461
8463
8464
108464
8466
8467
108467
8471
8472
8473
8474
8475
8476
8477
108479
108480
8483
108483
8484
108484
8486
108486
8491
108491
8496
108496
8497
108497
8500
108500
8502
108502
8503
8506
8507
8508
8509
8510
108517
8529
108529
8530
8533
108533
8535
108535
8536
8537
8538
108538
8539
108539
108542
8544
108544
8545
108545
8546
8548
8549
8550
8553
108553
8556
108556
8562
108562
8573
108573
8574
108576
108577
8580
108580
8589
8590
8591
8592
8593
108594
8597
8598
108600
8602
108602
8603
108603
8605
108605
8606
8607
108607
8608
108608
8609
8611
8612
108612
8613
108613
8614
8615
108615
8618
8621
8622
8623
8624
8625
8626
8627
8628
8629
8630
8635
108635
8636
108636
8641
8642
8643
8644
8645
8646
8647
8648
108650
108651
8653
8654
8655
8657
108657
8658
108658
8659
108659
8661
8662
108662
8665
108665
108668
8670
8675
8676
108676
8678
108678
8679
108679
8680
8681
8682
8684
108684
8686
108686
8689
8690
8691
8692
8704
108704
8707
108707
8708
8717
108717
8718
8721
108721
8722
108722
8727
108727
8738
108738
8741
108747
108804
8813
108813
8815
8816
108816
108820
8822
108822
8823
8825
108825
8827
108827
8829
8830
108830
8831
8832
8833
8834
8835
8836
8837
8838
8839
8963
108963
9072
109072
9073
109073
9076
9077
9078
9079
9080
9082
109082
9085
9087
9088
9089
9090
9091
9092
9095
10054
10055
110058
10086
110086
10087
110087
10094
110094
10095
110097
10106
110108
10543
110625
110626
10628
110628
10629
110629
10631
110631
10633
10634
10635
10636
10638
110638
10639
10640
10641
10643
110643
10644
110644
10645
110645
10648
110648
10649
110649
10650
110650
10651
110651
10652
110652
10653
110653
10655
110655
10656
110656
110657
110658
10660
110660
10661
10662
110662
10663
110663
10667
110667
10668
110668
10674
110674
10675
10680
110680
10683
110683
10684
10685
10686
10687
10688
10689
10690
10691
10692
10693
10695
10696
10697
10698
10700
10702
10703
110703
10704
110704
10706
110706
10707
110707
10708
10710
110710
10711
110711
10713
110713
10714
10715
110715
10716
10717
10720
10721
110721
10722
110722
10723
110723
10724
110724
10726
10728
110728
10729
110729
10732
10734
10736
110736
10737
110737
10738
110738
10742
10743
10744
10745
10746
10747
10748
10749
10750
10751
10752
10753
10754
10756
10758
110760
110761
10763
10764
110764
10766
110766
10767
10769
10770
110770
10771
110771
10776
110776
10777
110777
10778
110778
10780
10781
10783
110783
10784
10786
110786
10787
10788
110788
10789
110789
10790
110790
10791
10796
110796
10797
10800
10802
110802
10803
10804
10806
10807
10809
10810
10811
10812
10814
10815
110815
10817
10820
110820
10821
110821
10824
110824
10828
10829
10830
10831
10832
10833
10834
10835
10836
10837
10838
10839
10840
10841
10842
10843
10844
10845
10846
10847
10848
10849
10850
10851
110853
10855
10857
10860
110879
10882
10883
110883
110897
110898
10900
110900
10901
110901
110904
10906
110906
10907
10908
110908
10909
110909
10912
10920
10924
10934
10935
10936
10937
10938
10939
10951
11007
11562
111562
111632
111633
11636
111636
11927
11928
111928
11929
111929
11930
11931
111931
11932
111932
12009
112009
12010
12035
112035
12045
12046
12047
12048
12049
12050
12051
12052
12054
12055
112055
12056
112056
12057
112057
12058
112058
12060
12061
12062
112062
12063
12064
12065
12067
12068
112070
112071
12076
112076
12077
112077
12079
112079
12080
112080
12082
112082
12083
112083
12086
112086
12089
112089
12091
112091
12092
112092
12095
112095
12119
112119
12121
112121
12122
112122
12124
112124
12125
12136
112136
112144
112145
112149
112151
112152
12155
112155
12161
112161
12162
112162
112163
112164
12168
112168
12174
112174
12175
12177
112177
12178
12180
112180
12181
112181
12184
112184
12186
112186
12189
12192
112192
12193
12194
12199
12202
112202
112204
12207
112207
12208
112208
12215
12216
112216
112219
12222
112222
12235
12236
112576
112604
112605
12686
12687
112687
12688
12695
12707
12708
12709
12710
12711
12730
112730
12749
12754
112754
12755
12757
112757
12758
12760
112760
12763
12764
12765
12766
12767
112767
12768
12770
12772
12773
112773
12774
112774
12775
12829
112829
12830
112830
12843
112843
12844
112844
12853
112853
12856
112856
12859
12861
12862
112862
12863
12864
112864
12865
112865
112869
112870
12871
112871
12872
112872
12873
112873
12874
112874
12877
112877
12878
112878
12880
112880
12883
112883
12884
12887
112887
12891
12894
12897
112898
112899
112900
112901
12904
112904
12907
112907
12908
112908
12910
12911
112913
12918
12919
12920
12921
112921
12922
12924
112924
12927
12928
12929
12930
12931
112933
112934
12937
112937
12940
12945
112945
12946
112946
12949
112952
12954
112954
12955
112955
12957
112957
12958
12959
12963
112963
12964
112964
12967
112967
12974
112974
12975
112975
12976
112976
12977
12979
112979
12980
12981
12985
12987
12989
12991
12992
112992
12993
12994
12997
112997
113001
113013
13015
13017
113017
13019
113019
13020
113020
13022
113022
13023
13025
13026
13027
13035
13046
113046
13057
113057
13060
113060
13063
113063
13069
13074
13075
113075
13125
13126
13149
13150
113150
113170
13182
13365
13366
13367
113367
113376
113382
13386
113386
13387
113387
113388
13391
13392
13393
13394
113412
113413
113457
13466
13467
113467
113470
13480
113480
13481
113481
13482
13485
13487
113487
13488
113488
13490
113490
13491
113491
13492
13493
13494
13496
13498
13499
13502
13503
113503
13504
13505
113505
13506
113506
13507
113507
13508
13510
13511
113511
13514
13517
13518
13520
113520
13521
113521
13523
113523
13524
113524
13527
13534
113534
13536
13537
113540
13542
113542
13543
113543
13544
13546
113546
13547
113547
13550
113550
113553
13554
113554
13555
13556
113556
13559
13560
13561
13562
113562
13563
13564
13565
13566
113566
13567
113569
13572
13576
13577
13578
13579
13580
13581
113584
113585
113586
113587
13588
113588
13589
113589
13590
113590
13594
113594
13595
113595
13597
13598
113598
13599
113599
13600
13603
13606
13607
13608
13610
13611
13612
13613
13614
13615
13616
13617
13618
13619
13620
113621
113622
13625
113625
13636
13637
113637
13638
113638
13639
113639
13642
113642
13644
13647
13648
13649
13650
13651
13652
13653
113654
113655
13657
113657
13659
113659
13661
113661
13662
113662
113665
13668
13669
113669
13670
113670
13671
13672
13674
113674
13675
13678
13679
13680
13681
13682
13683
13684
13685
13686
13687
13688
13689
13690
13691
13692
113692
13693
113693
13699
113699
13700
113700
13701
13702
113702
13703
113703
13704
13705
13706
13707
13708
13709
13712
113712
13714
113714
13715
113715
13716
13717
13718
13719
13720
13721
13722
13723
13724
13725
13727
113727
13728
113728
13730
113730
13731
113731
13734
113734
13736
13737
113737
13738
13739
13744
13745
13746
13747
13748
13749
13750
13751
13752
13753
13754
13755
13759
13760
13761
13762
13763
13764
13765
13766
13767
13768
13769
13770
13771
13772
13773
13774
13775
13776
13777
13778
13779
13783
13784
13870
113870
13872
13877
113877
13885
113885
13886
113886
13888
113888
13889
13892
13894
13895
113895
13896
113896
113899
13900
13901
13902
13903
13904
13905
13907
13909
13914
13915
113915
113918
13933
13934
13935
13936
13937
13938
113956
13966
13968
113968
13976
113976
13986
113986
13987
113989
113990
13992
113992
13993
113993
113996
13998
113998
13999
113999
14002
114002
14008
114008
14010
114010
14011
14014
14016
114016
14017
14019
114019
14022
14023
14024
14025
14026
14027
14028
14029
14030
14031
14032
14033
14034
114036
14040
114040
14041
114041
14053
114053
14057
14058
14059
14120
114120
14121
114180
14181
114181
14182
14183
114183
14186
14187
14188
14189
14197
114197
14198
14200
14201
114201
14203
114203
14204
14207
114207
14210
114210
114213
114216
14217
114217
14218
14219
114219
14220
14221
114221
14223
14224
14225
14226
14227
14228
14229
14230
14231
114231
14232
114232
14233
14234
14237
114237
114239
114240
14243
14244
114244
14254
114256
14258
14259
14260
114262
114267
14269
114269
14270
114270
14272
114272
14273
114273
14274
114274
14275
114275
14276
114276
114278
114279
14281
114281
14282
114282
14283
114283
14285
114285
14286
114286
14287
14291
114291
14292
114292
14293
14295
114295
14296
14298
114298
14299
14301
114301
14304
14307
14308
14309
14310
14311
14312
114314
114315
14319
114319
14325
14327
114327
14328
14330
14331
14335
14336
14337
14338
14339
14340
14350
114350
14353
114353
14355
114355
14356
114356
14357
114357
14358
114358
14359
114359
14360
114360
14361
114361
14362
114362
14365
114365
14367
114367
14368
114368
14374
114374
14376
114376
14377
114377
14380
114380
114381
14385
114385
14386
114386
14391
114391
14392
114395
114398
14402
14403
114403
14404
114404
14405
114411
14413
14414
114414
114417
14420
114420
14422
114422
14423
114425
114426
14427
114427
14428
114428
14429
114429
14432
114432
14433
14434
114434
14438
114438
14441
14446
14447
14448
14449
14450
14451
14452
14453
14454
14455
14456
114458
14462
114462
14465
114465
114473
114475
114476
14483
114483
14486
114486
114488
114489
14491
114491
14492
114492
14501
114501
14502
14504
114504
14505
114505
114507
114508
14513
114513
14514
114514
114519
14524
114524
114525
114526
14529
114529
14534
114534
14535
114535
14536
114536
14537
114537
14538
114538
14541
114541
14543
114543
14544
14546
114546
14547
114547
14548
14551
114551
14552
114552
14562
114562
14565
114565
14566
114566
14571
114571
14572
114572
14576
114576
14578
114578
14579
114579
14581
114581
14586
114586
14587
114587
114589
114590
14594
114594
14595
14596
14598
114598
14599
114599
14602
114602
114607
114608
14610
114610
14611
114611
14615
114615
14620
114620
14621
14624
14625
114825
114826
14828
114828
14829
114829
14831
114831
14832
14835
14841
14842
14843
14844
14845
14846
14850
114850
14851
114851
14854
114854
14855
114855
114868
114869
14872
114872
14873
14874
14875
14876
14877
14878
14880
14882
14885
114885
14888
14892
14893
114893
14933
14934
14935
114935
14949
114949
14950
114950
114953
14955
114955
14956
114956
14966
114966
14967
114967
14970
114970
14971
114971
14972
14974
14976
14977
14978
14979
14981
14982
14983
14988
114988
14989
114989
14991
114991
14992
14995
14999
15000
15001
15002
15003
15004
15207
115207
15209
115209
15212
115216
15219
115219
15220
115223
15227
115227
15229
15230
115232
15338
115338
115376
115379
15385
115385
15386
15388
15389
15390
15391
15392
15393
15394
115416
15418
15423
15424
15425
115425
15426
15428
115428
15429
15430
15432
15433
15434
15435
15436
15437
15438
15439
15440
15441
15442
15443
15444
115447
15450
115467
15470
115470
15474
115474
115504
115505
15507
115510
115511
15513
115513
15514
115514
15520
115520
115525
115526
115530
15534
115534
15576
115576
15577
115577
15579
115579
15580
15582
115582
15583
15584
15585
15586
15588
115588
15589
115589
15591
115591
15592
15594
115594
15595
15597
115597
15598
15601
15602
15603
15604
15605
15606
15607
15608
15609
15610
15611
115614
115615
15619
115619
15623
15624
15625
115735
115736
15744
115744
15745
15748
15749
15750
15751
15756
115756
15757
115757
15759
115759
15760
115760
15763
15764
115764
15766
115766
15767
15771
115774
115777
15779
115779
15780
115780
15781
115781
15784
115784
15790
115790
15793
115793
15800
115800
15801
115801
15810
115812
15815
115815
15816
115816
15817
115817
15818
115818
15819
115819
15820
15822
115822
15825
15827
115827
15828
15830
15831
115835
15843
115850
115854
15858
115858
15878
115878
115885
15895
115895
15897
115897
15898
115898
15926
16037
116037
116052
16056
16058
16059
116059
16074
116074
16076
116076
16077
116077
16079
116079
16080
116080
16083
116083
16085
116085
16086
116086
16088
116088
16090
116090
16091
116091
16093
116093
16094
116094
16097
116097
16110
116110
16111
16112
16116
16117
116117
16121
116121
16122
16130
16131
16132
116132
16133
16134
16135
16136
16137
16138
16139
116139
16140
116140
16141
16144
116144
16145
116145
16146
16149
16150
16152
16153
16154
16161
16162
116162
16165
116165
16175
16176
16178
16179
16180
116188
116189
16192
116192
16206
116206
16207
116207
16209
116209
16210
116210
16214
16221
116221
16222
16223
16224
116224
16225
16226
16227
16228
16230
16231
16232
16233
16234
16235
16236
16237
16238
16240
116240
16243
16244
16245
16246
116246
16248
16249
16250
16251
16276
116276
16282
16283
16284
16285
16286
16287
16290
116290
16294
16295
16296
16297
16299
16300
16301
116301
16302
16303
16304
16305
16306
16307
16310
116310
16313
116313
16315
116315
16316
116316
16319
116319
16322
116322
16325
16326
16327
16328
16331
16332
16333
16334
16336
16337
16338
16339
16340
16341
16343
16344
116344
16345
16347
116347
16350
16352
16353
16354
16355
16356
16357
16358
16359
16363
116363
16364
116364
16365
116367
16371
16372
116372
16373
16376
116376
16377
16379
116379
16382
16383
16384
16385
16386
16387
16388
16390
116390
16391
16394
16395
16396
16397
16398
16399
16400
16401
16402
16403
16404
16405
16408
16409
16414
16415
16422
116422
16423
16502
16503
16504
16505
16508
16509
16510
16511
16512
16513
16514
16515
16516
16517
16518
16519
16520
16521
16522
16523
16524
16525
16526
16529
16530
16531
16532
16533
16535
16536
116536
16537
16538
16539
16540
16543
116543
16544
16545
16546
116546
16547
16548
16549
16550
16551
16552
16553
16554
16555
16556
16557
16559
116564
16570
16571
16573
16574
116574
16575
16578
16579
16580
16581
16582
16612
16613
16614
116640
16646
16648
16649
16650
16651
16656
116656
16657
16659
116659
16661
116661
16663
16665
16666
16668
16669
116669
16671
16673
16674
16676
16677
116677
16679
16680
16683
16684
16687
16691
16692
16693
16694
116696
116697
16699
116699
16700
16702
16703
16704
16705
16706
16707
16708
16709
16712
16716
116716
16717
116717
16720
16721
16723
116723
16726
16727
16728
16732
16735
16736
16737
16738
16739
16740
116740
16742
16744
16745
116745
16746
16748
16750
16751
16753
16786
16787
16798
16799
16800
116800
16801
116801
16802
16803
16804
16806
16807
16808
16809
16810
16811
16815
16816
16817
16818
16819
116819
16820
116820
16821
16822
16823
16824
16825
16826
16829
16832
116832
16834
16835
116835
16836
16837
16838
16841
16844
16847
116847
16848
16849
16850
16854
16855
16856
16857
16858
16859
116859
16860
116860
16863
16864
16866
116866
16869
16870
16871
16873
116873
16876
16877
16878
16886
116886
16887
116887
16918
116918
16919
16920
16922
116925
16929
16936
16937
16938
16939
16956
16957
16958
116958
16959
116959
16963
16964
116964
16965
116965
16970
17027
117027
17030
117030
17032
17037
17080
117080
17081
117081
17082
117082
17083
17084
117084
17085
117085
117095
17133
117133
17134
17135
17136
117136
17137
17138
117143
17151
17152
117152
17156
17159
117159
17162
117162
17164
117164
17165
117165
17168
117168
17191
17202
117202
17203
117203
17228
17229
17230
17231
17232
17235
17236
17243
17246
17256
17270
17293
17296
17305
17316
117316
17317
117317
17320
117320
17385
117385
17391
117391
17451
117451
17476
17478
117478
17479
17500
117500
17559
17560
17561
17622
117622
17646
17649
17764
117764
17767
17770
117770
17773
17776
17777
17778
17801
17802
117802
17803
17804
17805
17806
17807
17808
17810
17811
117811
17812
17815
117870
17872
117872
17873
17874
17876
17877
17878
17902
17903
17904
117904
17907
117907
17911
17912
17913
17916
17921
17922
17923
17924
17925
17926
17927
17928
17930
117930
17932
117932
17933
17935
117935
17938
17939
17940
17941
17942
17943
17944
17946
117946
17948
117948
17949
17951
117951
17952
17957
17958
17959
17960
17961
17962
17963
17964
17965
17966
17967
17968
17969
17970
17971
17972
17973
17976
117976
17978
117978
17986
17988
17990
117998
118014
18068
118176
122644
22650
122652
22655
22657
22658
22659
122684
22707
