0.000000 1005530537.661674
1.750620 1154946327.590322
0.050773 62373981395175958912831165477956006010463712679737813912085931023959952573995825569641741235468861346785153654373044233197650503582815139808326204992618895006835482201044188908101570898577805490012349414086063828205360915338850352261421197974235040548102590331359040230564662180954303546292726398976.000000
0.026304 116492953579391931027987082855971870434386711831734137091585145604075139138784600755843316452362431718765454838126205830936989433900701607819152658558642966711822804536665583365831002928060473824661902804719459571259985921889613390631983638666448167821671111048395564494867983605440331170835282788352.000000
0.011582 162533171828503401716931935730176305940265041556591165553788973957139901043780155713931097450632550506340405685473878723860858849853739662354827212461825751828557479407615885157887286992842411554260545279723319188042000924714457051713219514176688566820284468917072400627799243579890787338161318002688.000000
0.027801 219133199149951312583312489266173179489899729607527284357856508311398246647061743003084030298054680352744860285188885190395925083373543891844368696794017833309687755013396392945274615718798600628174682589063257623116674261728264125942115087717942472948753831308239138841521273480561185298562863333376.000000
0.074577 278510166873330109209660307166911871845849577417005641120037019775881803831729890740997144546195483288838781189872136214626530387431296588020672481189797123255776670539649692892176868032329334772760474135542340362541056417327734327832460741981999920200008107773506355099908769387744292667273737404416.000000
0.010154 306407314151506540167892662993913393344623424137954053897363891934030896372999015181388392537048193705947880547772822948444138122306176651248199041192183101623328054274989321893177675245631470669797794980010422930959891382170465223341954392865678592710453114236582585015371076129267852645048579522560.000000
0.014982 341149768382874283626238246327394614138230709473978969147044429940963823459469096460531846686157346201717299019100059794674835579651191059836728807952461718452458453441405193938757854109271896431519642547919807285627476574412608082130836979351729211089476749476686486044877458376951112798993968529408.000000
0.024541 409383448203166500519011867560302588947504711683034016505219513889865589222363397454756494874731165592510323387366192596756703180350668886032457223766725009150631916268553966298012394975241088758213542167558009247822048547329068373041475550715321604113151280487242055631274382594853177703431711752192.000000
0.015039 447995086555567691806367400521813209592998601347480035072124523902578788953463254668780996741683740350885569859201561451532971287645915514315214838412947184253873127803967067152073815941589867864409750524926628982120757907612012932352751704092026834327955501245290159166252934017613381456880962895872.000000
0.056876 510336234274925294022474860002050319956836996523388792676170813746034335998876790255965471469424865723029858400977254917709356259820548741748011492734137227537684750690329802410834703919488203362656435279908961055286454164658537157792961302352692414948827108592888947556554654968276725520432847912960.000000
0.013409 539648169073568411220417392905744896174971904703866758835555498744034654784314192369020084635412088167607682697238080626428275441202976148883415411992314620257461043587514997105888636141854007947856563612713888889043923438851997476041617272699932761053231139277322107730779488781308721098316004196352.000000
0.040967 611285308820051913615861200858103146986551010101148808696136688070149653669499638495818298421834222309486712388489721744879055273734057480063200621565571367700567434767629281327500631304298590440587440306574092385189846859824437537570114075169046032772417075718294666371059727351623070724723805519872.000000
0.013641 647440965053637339394934073975583511759026440934381532224836112670769228034694869134152193413172607844667180385037904706126714650508988475525118278813511865266577667065784096729125568637182579937547761286635112151781764501885588673861761047541012746624954497871398974871483753075436442442116032888832.000000
0.042718 715396689238248334144486832138321972779085576361949846141989339530011798837082773562724033994405130277458094833719950867161342358385112295037512803610190696349241172236175792261519544501701653124955978961804313415382479438215374628676510155384036922621677674392778412892804135498706576889672500248576.000000
0.015731 738343395050993668281226196109513673926315263549523799654682398330548360629413385028412225915847379645542728404476714728160304803377005770204658556993972681448654115396037913643459167121375299171946349268758128296649786841328531980568464637789591633578655206846999735744634180587061734394189668417536.000000
0.030075 807675670002388855341763863755608834869932021436041267194359982111935278248761905001589897474774083554172650413917087098633285817837534626015127649939140049483846052664063814022325953529954504405989480427697882459873482079236248450276320995982606115184401562285388555270596424100735371763620987797504.000000
0.011837 841188107068625824478775747547514152193734760134062249008284240133010768657216392757190181437954737953710995715277706919595577909249660954153984850194395781162073528857188768531436948953057089808637993854415377078133634433541424437137094862408204379094643230337927170119372522526029392497147346157568.000000
0.034151 909125527295942518172081983924955088262706864069393483273118467994978663473728169810230053901873497328900242435822891929861231456956404102688334552944285998420155696594795422179769707884123330040117869493103663648429675554970883786212586137080735957180784732356404065455058194617687500268968389640192.000000
0.010330 941628388440755445534795124232959289377465775323853835517291832813429729501843458050763090787380961528951801889701787108588105673519558829969303118534737919133168469169692952749314391316863313018610183658440313603585874317789436838969260835148793380835352995978260120276993921530421532477270788145152.000000
0.013498 993610327798153826898403720719353270629060519006135319129836038895168466628496357997857900963433487555304217385861056172597271302374761905441179050180211711551981600433327297044429262539399441057141067168913319647361721637625724275040225928378374392927604398456050460976392695699951920520785391779840.000000
0.019615 1054219486936335868787456018925287673401777802353904782151191630321205870902131418187217183689703197184190194543314455027919133109043433178303362220393944138206617471393292262796861502986225827764320618546504129259961294934492237873662622267626432209631185455520183317513630113881307469521804129730560.000000
0.036588 1141267174503078066099913725755181953614582191142621446711271708640483211076062700338422699608239872097880890010042007550535089093531270941518067516611409145822320065381645386209685413860597485038965649043868029680033918861840898318546632781458342266400662111980901086060031437495984176055194268729344.000000
0.010345 1164810863639725126610289530404503135990567989577847908211085339386442723991768694855328374407655862024322071627634846049636308179179533835788734597693238212857980257634729352068702732407221858817494928641802647499226215513148111419522709361591538273823822688125946601771458627595766843105497151700992.000000
0.036594 1271525994588322849464636692596984855312445622981046542256434062388295727806457866940247615963575235460391086415329486216603021685769061981080560096812587247033387815000663209604991357430112943485344599179401128059022470290544710037196170651094618720877108128478200720847126207736427742911070103142400.000000
0.031083 1327355247981941376702959977147612790885802945251634216314111078082073598010215921205409193596410076726131223412474053116321983663698109021146560077356838974565305292695150561811902029347537433027202595637561602439118517496175069481106374979280472420739501150174049893191611051112404615507149945044992.000000
0.009048 1356178679869495996558382963137413249480368710480821622938488489488798246297621805028563386649809198075219224242531789216655245164318200783415663274278395412049264130313380444018864764993501033753366416430640852675170496693522651280063692482550490374762093448633548549177289322555484696673172712325120.000000
