timestamp (intervals), driving_link_ID, car_inflow, truck_inflow, car_tt (s), truck_tt (s), car_fftt (s), truck_fftt (s), car_speed (mph), truck_speed (mph)
0 8 0.000000 0.000000 0.036000 0.036000 0.036000 0.036000 99999.000000 99999.000000
0 106 0.000000 9.000000 0.036000 16.510800 0.036000 0.036000 99999.000000 218.039100
0 7 340.000000 51.000000 4.007200 4.007200 0.036000 0.036000 898.382895 898.382895
0 6 16.000000 13.000000 56.571429 84.100000 56.571429 79.200000 35.000000 23.543401
0 101 0.000000 9.000000 0.036000 39.503600 0.036000 0.036000 99999.000000 91.130935
0 2 298.000000 58.000000 63.657143 88.260000 56.571429 79.200000 31.104129 22.433719
0 1 387.000000 61.500000 20.503600 18.003600 0.036000 0.036000 175.578922 199.960008
0 3 89.000000 12.500000 58.971429 85.100000 56.571429 79.200000 33.575581 23.266745
0 4 258.500000 41.500000 65.657143 80.280000 56.571429 79.200000 30.156658 24.663677
0 5 101.500000 24.000000 58.100000 93.260000 56.571429 79.200000 34.079174 21.230967
180 8 22.500000 0.000000 2.518000 0.036000 0.036000 0.036000 1429.706014 99999.000000
180 106 0.000000 9.000000 0.036000 25.500000 0.036000 0.036000 99999.000000 141.176471
180 7 551.000000 63.000000 5.000000 5.000000 0.036000 0.036000 720.000000 720.000000
180 6 62.500000 18.000000 62.600000 85.100000 56.571429 79.200000 31.629393 23.266745
180 101 0.000000 9.000000 0.036000 50.000000 0.036000 0.036000 99999.000000 72.000000
180 2 382.000000 49.000000 69.314286 90.420000 56.571429 79.200000 28.565540 21.897810
180 1 628.000000 65.500000 55.000000 28.000000 0.036000 0.036000 65.454545 128.571429
180 3 233.500000 25.500000 75.128571 104.840000 56.571429 79.200000 26.354820 18.885921
180 4 310.500000 31.000000 70.657143 85.100000 56.571429 79.200000 28.022645 23.266745
180 5 261.500000 40.500000 65.971429 89.760000 56.571429 79.200000 30.012993 22.058824
360 8 15.000000 0.000000 5.000000 0.036000 0.036000 0.036000 720.000000 99999.000000
360 106 0.000000 9.000000 0.036000 27.500000 0.036000 0.036000 99999.000000 130.909091
360 7 572.000000 37.000000 5.000000 5.000000 0.036000 0.036000 720.000000 720.000000
360 6 37.000000 3.000000 59.600000 80.180000 56.571429 79.200000 33.221477 24.694438
360 101 0.000000 9.000000 0.036000 50.000000 0.036000 0.036000 99999.000000 72.000000
360 2 375.000000 23.500000 72.500000 87.260000 56.571429 79.200000 27.310345 22.690809
360 1 568.500000 28.500000 30.500000 24.000000 0.036000 0.036000 118.032787 150.000000
360 3 206.000000 14.000000 71.657143 83.020000 56.571429 79.200000 27.631579 23.849675
360 4 351.000000 22.500000 67.500000 87.260000 56.571429 79.200000 29.333333 22.690809
360 5 222.500000 20.000000 63.442857 106.760000 56.571429 79.200000 31.209187 18.546272
540 8 45.000000 0.000000 5.000000 0.036000 0.036000 0.036000 720.000000 99999.000000
540 106 0.000000 9.000000 0.036000 27.000000 0.036000 0.036000 99999.000000 133.333333
540 7 334.000000 64.500000 5.000000 5.000000 0.036000 0.036000 720.000000 720.000000
540 6 42.500000 10.500000 56.571429 80.520000 56.571429 79.200000 35.000000 24.590164
540 101 0.000000 9.000000 0.036000 50.000000 0.036000 0.036000 99999.000000 72.000000
540 2 269.000000 69.500000 62.314286 89.420000 56.571429 79.200000 31.774415 22.142697
540 1 366.500000 70.500000 76.500000 21.000000 0.036000 0.036000 47.058824 171.428571
540 3 72.500000 10.000000 58.442857 79.940000 56.571429 79.200000 33.879247 24.768576
540 4 226.500000 56.500000 65.157143 83.180000 56.571429 79.200000 30.388073 23.803799
540 5 83.500000 20.500000 57.414286 100.920000 56.571429 79.200000 34.486191 19.619501
720 8 45.500000 0.000000 5.000000 0.036000 0.036000 0.036000 720.000000 99999.000000
720 106 0.000000 9.000000 0.036000 26.003600 0.036000 0.036000 99999.000000 138.442369
720 7 643.500000 35.000000 5.000000 5.000000 0.036000 0.036000 720.000000 720.000000
720 6 113.500000 5.500000 73.471429 88.600000 56.571429 79.200000 26.949251 22.347630
720 101 0.000000 9.000000 0.036000 50.000000 0.036000 0.036000 99999.000000 72.000000
720 2 450.000000 19.000000 67.314286 91.920000 56.571429 79.200000 29.414261 21.540470
720 1 746.000000 30.000000 44.500000 28.500000 0.036000 0.036000 80.898876 126.315789
720 3 312.000000 20.000000 98.657143 116.920000 56.571429 79.200000 20.069505 16.934656
720 4 315.000000 16.500000 68.814286 84.680000 56.571429 79.200000 28.773095 23.382145
720 5 353.000000 24.000000 70.628571 89.260000 56.571429 79.200000 28.033981 22.182389
