timestamp (intervals), bus_transit_link_ID, bus_transit_link_type, passenger_inflow, tt (s), fftt (s)
0 33 3 32.000000 1.850000 1.500000
0 32 3 0.000000 2.000000 2.000000
0 31 3 0.000000 1.500000 1.500000
0 30 3 0.000000 2.000000 2.000000
0 29 3 40.000000 1.850000 1.500000
0 28 3 0.000000 2.000000 2.000000
0 27 3 0.000000 1.500000 1.500000
0 26 3 36.000000 141.700000 2.000000
0 25 3 25.000000 1.850000 1.500000
0 24 3 0.000000 2.000000 2.000000
0 11 3 0.000000 1.500000 1.500000
0 10 3 83.000000 271.900000 2.000000
0 9 3 0.000000 1.500000 1.500000
0 8 3 37.000000 244.400000 2.000000
0 7 3 0.000000 1.500000 1.500000
0 6 3 127.000000 316.900000 2.000000
0 2 3 0.000000 60.000000 60.000000
0 1 3 285.000000 120.000000 120.000000
0 3 3 36.000000 20.000000 20.000000
0 4 3 0.000000 20.000000 20.000000
0 5 3 72.000000 120.000000 120.000000
0 12 3 0.000000 2.000000 2.000000
0 201 2 40.000000 56.548000 53.639999
0 13 3 0.000000 1.500000 1.500000
0 202 2 40.000000 65.968002 65.520003
0 14 3 0.000000 2.000000 2.000000
0 203 2 40.000000 40.463999 39.959999
0 15 3 0.000000 1.500000 1.500000
0 204 2 11.000000 29.152001 26.280001
0 16 3 0.000000 2.000000 2.000000
0 205 2 11.000000 94.592003 92.880003
0 17 3 0.000000 1.500000 1.500000
0 206 2 11.000000 65.520003 65.520003
0 18 3 0.000000 2.000000 2.000000
0 207 2 0.000000 54.775999 53.639999
0 19 3 0.000000 1.500000 1.500000
0 208 2 25.000000 39.959999 39.959999
0 20 3 0.000000 2.000000 2.000000
0 209 2 25.000000 65.520003 65.520003
0 21 3 0.000000 1.500000 1.500000
0 210 2 0.000000 28.888000 27.360000
0 22 3 0.000000 2.000000 2.000000
0 211 2 32.000000 29.652001 26.280001
0 23 3 11.000000 1.500000 1.500000
180 33 3 90.000000 2.200000 1.500000
180 32 3 0.000000 2.000000 2.000000
180 31 3 3.000000 1.500000 1.500000
180 30 3 0.000000 2.000000 2.000000
180 29 3 90.000000 1.500000 1.500000
180 28 3 0.000000 2.000000 2.000000
180 27 3 0.000000 1.500000 1.500000
180 26 3 156.000000 507.500000 2.000000
180 25 3 90.000000 1.500000 1.500000
180 24 3 10.000000 118.700000 2.000000
180 11 3 0.000000 1.500000 1.500000
180 10 3 96.000000 356.000000 2.000000
180 9 3 0.000000 1.500000 1.500000
180 8 3 57.000000 258.500000 2.000000
180 7 3 0.000000 1.500000 1.500000
180 6 3 54.000000 639.000000 2.000000
180 2 3 46.000000 60.000000 60.000000
180 1 3 195.000000 120.000000 120.000000
180 3 3 156.000000 20.000000 20.000000
180 4 3 0.000000 20.000000 20.000000
180 5 3 183.000000 120.000000 120.000000
180 12 3 0.000000 2.000000 2.000000
180 201 2 90.000000 53.639999 53.639999
180 13 3 0.000000 1.500000 1.500000
180 202 2 90.000000 65.520003 65.520003
180 14 3 0.000000 2.000000 2.000000
180 203 2 90.000000 40.963999 39.959999
180 15 3 0.000000 1.500000 1.500000
180 204 2 49.000000 26.280001 26.280001
180 16 3 0.000000 2.000000 2.000000
180 205 2 49.000000 92.880003 92.880003
180 17 3 0.000000 1.500000 1.500000
180 206 2 49.000000 65.968002 65.520003
180 18 3 0.000000 2.000000 2.000000
180 207 2 3.000000 54.775999 53.639999
180 19 3 0.000000 1.500000 1.500000
180 208 2 90.000000 39.959999 39.959999
180 20 3 0.000000 2.000000 2.000000
180 209 2 90.000000 66.968002 65.520003
180 21 3 0.000000 1.500000 1.500000
180 210 2 3.000000 33.888000 27.360000
180 22 3 13.000000 91.600000 2.000000
180 211 2 90.000000 32.524000 26.280001
180 23 3 49.000000 1.500000 1.500000
360 33 3 90.000000 2.200000 1.500000
360 32 3 0.000000 2.000000 2.000000
360 31 3 31.000000 1.500000 1.500000
360 30 3 0.000000 2.000000 2.000000
360 29 3 87.000000 2.200000 1.500000
360 28 3 0.000000 2.000000 2.000000
360 27 3 0.000000 1.500000 1.500000
360 26 3 152.000000 1308.500000 2.000000
360 25 3 75.000000 2.200000 1.500000
360 24 3 17.000000 105.000000 2.000000
360 11 3 0.000000 1.500000 1.500000
360 10 3 11.000000 76.200000 2.000000
360 9 3 0.000000 1.500000 1.500000
360 8 3 26.000000 206.700000 2.000000
360 7 3 0.000000 1.500000 1.500000
360 6 3 106.000000 341.500000 2.000000
360 2 3 69.000000 60.000000 60.000000
360 1 3 135.000000 120.000000 120.000000
360 3 3 152.000000 20.000000 20.000000
360 4 3 0.000000 20.000000 20.000000
360 5 3 208.000000 120.000000 120.000000
360 12 3 0.000000 2.000000 2.000000
360 201 2 87.000000 53.775999 53.639999
360 13 3 0.000000 1.500000 1.500000
360 202 2 87.000000 65.520003 65.520003
360 14 3 0.000000 2.000000 2.000000
360 203 2 87.000000 40.463999 39.959999
360 15 3 0.000000 1.500000 1.500000
360 204 2 49.000000 26.280001 26.280001
360 16 3 0.000000 2.000000 2.000000
360 205 2 49.000000 92.880003 92.880003
360 17 3 0.000000 1.500000 1.500000
360 206 2 49.000000 99.312002 65.520003
360 18 3 0.000000 2.000000 2.000000
360 207 2 31.000000 55.912000 53.639999
360 19 3 0.000000 1.500000 1.500000
360 208 2 75.000000 39.959999 39.959999
360 20 3 0.000000 2.000000 2.000000
360 209 2 75.000000 67.968002 65.520003
360 21 3 0.000000 1.500000 1.500000
360 210 2 17.000000 41.152000 27.360000
360 22 3 26.000000 152.600000 2.000000
360 211 2 90.000000 35.524000 26.280001
360 23 3 49.000000 1.500000 1.500000
540 33 3 90.000000 2.200000 1.500000
540 32 3 0.000000 2.000000 2.000000
540 31 3 21.000000 1.500000 1.500000
540 30 3 0.000000 2.000000 2.000000
540 29 3 90.000000 1.500000 1.500000
540 28 3 0.000000 2.000000 2.000000
540 27 3 0.000000 1.500000 1.500000
540 26 3 57.000000 1250.000000 2.000000
540 25 3 16.000000 1.500000 1.500000
540 24 3 13.000000 68.500000 2.000000
540 11 3 0.000000 1.500000 1.500000
540 10 3 39.000000 178.600000 2.000000
540 9 3 0.000000 1.500000 1.500000
540 8 3 12.000000 50.700000 2.000000
540 7 3 0.000000 1.500000 1.500000
540 6 3 58.000000 346.000000 2.000000
540 2 3 60.000000 60.000000 60.000000
540 1 3 105.000000 120.000000 120.000000
540 3 3 57.000000 20.000000 20.000000
540 4 3 0.000000 20.000000 20.000000
540 5 3 201.000000 120.000000 120.000000
540 12 3 0.000000 2.000000 2.000000
540 201 2 90.000000 53.639999 53.639999
540 13 3 0.000000 1.500000 1.500000
540 202 2 90.000000 68.468002 65.520003
540 14 3 0.000000 2.000000 2.000000
540 203 2 90.000000 47.467999 39.959999
540 15 3 0.000000 1.500000 1.500000
540 204 2 16.000000 26.280001 26.280001
540 16 3 0.000000 2.000000 2.000000
540 205 2 16.000000 118.516002 92.880003
540 17 3 0.000000 1.500000 1.500000
540 206 2 16.000000 70.416002 65.520003
540 18 3 0.000000 2.000000 2.000000
540 207 2 21.000000 56.275999 53.639999
540 19 3 0.000000 1.500000 1.500000
540 208 2 16.000000 39.959999 39.959999
540 20 3 0.000000 2.000000 2.000000
540 209 2 16.000000 65.520003 65.520003
540 21 3 0.000000 1.500000 1.500000
540 210 2 17.000000 32.388000 27.360000
540 22 3 22.000000 218.900000 2.000000
540 211 2 90.000000 33.524000 26.280001
540 23 3 16.000000 1.500000 1.500000
720 33 3 90.000000 1.850000 1.500000
720 32 3 0.000000 2.000000 2.000000
720 31 3 15.000000 1.850000 1.500000
720 30 3 0.000000 2.000000 2.000000
720 29 3 45.000000 1.850000 1.500000
720 28 3 0.000000 2.000000 2.000000
720 27 3 0.000000 1.500000 1.500000
720 26 3 100.000000 1200.000000 2.000000
720 25 3 59.000000 1.850000 1.500000
720 24 3 3.000000 42.400000 2.000000
720 11 3 0.000000 1.500000 1.500000
720 10 3 104.000000 19.700000 2.000000
720 9 3 0.000000 1.500000 1.500000
720 8 3 59.000000 14.400000 2.000000
720 7 3 0.000000 1.500000 1.500000
720 6 3 7.000000 34.900000 2.000000
720 2 3 23.000000 60.000000 60.000000
720 1 3 180.000000 120.000000 120.000000
720 3 3 100.000000 20.000000 20.000000
720 4 3 0.000000 20.000000 20.000000
720 5 3 150.000000 120.000000 120.000000
720 12 3 0.000000 2.000000 2.000000
720 201 2 45.000000 53.639999 53.639999
720 13 3 0.000000 1.500000 1.500000
720 202 2 45.000000 65.520003 65.520003
720 14 3 0.000000 2.000000 2.000000
720 203 2 45.000000 39.959999 39.959999
720 15 3 0.000000 1.500000 1.500000
720 204 2 26.000000 26.280001 26.280001
720 16 3 0.000000 2.000000 2.000000
720 205 2 26.000000 92.880003 92.880003
720 17 3 0.000000 1.500000 1.500000
720 206 2 26.000000 65.520003 65.520003
720 18 3 0.000000 2.000000 2.000000
720 207 2 15.000000 53.639999 53.639999
720 19 3 0.000000 1.500000 1.500000
720 208 2 59.000000 39.959999 39.959999
720 20 3 0.000000 2.000000 2.000000
720 209 2 59.000000 66.416002 65.520003
720 21 3 0.000000 1.500000 1.500000
720 210 2 6.000000 30.124000 27.360000
720 22 3 9.000000 63.700000 2.000000
720 211 2 90.000000 31.524000 26.280001
720 23 3 26.000000 1.850000 1.500000
