33 32 31 30 29 28 27 26 25 24 211 23 10 9 8 7 6 5 1 2 3 4 11 12 201 13 202 14 203 15 204 16 205 17 206 18 207 19 208 20 209 21 210 22
1.500000 2.000000 1.500000 2.000000 1.500000 2.000000 1.500000 2.000000 1.500000 2.000000 18.550286 1.500000 2.000000 1.500000 2.000000 1.500000 2.000000 120.000000 120.000000 60.000000 20.000000 20.000000 1.500000 2.000000 38.093144 1.500000 46.800000 2.000000 28.321714 1.500000 18.550287 2.000000 66.342857 1.500000 46.800000 2.000000 38.093142 1.500000 28.321715 2.000000 46.800000 1.500000 19.542857 2.000000
1.500000 2.000000 1.500000 2.000000 1.500000 2.000000 1.500000 2.000000 1.500000 2.000000 18.550286 1.500000 2.000000 1.500000 2.000000 1.500000 2.000000 120.000000 120.000000 60.000000 20.000000 20.000000 1.500000 2.000000 38.093144 1.500000 46.800000 2.000000 28.321714 1.500000 18.550287 2.000000 66.342857 1.500000 46.800000 2.000000 38.093142 1.500000 28.321715 2.000000 46.800000 1.500000 19.542857 2.000000
1.500000 2.000000 1.500000 2.000000 1.500000 2.000000 1.500000 2.000000 1.500000 2.000000 18.550286 1.500000 2.000000 1.500000 2.000000 1.500000 2.000000 120.000000 120.000000 60.000000 20.000000 20.000000 1.500000 2.000000 38.093144 1.500000 46.800000 2.000000 28.321714 1.500000 18.550287 2.000000 66.342857 1.500000 46.800000 2.000000 38.093142 1.500000 28.321715 2.000000 46.800000 1.500000 19.542857 2.000000
1.500000 2.000000 1.500000 2.000000 1.500000 2.000000 1.500000 2.000000 1.500000 2.000000 18.550286 1.500000 2.000000 1.500000 2.000000 1.500000 2.000000 120.000000 120.000000 60.000000 20.000000 20.000000 1.500000 2.000000 38.093144 1.500000 46.800000 2.000000 28.321714 1.500000 18.550287 2.000000 66.342857 1.500000 46.800000 2.000000 38.093142 1.500000 28.321715 2.000000 46.800000 1.500000 19.542857 2.000000
1.500000 2.000000 1.500000 2.000000 1.500000 2.000000 1.500000 2.000000 1.500000 2.000000 18.550286 1.500000 2.000000 1.500000 2.000000 1.500000 2.000000 120.000000 120.000000 60.000000 20.000000 20.000000 1.500000 2.000000 38.093144 1.500000 46.800000 2.000000 28.321714 1.500000 18.550287 2.000000 66.342857 1.500000 46.800000 2.000000 38.093142 1.500000 28.321715 2.000000 46.800000 1.500000 19.542857 2.000000
1.500000 2.000000 1.500000 2.000000 1.500000 2.000000 1.500000 2.000000 1.500000 2.000000 18.550286 1.500000 2.000000 1.500000 2.000000 1.500000 2.000000 120.000000 120.000000 60.000000 20.000000 20.000000 1.500000 2.000000 38.093144 1.500000 47.570286 2.000000 29.092000 1.500000 18.550287 2.000000 66.342857 1.500000 46.800000 2.000000 38.093142 1.500000 28.321715 2.000000 46.800000 1.500000 19.542857 2.000000
1.500000 2.000000 1.500000 2.000000 1.500000 2.000000 1.500000 2.000000 1.500000 2.000000 18.550286 1.500000 2.000000 1.500000 2.000000 1.500000 2.000000 120.000000 120.000000 60.000000 20.000000 20.000000 1.500000 2.000000 38.093144 1.500000 46.800000 2.000000 28.321714 1.500000 18.550287 2.000000 66.342857 1.500000 46.800000 2.000000 38.093142 1.500000 28.321715 2.000000 46.800000 1.500000 19.542857 2.000000
1.500000 2.000000 1.500000 2.000000 1.500000 2.000000 1.500000 2.000000 1.500000 2.000000 18.550286 1.500000 2.000000 1.500000 2.000000 1.500000 2.000000 120.000000 120.000000 60.000000 20.000000 20.000000 1.500000 2.000000 38.093144 1.500000 46.800000 2.000000 28.321714 1.500000 18.550287 2.000000 66.342857 1.500000 46.800000 2.000000 38.093142 1.500000 28.321715 2.000000 46.800000 1.500000 19.542857 2.000000
1.500000 2.000000 1.500000 2.000000 1.500000 2.000000 1.500000 2.000000 1.500000 2.000000 18.550286 1.500000 2.000000 1.500000 2.000000 1.500000 2.000000 120.000000 120.000000 60.000000 20.000000 20.000000 1.500000 2.000000 38.093144 1.500000 47.587885 2.000000 29.109598 1.500000 18.550287 2.000000 66.342857 1.500000 46.800000 2.000000 38.093142 1.500000 28.321715 2.000000 46.800000 1.500000 19.542857 2.000000
1.500000 2.000000 1.500000 2.000000 1.500000 2.000000 1.500000 2.000000 1.500000 2.000000 18.550286 1.500000 2.000000 1.500000 2.000000 1.500000 2.000000 120.000000 120.000000 60.000000 20.000000 20.000000 1.500000 2.000000 38.093144 1.500000 46.800000 2.000000 28.321714 1.500000 18.550287 2.000000 66.342857 1.500000 46.800000 2.000000 38.093142 1.500000 28.321715 2.000000 46.800000 1.500000 19.542857 2.000000
1.500000 2.000000 1.500000 2.000000 1.500000 2.000000 1.500000 2.000000 1.500000 2.000000 18.550286 1.500000 2.000000 1.500000 2.000000 1.500000 2.000000 120.000000 120.000000 60.000000 20.000000 20.000000 1.500000 2.000000 38.093144 1.500000 46.800000 2.000000 28.321714 1.500000 18.550287 2.000000 66.342857 1.500000 46.800000 2.000000 38.093142 1.500000 28.321715 2.000000 46.800000 1.500000 19.542857 2.000000
1.500000 2.000000 1.500000 2.000000 1.500000 2.000000 1.500000 2.000000 1.500000 2.000000 18.550286 1.500000 2.000000 1.500000 2.000000 1.500000 2.000000 120.000000 120.000000 60.000000 20.000000 20.000000 1.500000 2.000000 38.093144 1.500000 46.800000 2.000000 28.321714 1.500000 18.550287 2.000000 66.342857 1.500000 46.800000 2.000000 38.093142 1.500000 28.321715 2.000000 46.800000 1.500000 19.542857 2.000000
1.500000 2.000000 1.500000 2.000000 1.500000 2.000000 1.500000 2.000000 1.500000 2.000000 18.550286 1.500000 2.000000 1.500000 2.000000 1.500000 2.000000 120.000000 120.000000 60.000000 20.000000 20.000000 1.500000 2.000000 38.093144 1.500000 46.800000 2.000000 28.321714 1.500000 18.550287 2.000000 66.342857 1.500000 46.800000 2.000000 38.093142 1.500000 28.321715 2.000000 46.800000 1.500000 19.542857 2.000000
1.500000 2.000000 1.500000 2.000000 1.500000 2.000000 1.500000 2.000000 1.500000 2.000000 18.550286 1.500000 2.000000 1.500000 2.000000 1.500000 2.000000 120.000000 120.000000 60.000000 20.000000 20.000000 1.500000 2.000000 38.093144 1.500000 46.800000 2.000000 28.321714 1.500000 18.550287 2.000000 66.342857 1.500000 46.800000 2.000000 38.093142 1.500000 28.321715 2.000000 46.800000 1.500000 19.542857 2.000000
1.500000 2.000000 1.500000 2.000000 1.500000 2.000000 1.500000 2.000000 1.500000 2.000000 18.550286 1.500000 2.000000 1.500000 2.000000 1.500000 2.000000 120.000000 120.000000 60.000000 20.000000 20.000000 1.500000 2.000000 38.093144 1.500000 46.800000 2.000000 28.321714 1.500000 18.550287 2.000000 66.342857 1.500000 46.800000 2.000000 38.093142 1.500000 28.321715 2.000000 46.800000 1.500000 19.542857 2.000000
1.500000 2.000000 1.500000 2.000000 1.500000 2.000000 1.500000 2.000000 1.500000 2.000000 18.550286 1.500000 2.000000 1.500000 2.000000 1.500000 2.000000 120.000000 120.000000 60.000000 20.000000 20.000000 1.500000 2.000000 38.093144 1.500000 46.800000 2.000000 28.321714 1.500000 18.550287 2.000000 66.342857 1.500000 46.800000 2.000000 38.093142 1.500000 28.321715 2.000000 46.800000 1.500000 19.542857 2.000000
1.500000 2.000000 1.500000 2.000000 1.500000 2.000000 1.500000 2.000000 1.500000 2.000000 18.550286 1.500000 2.000000 1.500000 2.000000 1.500000 2.000000 120.000000 120.000000 60.000000 20.000000 20.000000 1.500000 2.000000 38.093144 1.500000 46.800000 2.000000 28.321714 1.500000 18.550287 2.000000 66.342857 1.500000 46.800000 2.000000 38.093142 1.500000 28.321715 2.000000 46.800000 1.500000 19.542857 2.000000
1.500000 2.000000 1.500000 2.000000 1.500000 2.000000 1.500000 2.000000 1.500000 2.000000 18.550286 1.500000 2.000000 1.500000 2.000000 1.500000 2.000000 120.000000 120.000000 60.000000 20.000000 20.000000 1.500000 2.000000 38.093144 1.500000 47.090273 2.000000 28.611987 1.500000 18.550287 2.000000 66.342857 1.500000 46.800000 2.000000 38.093142 1.500000 28.321715 2.000000 46.800000 1.500000 19.542857 2.000000
1.500000 2.000000 1.500000 2.000000 1.500000 2.000000 1.500000 2.000000 1.500000 2.000000 18.550286 1.500000 2.000000 1.500000 2.000000 1.500000 2.000000 120.000000 120.000000 60.000000 20.000000 20.000000 1.500000 2.000000 38.093144 1.500000 46.800000 2.000000 28.321714 1.500000 18.550287 2.000000 66.342857 1.500000 46.800000 2.000000 38.093142 1.500000 28.321715 2.000000 46.800000 1.500000 19.542857 2.000000
1.500000 2.000000 1.500000 2.000000 1.500000 2.000000 1.500000 2.000000 1.500000 2.000000 18.550286 1.500000 2.000000 1.500000 2.000000 1.500000 2.000000 120.000000 120.000000 60.000000 20.000000 20.000000 1.500000 2.000000 38.093144 1.500000 46.800000 2.000000 28.321714 1.500000 18.550287 2.000000 66.342857 1.500000 46.800000 2.000000 38.093142 1.500000 28.321715 2.000000 46.800000 1.500000 19.542857 2.000000
1.500000 2.000000 1.500000 2.000000 1.500000 2.000000 1.500000 2.000000 1.500000 2.000000 18.550286 1.500000 2.000000 1.500000 2.000000 1.500000 2.000000 120.000000 120.000000 60.000000 20.000000 20.000000 1.500000 2.000000 38.093144 1.500000 46.800000 2.000000 28.321714 1.500000 18.550287 2.000000 66.342857 1.500000 46.800000 2.000000 38.093142 1.500000 28.321715 2.000000 46.800000 1.500000 19.542857 2.000000
1.500000 2.000000 1.500000 2.000000 1.500000 2.000000 1.500000 2.000000 1.500000 2.000000 18.550286 1.500000 2.000000 1.500000 2.000000 1.500000 2.000000 120.000000 120.000000 60.000000 20.000000 20.000000 1.500000 2.000000 38.093144 1.500000 46.800000 2.000000 28.321714 1.500000 18.550287 2.000000 66.342857 1.500000 46.800000 2.000000 38.093142 1.500000 28.321715 2.000000 46.800000 1.500000 19.542857 2.000000
1.500000 2.000000 1.500000 2.000000 1.500000 2.000000 1.500000 2.000000 1.500000 2.000000 18.550286 1.500000 2.000000 1.500000 2.000000 1.500000 2.000000 120.000000 120.000000 60.000000 20.000000 20.000000 1.500000 2.000000 38.093144 1.500000 46.800000 2.000000 28.321714 1.500000 18.550287 2.000000 66.342857 1.500000 46.800000 2.000000 38.093142 1.500000 28.321715 2.000000 46.800000 1.500000 19.542857 2.000000
1.500000 2.000000 1.500000 2.000000 1.500000 2.000000 1.500000 2.000000 1.500000 2.000000 18.550286 1.500000 2.000000 1.500000 2.000000 1.500000 2.000000 120.000000 120.000000 60.000000 20.000000 20.000000 1.500000 2.000000 38.093144 1.500000 46.800000 2.000000 28.321714 1.500000 18.550287 2.000000 66.342857 1.500000 46.800000 2.000000 38.093142 1.500000 28.321715 2.000000 46.800000 1.500000 19.542857 2.000000
1.500000 2.000000 1.500000 2.000000 1.500000 2.000000 1.500000 2.000000 1.500000 2.000000 18.550286 1.500000 2.000000 1.500000 2.000000 1.500000 2.000000 120.000000 120.000000 60.000000 20.000000 20.000000 1.500000 2.000000 38.093144 1.500000 46.800000 2.000000 28.321714 1.500000 18.550287 2.000000 66.342857 1.500000 46.800000 2.000000 38.093142 1.500000 28.321715 2.000000 46.800000 1.500000 19.542857 2.000000
1.500000 2.000000 1.500000 2.000000 1.500000 2.000000 1.500000 2.000000 1.500000 2.000000 18.550286 1.500000 2.000000 1.500000 2.000000 1.500000 2.000000 120.000000 120.000000 60.000000 20.000000 20.000000 1.500000 2.000000 38.093144 1.500000 46.800000 2.000000 28.321714 1.500000 18.550287 2.000000 66.342857 1.500000 46.800000 2.000000 38.093142 1.500000 28.321715 2.000000 46.800000 1.500000 19.542857 2.000000
1.500000 2.000000 1.500000 2.000000 1.500000 2.000000 1.500000 2.000000 1.500000 2.000000 18.550286 1.500000 2.000000 1.500000 2.000000 1.500000 2.000000 120.000000 120.000000 60.000000 20.000000 20.000000 1.500000 2.000000 38.093144 1.500000 46.800000 2.000000 28.321714 1.500000 18.550287 2.000000 66.342857 1.500000 46.800000 2.000000 38.093142 1.500000 28.321715 2.000000 46.800000 1.500000 19.542857 2.000000
1.500000 2.000000 1.500000 2.000000 1.500000 2.000000 1.500000 2.000000 1.500000 2.000000 18.550286 1.500000 2.000000 1.500000 2.000000 1.500000 2.000000 120.000000 120.000000 60.000000 20.000000 20.000000 1.500000 2.000000 38.093144 1.500000 46.979195 2.000000 28.500909 1.500000 18.550287 2.000000 66.342857 1.500000 46.800000 2.000000 38.093142 1.500000 28.321715 2.000000 46.800000 1.500000 19.542857 2.000000
1.500000 2.000000 1.500000 2.000000 1.500000 2.000000 1.500000 2.000000 1.500000 2.000000 18.550286 1.500000 2.000000 1.500000 2.000000 1.500000 2.000000 120.000000 120.000000 60.000000 20.000000 20.000000 1.500000 2.000000 38.093144 1.500000 46.842857 2.000000 28.364571 1.500000 18.550287 2.000000 66.342857 1.500000 46.800000 2.000000 38.093142 1.500000 28.321715 2.000000 46.800000 1.500000 19.542857 2.000000
1.500000 2.000000 1.500000 2.000000 1.500000 2.000000 1.500000 2.000000 1.500000 2.000000 18.550286 1.500000 2.000000 1.500000 2.000000 1.500000 2.000000 120.000000 120.000000 60.000000 20.000000 20.000000 1.500000 2.000000 38.093144 1.500000 47.175290 2.000000 28.697004 1.500000 18.550287 2.000000 66.342857 1.500000 46.800000 2.000000 38.093142 1.500000 28.321715 2.000000 46.800000 1.500000 19.542857 2.000000
1.500000 2.000000 1.500000 2.000000 1.500000 2.000000 1.500000 2.000000 1.500000 2.000000 18.550286 1.500000 2.000000 1.500000 2.000000 1.500000 2.000000 120.000000 120.000000 60.000000 20.000000 20.000000 1.500000 2.000000 38.093144 1.500000 46.800000 2.000000 28.321714 1.500000 18.550287 2.000000 66.342857 1.500000 46.800000 2.000000 38.093142 1.500000 28.321715 2.000000 46.800000 1.500000 19.542857 2.000000
1.500000 2.000000 1.500000 2.000000 1.500000 2.000000 1.500000 2.000000 1.500000 2.000000 18.550286 1.500000 2.000000 1.500000 2.000000 1.500000 2.000000 120.000000 120.000000 60.000000 20.000000 20.000000 1.500000 2.000000 38.093144 1.500000 46.800000 2.000000 28.321714 1.500000 18.550287 2.000000 66.342857 1.500000 46.800000 2.000000 38.093142 1.500000 28.321715 2.000000 46.800000 1.500000 19.542857 2.000000
1.500000 2.000000 1.500000 2.000000 1.500000 2.000000 1.500000 2.000000 1.500000 2.000000 18.550286 1.500000 2.000000 1.500000 2.000000 1.500000 2.000000 120.000000 120.000000 60.000000 20.000000 20.000000 1.500000 2.000000 38.093144 1.500000 47.089575 2.000000 28.611289 1.500000 18.550287 2.000000 66.342857 1.500000 46.800000 2.000000 38.093142 1.500000 28.321715 2.000000 46.800000 1.500000 19.542857 2.000000
1.500000 2.000000 1.500000 2.000000 1.500000 2.000000 1.500000 2.000000 1.500000 2.000000 18.550286 1.500000 2.000000 1.500000 2.000000 1.500000 2.000000 120.000000 120.000000 60.000000 20.000000 20.000000 1.500000 2.000000 38.093144 1.500000 46.800000 2.000000 28.321714 1.500000 18.550287 2.000000 66.342857 1.500000 46.800000 2.000000 38.093142 1.500000 28.321715 2.000000 46.800000 1.500000 19.542857 2.000000
1.500000 2.000000 1.500000 2.000000 1.500000 2.000000 1.500000 2.000000 1.500000 2.000000 18.550286 1.500000 2.000000 1.500000 2.000000 1.500000 2.000000 120.000000 120.000000 60.000000 20.000000 20.000000 1.500000 2.000000 38.093144 1.500000 47.382641 2.000000 28.904355 1.500000 18.550287 2.000000 66.342857 1.500000 46.800000 2.000000 38.093142 1.500000 28.321715 2.000000 46.800000 1.500000 19.542857 2.000000
1.500000 2.000000 1.500000 2.000000 1.500000 2.000000 1.500000 2.000000 1.500000 2.000000 18.550286 1.500000 2.000000 1.500000 2.000000 1.500000 2.000000 120.000000 120.000000 60.000000 20.000000 20.000000 1.500000 2.000000 38.093144 1.500000 46.800000 2.000000 28.321714 1.500000 18.550287 2.000000 66.342857 1.500000 46.800000 2.000000 38.093142 1.500000 28.321715 2.000000 46.800000 1.500000 19.542857 2.000000
1.500000 2.000000 1.500000 2.000000 1.500000 2.000000 1.500000 2.000000 1.500000 2.000000 18.550286 1.500000 2.000000 1.500000 2.000000 1.500000 2.000000 120.000000 120.000000 60.000000 20.000000 20.000000 1.500000 2.000000 38.093144 1.500000 46.800000 2.000000 28.321714 1.500000 18.550287 2.000000 66.342857 1.500000 46.800000 2.000000 38.093142 1.500000 28.321715 2.000000 46.800000 1.500000 19.542857 2.000000
1.500000 2.000000 1.500000 2.000000 1.500000 2.000000 1.500000 2.000000 1.500000 2.000000 18.550286 1.500000 2.000000 1.500000 2.000000 1.500000 2.000000 120.000000 120.000000 60.000000 20.000000 20.000000 1.500000 2.000000 38.093144 1.500000 46.800000 2.000000 28.321714 1.500000 18.550287 2.000000 66.342857 1.500000 46.800000 2.000000 38.093142 1.500000 28.321715 2.000000 46.800000 1.500000 19.542857 2.000000
1.500000 2.000000 1.500000 2.000000 1.500000 2.000000 1.500000 2.000000 1.500000 2.000000 18.550286 1.500000 2.000000 1.500000 2.000000 1.500000 2.000000 120.000000 120.000000 60.000000 20.000000 20.000000 1.500000 2.000000 38.093144 1.500000 46.800000 2.000000 28.321714 1.500000 18.550287 2.000000 66.342857 1.500000 46.800000 2.000000 38.093142 1.500000 28.321715 2.000000 46.800000 1.500000 19.542857 2.000000
1.500000 2.000000 1.500000 2.000000 1.500000 2.000000 1.500000 2.000000 1.500000 2.000000 18.550286 1.500000 2.000000 1.500000 2.000000 1.500000 2.000000 120.000000 120.000000 60.000000 20.000000 20.000000 1.500000 2.000000 38.093144 1.500000 46.800000 2.000000 28.321714 1.500000 18.550287 2.000000 66.342857 1.500000 46.800000 2.000000 38.093142 1.500000 28.321715 2.000000 46.800000 1.500000 19.542857 2.000000
1.500000 2.000000 1.500000 2.000000 1.500000 2.000000 1.500000 2.000000 1.500000 2.000000 18.550286 1.500000 2.000000 1.500000 2.000000 1.500000 2.000000 120.000000 120.000000 60.000000 20.000000 20.000000 1.500000 2.000000 38.093144 1.500000 46.800000 2.000000 28.321714 1.500000 18.550287 2.000000 66.342857 1.500000 46.800000 2.000000 38.093142 1.500000 28.321715 2.000000 46.800000 1.500000 19.542857 2.000000
1.500000 2.000000 1.500000 2.000000 1.500000 2.000000 1.500000 2.000000 1.500000 2.000000 18.550286 1.500000 2.000000 1.500000 2.000000 1.500000 2.000000 120.000000 120.000000 60.000000 20.000000 20.000000 1.500000 2.000000 38.093144 1.500000 46.800000 2.000000 28.321714 1.500000 18.550287 2.000000 66.342857 1.500000 46.800000 2.000000 38.093142 1.500000 28.321715 2.000000 46.800000 1.500000 19.542857 2.000000
1.500000 2.000000 1.500000 2.000000 1.500000 2.000000 1.500000 2.000000 1.500000 2.000000 18.550286 1.500000 2.000000 1.500000 2.000000 1.500000 2.000000 120.000000 120.000000 60.000000 20.000000 20.000000 1.500000 2.000000 38.093144 1.500000 46.800000 2.000000 28.321714 1.500000 18.550287 2.000000 66.342857 1.500000 46.800000 2.000000 38.093142 1.500000 28.321715 2.000000 46.800000 1.500000 19.542857 2.000000
1.500000 2.000000 1.500000 2.000000 1.500000 2.000000 1.500000 2.000000 1.500000 2.000000 18.550286 1.500000 2.000000 1.500000 2.000000 1.500000 2.000000 120.000000 120.000000 60.000000 20.000000 20.000000 1.500000 2.000000 38.093144 1.500000 46.800000 2.000000 28.321714 1.500000 18.550287 2.000000 66.342857 1.500000 46.800000 2.000000 38.093142 1.500000 28.321715 2.000000 46.800000 1.500000 19.542857 2.000000
1.500000 2.000000 1.500000 2.000000 1.500000 2.000000 1.500000 2.000000 1.500000 2.000000 18.550286 1.500000 2.000000 1.500000 2.000000 1.500000 2.000000 120.000000 120.000000 60.000000 20.000000 20.000000 1.500000 2.000000 38.093144 1.500000 46.800000 2.000000 28.321714 1.500000 18.550287 2.000000 66.342857 1.500000 46.800000 2.000000 38.093142 1.500000 28.321715 2.000000 46.800000 1.500000 19.542857 2.000000
1.500000 2.000000 1.500000 2.000000 1.500000 2.000000 1.500000 2.000000 1.500000 2.000000 18.550286 1.500000 2.000000 1.500000 2.000000 1.500000 2.000000 120.000000 120.000000 60.000000 20.000000 20.000000 1.500000 2.000000 38.093144 1.500000 46.800000 2.000000 28.321714 1.500000 18.550287 2.000000 66.342857 1.500000 46.800000 2.000000 38.093142 1.500000 28.321715 2.000000 46.800000 1.500000 19.542857 2.000000
1.500000 2.000000 1.500000 2.000000 1.500000 2.000000 1.500000 2.000000 1.500000 2.000000 18.550286 1.500000 2.000000 1.500000 2.000000 1.500000 2.000000 120.000000 120.000000 60.000000 20.000000 20.000000 1.500000 2.000000 38.093144 1.500000 46.800000 2.000000 28.321714 1.500000 18.550287 2.000000 66.342857 1.500000 46.800000 2.000000 38.093142 1.500000 28.321715 2.000000 46.800000 1.500000 19.542857 2.000000
1.500000 2.000000 1.500000 2.000000 1.500000 2.000000 1.500000 2.000000 1.500000 2.000000 18.550286 1.500000 2.000000 1.500000 2.000000 1.500000 2.000000 120.000000 120.000000 60.000000 20.000000 20.000000 1.500000 2.000000 38.093144 1.500000 46.800000 2.000000 28.321714 1.500000 18.550287 2.000000 66.342857 1.500000 46.800000 2.000000 38.093142 1.500000 28.321715 2.000000 46.800000 1.500000 19.542857 2.000000
1.500000 2.000000 1.500000 2.000000 1.500000 2.000000 1.500000 2.000000 1.500000 2.000000 18.550286 1.500000 2.000000 1.500000 2.000000 1.500000 2.000000 120.000000 120.000000 60.000000 20.000000 20.000000 1.500000 2.000000 38.093144 1.500000 46.800000 2.000000 28.321714 1.500000 18.550287 2.000000 66.342857 1.500000 46.800000 2.000000 38.093142 1.500000 28.321715 2.000000 46.800000 1.500000 19.542857 2.000000
1.500000 2.000000 1.500000 2.000000 1.500000 2.000000 1.500000 2.000000 1.500000 2.000000 18.550286 1.500000 2.000000 1.500000 2.000000 1.500000 2.000000 120.000000 120.000000 60.000000 20.000000 20.000000 1.500000 2.000000 38.093144 1.500000 46.800000 2.000000 28.321714 1.500000 18.550287 2.000000 66.342857 1.500000 46.800000 2.000000 38.093142 1.500000 28.321715 2.000000 46.800000 1.500000 19.542857 2.000000
1.500000 2.000000 1.500000 2.000000 1.500000 2.000000 1.500000 2.000000 1.500000 2.000000 18.550286 1.500000 2.000000 1.500000 2.000000 1.500000 2.000000 120.000000 120.000000 60.000000 20.000000 20.000000 1.500000 2.000000 38.093144 1.500000 47.473329 2.000000 28.995043 1.500000 18.550287 2.000000 66.342857 1.500000 46.800000 2.000000 38.093142 1.500000 28.321715 2.000000 46.800000 1.500000 19.542857 2.000000
1.500000 2.000000 1.500000 2.000000 1.500000 2.000000 1.500000 2.000000 1.500000 2.000000 18.550286 1.500000 2.000000 1.500000 2.000000 1.500000 2.000000 120.000000 120.000000 60.000000 20.000000 20.000000 1.500000 2.000000 38.093144 1.500000 47.991522 2.000000 29.513236 1.500000 18.550287 2.000000 66.342857 1.500000 46.800000 2.000000 38.093142 1.500000 28.321715 2.000000 46.800000 1.500000 19.542857 2.000000
1.500000 2.000000 1.500000 2.000000 1.500000 2.000000 1.500000 2.000000 1.500000 2.000000 18.550286 1.500000 2.000000 1.500000 2.000000 1.500000 2.000000 120.000000 120.000000 60.000000 20.000000 20.000000 1.500000 2.000000 38.093144 1.500000 46.893480 2.000000 28.415194 1.500000 18.550287 2.000000 66.342857 1.500000 46.800000 2.000000 38.093142 1.500000 28.321715 2.000000 46.800000 1.500000 19.542857 2.000000
1.500000 2.000000 1.500000 2.000000 1.500000 2.000000 1.500000 2.000000 1.500000 2.000000 18.550286 1.500000 2.000000 1.500000 2.000000 1.500000 2.000000 120.000000 120.000000 60.000000 20.000000 20.000000 1.500000 2.000000 38.093144 1.500000 46.800000 2.000000 28.321714 1.500000 18.550287 2.000000 66.342857 1.500000 46.800000 2.000000 38.093142 1.500000 28.321715 2.000000 46.800000 1.500000 19.542857 2.000000
1.500000 2.000000 1.500000 2.000000 1.500000 2.000000 1.500000 2.000000 1.500000 2.000000 18.550286 1.500000 2.000000 1.500000 2.000000 1.500000 2.000000 120.000000 120.000000 60.000000 20.000000 20.000000 1.500000 2.000000 38.093144 1.500000 46.842857 2.000000 28.364571 1.500000 18.550287 2.000000 66.342857 1.500000 46.800000 2.000000 38.093142 1.500000 28.321715 2.000000 46.800000 1.500000 19.542857 2.000000
1.500000 2.000000 1.500000 2.000000 1.500000 2.000000 1.500000 2.000000 1.500000 2.000000 18.550286 1.500000 2.000000 1.500000 2.000000 1.500000 2.000000 120.000000 120.000000 60.000000 20.000000 20.000000 1.500000 2.000000 38.093144 1.500000 46.800000 2.000000 28.321714 1.500000 18.550287 2.000000 66.342857 1.500000 46.800000 2.000000 38.093142 1.500000 28.321715 2.000000 46.800000 1.500000 19.542857 2.000000
1.500000 2.000000 1.500000 2.000000 1.500000 2.000000 1.500000 2.000000 1.500000 2.000000 18.550286 1.500000 2.000000 1.500000 2.000000 1.500000 2.000000 120.000000 120.000000 60.000000 20.000000 20.000000 1.500000 2.000000 38.093144 1.500000 46.800000 2.000000 28.321714 1.500000 18.550287 2.000000 66.342857 1.500000 46.800000 2.000000 38.093142 1.500000 28.321715 2.000000 46.800000 1.500000 19.542857 2.000000
1.500000 2.000000 1.500000 2.000000 1.500000 2.000000 1.500000 2.000000 1.500000 2.000000 18.550286 1.500000 2.000000 1.500000 2.000000 1.500000 2.000000 120.000000 120.000000 60.000000 20.000000 20.000000 1.500000 2.000000 38.093144 1.500000 46.800000 2.000000 28.321714 1.500000 18.550287 2.000000 66.342857 1.500000 46.800000 2.000000 38.093142 1.500000 28.321715 2.000000 46.800000 1.500000 19.542857 2.000000
1.500000 2.000000 1.500000 2.000000 1.500000 2.000000 1.500000 2.000000 1.500000 2.000000 18.550286 1.500000 2.000000 1.500000 2.000000 1.500000 2.000000 120.000000 120.000000 60.000000 20.000000 20.000000 1.500000 2.000000 38.093144 1.500000 46.800000 2.000000 28.321714 1.500000 18.550287 2.000000 66.342857 1.500000 46.800000 2.000000 38.093142 1.500000 28.321715 2.000000 46.800000 1.500000 19.542857 2.000000
1.500000 2.000000 1.500000 2.000000 1.500000 2.000000 1.500000 2.000000 1.500000 2.000000 18.550286 1.500000 2.000000 1.500000 2.000000 1.500000 2.000000 120.000000 120.000000 60.000000 20.000000 20.000000 1.500000 2.000000 38.093144 1.500000 46.800000 2.000000 28.321714 1.500000 18.550287 2.000000 66.342857 1.500000 46.800000 2.000000 38.093142 1.500000 28.321715 2.000000 46.800000 1.500000 19.542857 2.000000
1.500000 2.000000 1.500000 2.000000 1.500000 2.000000 1.500000 2.000000 1.500000 2.000000 18.550286 1.500000 2.000000 1.500000 2.000000 1.500000 2.000000 120.000000 120.000000 60.000000 20.000000 20.000000 1.500000 2.000000 38.093144 1.500000 46.800000 2.000000 28.321714 1.500000 18.550287 2.000000 66.342857 1.500000 46.800000 2.000000 38.093142 1.500000 28.321715 2.000000 46.800000 1.500000 19.542857 2.000000
1.500000 2.000000 1.500000 2.000000 1.500000 2.000000 1.500000 2.000000 1.500000 2.000000 18.550286 1.500000 2.000000 1.500000 2.000000 1.500000 2.000000 120.000000 120.000000 60.000000 20.000000 20.000000 1.500000 2.000000 38.093144 1.500000 46.842857 2.000000 28.364571 1.500000 18.550287 2.000000 66.342857 1.500000 46.800000 2.000000 38.093142 1.500000 28.321715 2.000000 46.800000 1.500000 19.542857 2.000000
1.500000 2.000000 1.500000 2.000000 1.500000 2.000000 1.500000 2.000000 1.500000 2.000000 18.550286 1.500000 2.000000 1.500000 2.000000 1.500000 2.000000 120.000000 120.000000 60.000000 20.000000 20.000000 1.500000 2.000000 38.093144 1.500000 46.800000 2.000000 28.321714 1.500000 18.550287 2.000000 66.342857 1.500000 46.800000 2.000000 38.093142 1.500000 28.321715 2.000000 46.800000 1.500000 19.542857 2.000000
1.500000 2.000000 1.500000 2.000000 1.500000 2.000000 1.500000 2.000000 1.500000 2.000000 18.550286 1.500000 2.000000 1.500000 2.000000 1.500000 2.000000 120.000000 120.000000 60.000000 20.000000 20.000000 1.500000 2.000000 38.093144 1.500000 46.800000 2.000000 28.321714 1.500000 18.550287 2.000000 66.342857 1.500000 46.800000 2.000000 38.093142 1.500000 28.321715 2.000000 46.800000 1.500000 19.542857 2.000000
1.500000 2.000000 1.500000 2.000000 1.500000 2.000000 1.500000 2.000000 1.500000 2.000000 18.550286 1.500000 2.000000 1.500000 2.000000 1.500000 2.000000 120.000000 120.000000 60.000000 20.000000 20.000000 1.500000 2.000000 38.093144 1.500000 46.800000 2.000000 28.321714 1.500000 18.550287 2.000000 66.342857 1.500000 46.800000 2.000000 38.093142 1.500000 28.321715 2.000000 46.800000 1.500000 19.542857 2.000000
1.500000 2.000000 1.500000 2.000000 1.500000 2.000000 1.500000 2.000000 1.500000 2.000000 18.550286 1.500000 2.000000 1.500000 2.000000 1.500000 2.000000 120.000000 120.000000 60.000000 20.000000 20.000000 1.500000 2.000000 38.093144 1.500000 46.800000 2.000000 28.321714 1.500000 18.550287 2.000000 66.342857 1.500000 46.800000 2.000000 38.093142 1.500000 28.321715 2.000000 46.800000 1.500000 19.542857 2.000000
1.500000 2.000000 1.500000 2.000000 1.500000 2.000000 1.500000 2.000000 1.500000 2.000000 18.550286 1.500000 2.000000 1.500000 2.000000 1.500000 2.000000 120.000000 120.000000 60.000000 20.000000 20.000000 1.500000 2.000000 38.093144 1.500000 47.329226 2.000000 28.850939 1.500000 18.550287 2.000000 66.342857 1.500000 46.800000 2.000000 38.093142 1.500000 28.321715 2.000000 46.800000 1.500000 19.542857 2.000000
1.500000 2.000000 1.500000 2.000000 1.500000 2.000000 1.500000 2.000000 1.500000 2.000000 18.550286 1.500000 2.000000 1.500000 2.000000 1.500000 2.000000 120.000000 120.000000 60.000000 20.000000 20.000000 1.500000 2.000000 38.093144 1.500000 46.800000 2.000000 28.321714 1.500000 18.550287 2.000000 66.342857 1.500000 46.800000 2.000000 38.093142 1.500000 28.321715 2.000000 46.800000 1.500000 19.542857 2.000000
1.500000 2.000000 1.500000 2.000000 1.500000 2.000000 1.500000 2.000000 1.500000 2.000000 18.550286 1.500000 2.000000 1.500000 2.000000 1.500000 2.000000 120.000000 120.000000 60.000000 20.000000 20.000000 1.500000 2.000000 38.093144 1.500000 47.484572 2.000000 29.006286 1.500000 18.550287 2.000000 66.342857 1.500000 46.800000 2.000000 38.093142 1.500000 28.321715 2.000000 46.800000 1.500000 19.542857 2.000000
1.500000 2.000000 1.500000 2.000000 1.500000 2.000000 1.500000 2.000000 1.500000 2.000000 18.550286 1.500000 2.000000 1.500000 2.000000 1.500000 2.000000 120.000000 120.000000 60.000000 20.000000 20.000000 1.500000 2.000000 38.093144 1.500000 46.800000 2.000000 28.321714 1.500000 18.550287 2.000000 66.342857 1.500000 46.800000 2.000000 38.093142 1.500000 28.321715 2.000000 46.800000 1.500000 19.542857 2.000000
1.500000 2.000000 1.500000 2.000000 1.500000 2.000000 1.500000 2.000000 1.500000 2.000000 18.550286 1.500000 2.000000 1.500000 2.000000 1.500000 2.000000 120.000000 120.000000 60.000000 20.000000 20.000000 1.500000 2.000000 38.093144 1.500000 46.800000 2.000000 28.321714 1.500000 18.550287 2.000000 66.342857 1.500000 46.800000 2.000000 38.093142 1.500000 28.321715 2.000000 46.800000 1.500000 19.542857 2.000000
1.500000 2.000000 1.500000 2.000000 1.500000 2.000000 1.500000 2.000000 1.500000 2.000000 18.550286 1.500000 2.000000 1.500000 2.000000 1.500000 2.000000 120.000000 120.000000 60.000000 20.000000 20.000000 1.500000 2.000000 38.093144 1.500000 46.800000 2.000000 28.321714 1.500000 18.550287 2.000000 66.342857 1.500000 46.800000 2.000000 38.093142 1.500000 28.321715 2.000000 46.800000 1.500000 19.542857 2.000000
1.500000 2.000000 1.500000 2.000000 1.500000 2.000000 1.500000 2.000000 1.500000 2.000000 18.550286 1.500000 2.000000 1.500000 2.000000 1.500000 2.000000 120.000000 120.000000 60.000000 20.000000 20.000000 1.500000 2.000000 38.093144 1.500000 46.800000 2.000000 28.321714 1.500000 18.550287 2.000000 66.342857 1.500000 46.800000 2.000000 38.093142 1.500000 28.321715 2.000000 46.800000 1.500000 19.542857 2.000000
1.500000 2.000000 1.500000 2.000000 1.500000 2.000000 1.500000 2.000000 1.500000 2.000000 18.550286 1.500000 2.000000 1.500000 2.000000 1.500000 2.000000 120.000000 120.000000 60.000000 20.000000 20.000000 1.500000 2.000000 38.093144 1.500000 46.885714 2.000000 28.407428 1.500000 18.550287 2.000000 66.342857 1.500000 46.800000 2.000000 38.093142 1.500000 28.321715 2.000000 46.800000 1.500000 19.542857 2.000000
1.500000 2.000000 1.500000 2.000000 1.500000 2.000000 1.500000 2.000000 1.500000 2.000000 18.550286 1.500000 2.000000 1.500000 2.000000 1.500000 2.000000 120.000000 120.000000 60.000000 20.000000 20.000000 1.500000 2.000000 38.093144 1.500000 46.800000 2.000000 28.321714 1.500000 18.550287 2.000000 66.342857 1.500000 46.800000 2.000000 38.093142 1.500000 28.321715 2.000000 46.800000 1.500000 19.542857 2.000000
1.500000 2.000000 1.500000 2.000000 1.500000 2.000000 1.500000 2.000000 1.500000 2.000000 18.550286 1.500000 2.000000 1.500000 2.000000 1.500000 2.000000 120.000000 120.000000 60.000000 20.000000 20.000000 1.500000 2.000000 38.093144 1.500000 46.800000 2.000000 28.321714 1.500000 18.550287 2.000000 66.342857 1.500000 46.800000 2.000000 38.093142 1.500000 28.321715 2.000000 46.800000 1.500000 19.542857 2.000000
1.500000 2.000000 1.500000 2.000000 1.500000 2.000000 1.500000 2.000000 1.500000 2.000000 18.550286 1.500000 2.000000 1.500000 2.000000 1.500000 2.000000 120.000000 120.000000 60.000000 20.000000 20.000000 1.500000 2.000000 38.093144 1.500000 46.800000 2.000000 28.321714 1.500000 18.550287 2.000000 66.342857 1.500000 46.800000 2.000000 38.093142 1.500000 28.321715 2.000000 46.800000 1.500000 19.542857 2.000000
1.500000 2.000000 1.500000 2.000000 1.500000 2.000000 1.500000 2.000000 1.500000 2.000000 18.550286 1.500000 2.000000 1.500000 2.000000 1.500000 2.000000 120.000000 120.000000 60.000000 20.000000 20.000000 1.500000 2.000000 38.093144 1.500000 46.885714 2.000000 28.407428 1.500000 18.550287 2.000000 66.342857 1.500000 46.800000 2.000000 38.093142 1.500000 28.321715 2.000000 46.800000 1.500000 19.542857 2.000000
1.500000 2.000000 1.500000 2.000000 1.500000 2.000000 1.500000 2.000000 1.500000 2.000000 18.550286 1.500000 2.000000 1.500000 2.000000 1.500000 2.000000 120.000000 120.000000 60.000000 20.000000 20.000000 1.500000 2.000000 38.093144 1.500000 46.842857 2.000000 28.364571 1.500000 18.550287 2.000000 66.342857 1.500000 46.800000 2.000000 38.093142 1.500000 28.321715 2.000000 46.800000 1.500000 19.542857 2.000000
1.500000 2.000000 1.500000 2.000000 1.500000 2.000000 1.500000 2.000000 1.500000 2.000000 18.550286 1.500000 2.000000 1.500000 2.000000 1.500000 2.000000 120.000000 120.000000 60.000000 20.000000 20.000000 1.500000 2.000000 38.093144 1.500000 46.936338 2.000000 28.458052 1.500000 18.550287 2.000000 66.342857 1.500000 46.800000 2.000000 38.093142 1.500000 28.321715 2.000000 46.800000 1.500000 19.542857 2.000000
1.500000 2.000000 1.500000 2.000000 1.500000 2.000000 1.500000 2.000000 1.500000 2.000000 18.550286 1.500000 2.000000 1.500000 2.000000 1.500000 2.000000 120.000000 120.000000 60.000000 20.000000 20.000000 1.500000 2.000000 38.093144 1.500000 46.885714 2.000000 28.407428 1.500000 18.550287 2.000000 66.342857 1.500000 46.800000 2.000000 38.093142 1.500000 28.321715 2.000000 46.800000 1.500000 19.542857 2.000000
1.500000 2.000000 1.500000 2.000000 1.500000 2.000000 1.500000 2.000000 1.500000 2.000000 18.550286 1.500000 2.000000 1.500000 2.000000 1.500000 2.000000 120.000000 120.000000 60.000000 20.000000 20.000000 1.500000 2.000000 38.093144 1.500000 46.944788 2.000000 28.466502 1.500000 18.550287 2.000000 66.342857 1.500000 46.800000 2.000000 38.093142 1.500000 28.321715 2.000000 46.800000 1.500000 19.542857 2.000000
1.500000 2.000000 1.500000 2.000000 1.500000 2.000000 1.500000 2.000000 1.500000 2.000000 18.550286 1.500000 2.000000 1.500000 2.000000 1.500000 2.000000 120.000000 120.000000 60.000000 20.000000 20.000000 1.500000 2.000000 38.093144 1.500000 46.800000 2.000000 28.321714 1.500000 18.550287 2.000000 66.342857 1.500000 46.800000 2.000000 38.093142 1.500000 28.321715 2.000000 46.800000 1.500000 19.542857 2.000000
1.500000 2.000000 1.500000 2.000000 1.500000 2.000000 1.500000 2.000000 1.500000 2.000000 18.550286 1.500000 2.000000 1.500000 2.000000 1.500000 2.000000 120.000000 120.000000 60.000000 20.000000 20.000000 1.500000 2.000000 38.093144 1.500000 46.800000 2.000000 28.321714 1.500000 18.550287 2.000000 66.342857 1.500000 46.800000 2.000000 38.093142 1.500000 28.321715 2.000000 46.800000 1.500000 19.542857 2.000000
1.500000 2.000000 1.500000 2.000000 1.500000 2.000000 1.500000 2.000000 1.500000 2.000000 18.550286 1.500000 2.000000 1.500000 2.000000 1.500000 2.000000 120.000000 120.000000 60.000000 20.000000 20.000000 1.500000 2.000000 38.093144 1.500000 47.029818 2.000000 28.551532 1.500000 18.550287 2.000000 66.342857 1.500000 46.800000 2.000000 38.093142 1.500000 28.321715 2.000000 46.800000 1.500000 19.542857 2.000000
1.500000 2.000000 1.500000 2.000000 1.500000 2.000000 1.500000 2.000000 1.500000 2.000000 18.550286 1.500000 2.000000 1.500000 2.000000 1.500000 2.000000 120.000000 120.000000 60.000000 20.000000 20.000000 1.500000 2.000000 38.093144 1.500000 46.936338 2.000000 28.458052 1.500000 18.550287 2.000000 66.342857 1.500000 46.800000 2.000000 38.093142 1.500000 28.321715 2.000000 46.800000 1.500000 19.542857 2.000000
1.500000 2.000000 1.500000 2.000000 1.500000 2.000000 1.500000 2.000000 1.500000 2.000000 18.550286 1.500000 2.000000 1.500000 2.000000 1.500000 2.000000 120.000000 120.000000 60.000000 20.000000 20.000000 1.500000 2.000000 38.093144 1.500000 46.800000 2.000000 28.321714 1.500000 18.550287 2.000000 66.342857 1.500000 46.800000 2.000000 38.093142 1.500000 28.321715 2.000000 46.800000 1.500000 19.542857 2.000000
1.500000 2.000000 1.500000 2.000000 1.500000 2.000000 1.500000 2.000000 1.500000 2.000000 18.550286 1.500000 2.000000 1.500000 2.000000 1.500000 2.000000 120.000000 120.000000 60.000000 20.000000 20.000000 1.500000 2.000000 38.093144 1.500000 46.800000 2.000000 28.321714 1.500000 18.550287 2.000000 66.342857 1.500000 46.800000 2.000000 38.093142 1.500000 28.321715 2.000000 46.800000 1.500000 19.542857 2.000000
1.500000 2.000000 1.500000 2.000000 1.500000 2.000000 1.500000 2.000000 1.500000 2.000000 18.550286 1.500000 2.000000 1.500000 2.000000 1.500000 2.000000 120.000000 120.000000 60.000000 20.000000 20.000000 1.500000 2.000000 38.093144 1.500000 46.800000 2.000000 28.321714 1.500000 18.550287 2.000000 66.342857 1.500000 46.800000 2.000000 38.093142 1.500000 28.321715 2.000000 46.800000 1.500000 19.542857 2.000000
1.500000 2.000000 1.500000 2.000000 1.500000 2.000000 1.500000 2.000000 1.500000 2.000000 18.550286 1.500000 2.000000 1.500000 2.000000 1.500000 2.000000 120.000000 120.000000 60.000000 20.000000 20.000000 1.500000 2.000000 38.093144 1.500000 46.800000 2.000000 28.321714 1.500000 18.550287 2.000000 66.342857 1.500000 46.800000 2.000000 38.093142 1.500000 28.321715 2.000000 46.800000 1.500000 19.542857 2.000000
1.500000 2.000000 1.500000 2.000000 1.500000 2.000000 1.500000 2.000000 1.500000 2.000000 18.550286 1.500000 2.000000 1.500000 2.000000 1.500000 2.000000 120.000000 120.000000 60.000000 20.000000 20.000000 1.500000 2.000000 38.093144 1.500000 46.800000 2.000000 28.321714 1.500000 18.550287 2.000000 66.342857 1.500000 46.800000 2.000000 38.093142 1.500000 28.321715 2.000000 46.800000 1.500000 19.542857 2.000000
1.500000 2.000000 1.500000 2.000000 1.500000 2.000000 1.500000 2.000000 1.500000 2.000000 18.550286 1.500000 2.000000 1.500000 2.000000 1.500000 2.000000 120.000000 120.000000 60.000000 20.000000 20.000000 1.500000 2.000000 38.093144 1.500000 46.800000 2.000000 28.321714 1.500000 18.550287 2.000000 66.342857 1.500000 46.800000 2.000000 38.093142 1.500000 28.321715 2.000000 46.800000 1.500000 19.542857 2.000000
1.500000 2.000000 1.500000 2.000000 1.500000 2.000000 1.500000 2.000000 1.500000 2.000000 18.550286 1.500000 2.000000 1.500000 2.000000 1.500000 2.000000 120.000000 120.000000 60.000000 20.000000 20.000000 1.500000 2.000000 38.093144 1.500000 46.800000 2.000000 28.321714 1.500000 18.550287 2.000000 66.342857 1.500000 46.800000 2.000000 38.093142 1.500000 28.321715 2.000000 46.800000 1.500000 19.542857 2.000000
1.500000 2.000000 1.500000 2.000000 1.500000 2.000000 1.500000 2.000000 1.500000 2.000000 18.550286 1.500000 2.000000 1.500000 2.000000 1.500000 2.000000 120.000000 120.000000 60.000000 20.000000 20.000000 1.500000 2.000000 38.093144 1.500000 46.800000 2.000000 28.321714 1.500000 18.550287 2.000000 66.342857 1.500000 46.800000 2.000000 38.093142 1.500000 28.321715 2.000000 46.800000 1.500000 19.542857 2.000000
1.500000 2.000000 1.500000 2.000000 1.500000 2.000000 1.500000 2.000000 1.500000 2.000000 18.550286 1.500000 2.000000 1.500000 2.000000 1.500000 2.000000 120.000000 120.000000 60.000000 20.000000 20.000000 1.500000 2.000000 38.093144 1.500000 46.800000 2.000000 28.321714 1.500000 18.550287 2.000000 66.342857 1.500000 46.800000 2.000000 38.093142 1.500000 28.321715 2.000000 46.800000 1.500000 19.542857 2.000000
1.500000 2.000000 1.500000 2.000000 1.500000 2.000000 1.500000 2.000000 1.500000 2.000000 18.550286 1.500000 2.000000 1.500000 2.000000 1.500000 2.000000 120.000000 120.000000 60.000000 20.000000 20.000000 1.500000 2.000000 38.093144 1.500000 46.800000 2.000000 28.321714 1.500000 18.550287 2.000000 66.342857 1.500000 46.800000 2.000000 38.093142 1.500000 28.321715 2.000000 46.800000 1.500000 19.542857 2.000000
1.500000 2.000000 1.500000 2.000000 1.500000 2.000000 1.500000 2.000000 1.500000 2.000000 18.550286 1.500000 2.000000 1.500000 2.000000 1.500000 2.000000 120.000000 120.000000 60.000000 20.000000 20.000000 1.500000 2.000000 38.093144 1.500000 46.800000 2.000000 28.321714 1.500000 18.550287 2.000000 66.342857 1.500000 46.800000 2.000000 38.093142 1.500000 28.321715 2.000000 46.800000 1.500000 19.542857 2.000000
1.500000 2.000000 1.500000 2.000000 1.500000 2.000000 1.500000 2.000000 1.500000 2.000000 18.550286 1.500000 2.000000 1.500000 2.000000 1.500000 2.000000 120.000000 120.000000 60.000000 20.000000 20.000000 1.500000 2.000000 38.093144 1.500000 46.800000 2.000000 28.321714 1.500000 18.550287 2.000000 66.342857 1.500000 46.800000 2.000000 38.093142 1.500000 28.321715 2.000000 46.800000 1.500000 19.542857 2.000000
1.500000 2.000000 1.500000 2.000000 1.500000 2.000000 1.500000 2.000000 1.500000 2.000000 18.550286 1.500000 2.000000 1.500000 2.000000 1.500000 2.000000 120.000000 120.000000 60.000000 20.000000 20.000000 1.500000 2.000000 38.093144 1.500000 46.800000 2.000000 28.321714 1.500000 18.550287 2.000000 66.342857 1.500000 46.800000 2.000000 38.093142 1.500000 28.321715 2.000000 46.800000 1.500000 19.542857 2.000000
1.500000 2.000000 1.500000 2.000000 1.500000 2.000000 1.500000 2.000000 1.500000 2.000000 18.550286 1.500000 2.000000 1.500000 2.000000 1.500000 2.000000 120.000000 120.000000 60.000000 20.000000 20.000000 1.500000 2.000000 38.093144 1.500000 46.800000 2.000000 28.321714 1.500000 18.550287 2.000000 66.342857 1.500000 46.800000 2.000000 38.093142 1.500000 28.321715 2.000000 46.800000 1.500000 19.542857 2.000000
1.500000 2.000000 1.500000 2.000000 1.500000 2.000000 1.500000 2.000000 1.500000 2.000000 18.550286 1.500000 2.000000 1.500000 2.000000 1.500000 2.000000 120.000000 120.000000 60.000000 20.000000 20.000000 1.500000 2.000000 38.093144 1.500000 46.800000 2.000000 28.321714 1.500000 18.550287 2.000000 66.342857 1.500000 46.800000 2.000000 38.093142 1.500000 28.321715 2.000000 46.800000 1.500000 19.542857 2.000000
1.500000 2.000000 1.500000 2.000000 1.500000 2.000000 1.500000 2.000000 1.500000 2.000000 18.550286 1.500000 2.000000 1.500000 2.000000 1.500000 2.000000 120.000000 120.000000 60.000000 20.000000 20.000000 1.500000 2.000000 38.093144 1.500000 46.800000 2.000000 28.321714 1.500000 18.550287 2.000000 66.342857 1.500000 46.800000 2.000000 38.093142 1.500000 28.321715 2.000000 46.800000 1.500000 19.542857 2.000000
1.500000 2.000000 1.500000 2.000000 1.500000 2.000000 1.500000 2.000000 1.500000 2.000000 18.550286 1.500000 2.000000 1.500000 2.000000 1.500000 2.000000 120.000000 120.000000 60.000000 20.000000 20.000000 1.500000 2.000000 38.093144 1.500000 46.800000 2.000000 28.321714 1.500000 18.550287 2.000000 66.342857 1.500000 46.800000 2.000000 38.093142 1.500000 28.321715 2.000000 46.800000 1.500000 19.542857 2.000000
1.500000 2.000000 1.500000 2.000000 1.500000 2.000000 1.500000 2.000000 1.500000 2.000000 18.550286 1.500000 2.000000 1.500000 2.000000 1.500000 2.000000 120.000000 120.000000 60.000000 20.000000 20.000000 1.500000 2.000000 38.093144 1.500000 46.800000 2.000000 28.321714 1.500000 18.550287 2.000000 66.342857 1.500000 46.800000 2.000000 38.093142 1.500000 28.321715 2.000000 46.800000 1.500000 19.542857 2.000000
1.500000 2.000000 1.500000 2.000000 1.500000 2.000000 1.500000 2.000000 1.500000 2.000000 18.550286 1.500000 2.000000 1.500000 2.000000 1.500000 2.000000 120.000000 120.000000 60.000000 20.000000 20.000000 1.500000 2.000000 38.093144 1.500000 46.800000 2.000000 28.321714 1.500000 18.550287 2.000000 66.342857 1.500000 46.800000 2.000000 38.093142 1.500000 28.321715 2.000000 46.800000 1.500000 19.542857 2.000000
1.500000 2.000000 1.500000 2.000000 1.500000 2.000000 1.500000 2.000000 1.500000 2.000000 18.550286 1.500000 2.000000 1.500000 2.000000 1.500000 2.000000 120.000000 120.000000 60.000000 20.000000 20.000000 1.500000 2.000000 38.093144 1.500000 46.800000 2.000000 28.321714 1.500000 18.550287 2.000000 66.342857 1.500000 46.800000 2.000000 38.093142 1.500000 28.321715 2.000000 46.800000 1.500000 19.542857 2.000000
1.500000 2.000000 1.500000 2.000000 1.500000 2.000000 1.500000 2.000000 1.500000 2.000000 18.550286 1.500000 2.000000 1.500000 2.000000 1.500000 2.000000 120.000000 120.000000 60.000000 20.000000 20.000000 1.500000 2.000000 38.093144 1.500000 46.800000 2.000000 28.321714 1.500000 18.550287 2.000000 66.342857 1.500000 46.800000 2.000000 38.093142 1.500000 28.321715 2.000000 46.800000 1.500000 19.542857 2.000000
1.500000 2.000000 1.500000 2.000000 1.500000 2.000000 1.500000 2.000000 1.500000 2.000000 18.550286 1.500000 2.000000 1.500000 2.000000 1.500000 2.000000 120.000000 120.000000 60.000000 20.000000 20.000000 1.500000 2.000000 38.093144 1.500000 46.800000 2.000000 28.321714 1.500000 18.550287 2.000000 66.342857 1.500000 46.800000 2.000000 38.093142 1.500000 28.321715 2.000000 46.800000 1.500000 19.542857 2.000000
1.500000 2.000000 1.500000 2.000000 1.500000 2.000000 1.500000 2.000000 1.500000 2.000000 18.550286 1.500000 2.000000 1.500000 2.000000 1.500000 2.000000 120.000000 120.000000 60.000000 20.000000 20.000000 1.500000 2.000000 38.093144 1.500000 46.800000 2.000000 28.321714 1.500000 18.550287 2.000000 66.342857 1.500000 46.800000 2.000000 38.093142 1.500000 28.321715 2.000000 46.800000 1.500000 19.542857 2.000000
1.500000 2.000000 1.500000 2.000000 1.500000 2.000000 1.500000 2.000000 1.500000 2.000000 18.550286 1.500000 2.000000 1.500000 2.000000 1.500000 2.000000 120.000000 120.000000 60.000000 20.000000 20.000000 1.500000 2.000000 38.093144 1.500000 46.800000 2.000000 28.321714 1.500000 18.550287 2.000000 66.342857 1.500000 46.800000 2.000000 38.093142 1.500000 28.321715 2.000000 46.800000 1.500000 19.542857 2.000000
1.500000 2.000000 1.500000 2.000000 1.500000 2.000000 1.500000 2.000000 1.500000 2.000000 18.550286 1.500000 2.000000 1.500000 2.000000 1.500000 2.000000 120.000000 120.000000 60.000000 20.000000 20.000000 1.500000 2.000000 38.093144 1.500000 46.800000 2.000000 28.321714 1.500000 18.550287 2.000000 66.342857 1.500000 46.800000 2.000000 38.093142 1.500000 28.321715 2.000000 46.800000 1.500000 19.542857 2.000000
1.500000 2.000000 1.500000 2.000000 1.500000 2.000000 1.500000 2.000000 1.500000 2.000000 18.550286 1.500000 2.000000 1.500000 2.000000 1.500000 2.000000 120.000000 120.000000 60.000000 20.000000 20.000000 1.500000 2.000000 38.093144 1.500000 46.800000 2.000000 28.321714 1.500000 18.550287 2.000000 66.342857 1.500000 46.800000 2.000000 38.093142 1.500000 28.321715 2.000000 46.800000 1.500000 19.542857 2.000000
1.500000 2.000000 1.500000 2.000000 1.500000 2.000000 1.500000 2.000000 1.500000 2.000000 18.550286 1.500000 2.000000 1.500000 2.000000 1.500000 2.000000 120.000000 120.000000 60.000000 20.000000 20.000000 1.500000 2.000000 38.093144 1.500000 46.800000 2.000000 28.321714 1.500000 18.550287 2.000000 66.342857 1.500000 46.800000 2.000000 38.093142 1.500000 28.321715 2.000000 46.800000 1.500000 19.542857 2.000000
1.500000 2.000000 1.500000 2.000000 1.500000 2.000000 1.500000 2.000000 1.500000 2.000000 18.550286 1.500000 2.000000 1.500000 2.000000 1.500000 2.000000 120.000000 120.000000 60.000000 20.000000 20.000000 1.500000 2.000000 38.093144 1.500000 46.800000 2.000000 28.321714 1.500000 18.550287 2.000000 66.342857 1.500000 46.800000 2.000000 38.093142 1.500000 28.321715 2.000000 46.800000 1.500000 19.542857 2.000000
1.500000 2.000000 1.500000 2.000000 1.500000 2.000000 1.500000 2.000000 1.500000 2.000000 18.550286 1.500000 2.000000 1.500000 2.000000 1.500000 2.000000 120.000000 120.000000 60.000000 20.000000 20.000000 1.500000 2.000000 38.093144 1.500000 46.800000 2.000000 28.321714 1.500000 18.550287 2.000000 66.342857 1.500000 46.800000 2.000000 38.093142 1.500000 28.321715 2.000000 46.800000 1.500000 19.542857 2.000000
1.500000 2.000000 1.500000 2.000000 1.500000 2.000000 1.500000 2.000000 1.500000 2.000000 18.550286 1.500000 2.000000 1.500000 2.000000 1.500000 2.000000 120.000000 120.000000 60.000000 20.000000 20.000000 1.500000 2.000000 38.093144 1.500000 46.893480 2.000000 28.415194 1.500000 18.550287 2.000000 66.342857 1.500000 46.800000 2.000000 38.093142 1.500000 28.321715 2.000000 46.800000 1.500000 19.542857 2.000000
1.500000 2.000000 1.500000 2.000000 1.500000 2.000000 1.500000 2.000000 1.500000 2.000000 18.550286 1.500000 2.000000 1.500000 2.000000 1.500000 2.000000 120.000000 120.000000 60.000000 20.000000 20.000000 1.500000 2.000000 38.093144 1.500000 46.800000 2.000000 28.321714 1.500000 18.550287 2.000000 66.342857 1.500000 46.800000 2.000000 38.093142 1.500000 28.321715 2.000000 46.800000 1.500000 19.542857 2.000000
1.500000 2.000000 1.500000 2.000000 1.500000 2.000000 1.500000 2.000000 1.500000 2.000000 18.550286 1.500000 2.000000 1.500000 2.000000 1.500000 2.000000 120.000000 120.000000 60.000000 20.000000 20.000000 1.500000 2.000000 38.093144 1.500000 46.800000 2.000000 28.321714 1.500000 18.550287 2.000000 66.342857 1.500000 46.800000 2.000000 38.093142 1.500000 28.321715 2.000000 46.800000 1.500000 19.542857 2.000000
1.500000 2.000000 1.500000 2.000000 1.500000 2.000000 1.500000 2.000000 1.500000 2.000000 18.550286 1.500000 2.000000 1.500000 2.000000 1.500000 2.000000 120.000000 120.000000 60.000000 20.000000 20.000000 1.500000 2.000000 38.093144 1.500000 46.800000 2.000000 28.321714 1.500000 18.550287 2.000000 66.342857 1.500000 46.800000 2.000000 38.093142 1.500000 28.321715 2.000000 46.800000 1.500000 19.542857 2.000000
1.500000 2.000000 1.500000 2.000000 1.500000 2.000000 1.500000 2.000000 1.500000 2.000000 18.550286 1.500000 2.000000 1.500000 2.000000 1.500000 2.000000 120.000000 120.000000 60.000000 20.000000 20.000000 1.500000 2.000000 38.093144 1.500000 46.800000 2.000000 28.321714 1.500000 18.550287 2.000000 66.342857 1.500000 46.800000 2.000000 38.093142 1.500000 28.321715 2.000000 46.800000 1.500000 19.542857 2.000000
1.500000 2.000000 1.500000 2.000000 1.500000 2.000000 1.500000 2.000000 1.500000 2.000000 18.550286 1.500000 2.000000 1.500000 2.000000 1.500000 2.000000 120.000000 120.000000 60.000000 20.000000 20.000000 1.500000 2.000000 38.093144 1.500000 46.800000 2.000000 28.321714 1.500000 18.550287 2.000000 66.342857 1.500000 46.800000 2.000000 38.093142 1.500000 28.321715 2.000000 46.800000 1.500000 19.542857 2.000000
1.500000 2.000000 1.500000 2.000000 1.500000 2.000000 1.500000 2.000000 1.500000 2.000000 18.550286 1.500000 2.000000 1.500000 2.000000 1.500000 2.000000 120.000000 120.000000 60.000000 20.000000 20.000000 1.500000 2.000000 38.093144 1.500000 46.800000 2.000000 28.321714 1.500000 18.550287 2.000000 66.342857 1.500000 46.800000 2.000000 38.093142 1.500000 28.321715 2.000000 46.800000 1.500000 19.542857 2.000000
1.500000 2.000000 1.500000 2.000000 1.500000 2.000000 1.500000 2.000000 1.500000 2.000000 18.550286 1.500000 2.000000 1.500000 2.000000 1.500000 2.000000 120.000000 120.000000 60.000000 20.000000 20.000000 1.500000 2.000000 38.093144 1.500000 46.800000 2.000000 28.321714 1.500000 18.550287 2.000000 66.342857 1.500000 46.800000 2.000000 38.093142 1.500000 28.321715 2.000000 46.800000 1.500000 19.542857 2.000000
1.500000 2.000000 1.500000 2.000000 1.500000 2.000000 1.500000 2.000000 1.500000 2.000000 18.550286 1.500000 2.000000 1.500000 2.000000 1.500000 2.000000 120.000000 120.000000 60.000000 20.000000 20.000000 1.500000 2.000000 38.093144 1.500000 46.800000 2.000000 28.321714 1.500000 18.550287 2.000000 66.342857 1.500000 46.800000 2.000000 38.093142 1.500000 28.321715 2.000000 46.800000 1.500000 19.542857 2.000000
1.500000 2.000000 1.500000 2.000000 1.500000 2.000000 1.500000 2.000000 1.500000 2.000000 18.550286 1.500000 2.000000 1.500000 2.000000 1.500000 2.000000 120.000000 120.000000 60.000000 20.000000 20.000000 1.500000 2.000000 38.093144 1.500000 46.800000 2.000000 28.321714 1.500000 18.550287 2.000000 66.342857 1.500000 46.800000 2.000000 38.093142 1.500000 28.321715 2.000000 46.800000 1.500000 19.542857 2.000000
1.500000 2.000000 1.500000 2.000000 1.500000 2.000000 1.500000 2.000000 1.500000 2.000000 18.550286 1.500000 2.000000 1.500000 2.000000 1.500000 2.000000 120.000000 120.000000 60.000000 20.000000 20.000000 1.500000 2.000000 38.093144 1.500000 46.800000 2.000000 28.321714 1.500000 18.550287 2.000000 66.342857 1.500000 46.800000 2.000000 38.093142 1.500000 28.321715 2.000000 46.800000 1.500000 19.542857 2.000000
1.500000 2.000000 1.500000 2.000000 1.500000 2.000000 1.500000 2.000000 1.500000 2.000000 18.550286 1.500000 2.000000 1.500000 2.000000 1.500000 2.000000 120.000000 120.000000 60.000000 20.000000 20.000000 1.500000 2.000000 38.093144 1.500000 46.800000 2.000000 28.321714 1.500000 18.550287 2.000000 66.342857 1.500000 46.800000 2.000000 38.093142 1.500000 28.321715 2.000000 46.800000 1.500000 19.542857 2.000000
1.500000 2.000000 1.500000 2.000000 1.500000 2.000000 1.500000 2.000000 1.500000 2.000000 18.550286 1.500000 2.000000 1.500000 2.000000 1.500000 2.000000 120.000000 120.000000 60.000000 20.000000 20.000000 1.500000 2.000000 38.093144 1.500000 46.800000 2.000000 28.321714 1.500000 18.550287 2.000000 66.342857 1.500000 46.800000 2.000000 38.093142 1.500000 28.321715 2.000000 46.800000 1.500000 19.542857 2.000000
1.500000 2.000000 1.500000 2.000000 1.500000 2.000000 1.500000 2.000000 1.500000 2.000000 18.550286 1.500000 2.000000 1.500000 2.000000 1.500000 2.000000 120.000000 120.000000 60.000000 20.000000 20.000000 1.500000 2.000000 38.093144 1.500000 47.341224 2.000000 28.862938 1.500000 18.550287 2.000000 66.342857 1.500000 46.800000 2.000000 38.093142 1.500000 28.321715 2.000000 46.800000 1.500000 19.542857 2.000000
1.500000 2.000000 1.500000 2.000000 1.500000 2.000000 1.500000 2.000000 1.500000 2.000000 18.550286 1.500000 2.000000 1.500000 2.000000 1.500000 2.000000 120.000000 120.000000 60.000000 20.000000 20.000000 1.500000 2.000000 38.093144 1.500000 46.800000 2.000000 28.321714 1.500000 18.550287 2.000000 66.342857 1.500000 46.800000 2.000000 38.093142 1.500000 28.321715 2.000000 46.800000 1.500000 19.542857 2.000000
1.500000 2.000000 1.500000 2.000000 1.500000 2.000000 1.500000 2.000000 1.500000 2.000000 18.550286 1.500000 2.000000 1.500000 2.000000 1.500000 2.000000 120.000000 120.000000 60.000000 20.000000 20.000000 1.500000 2.000000 38.093144 1.500000 46.800000 2.000000 28.321714 1.500000 18.550287 2.000000 66.342857 1.500000 46.800000 2.000000 38.093142 1.500000 28.321715 2.000000 46.800000 1.500000 19.542857 2.000000
1.500000 2.000000 1.500000 2.000000 1.500000 2.000000 1.500000 2.000000 1.500000 2.000000 18.550286 1.500000 2.000000 1.500000 2.000000 1.500000 2.000000 120.000000 120.000000 60.000000 20.000000 20.000000 1.500000 2.000000 38.093144 1.500000 47.276536 2.000000 28.798250 1.500000 18.550287 2.000000 66.342857 1.500000 46.800000 2.000000 38.093142 1.500000 28.321715 2.000000 46.800000 1.500000 19.542857 2.000000
1.500000 2.000000 1.500000 2.000000 1.500000 2.000000 1.500000 2.000000 1.500000 2.000000 18.550286 1.500000 2.000000 1.500000 2.000000 1.500000 2.000000 120.000000 120.000000 60.000000 20.000000 20.000000 1.500000 2.000000 38.093144 1.500000 46.842857 2.000000 28.364571 1.500000 18.550287 2.000000 66.342857 1.500000 46.800000 2.000000 38.093142 1.500000 28.321715 2.000000 46.800000 1.500000 19.542857 2.000000
1.500000 2.000000 1.500000 2.000000 1.500000 2.000000 1.500000 2.000000 1.500000 2.000000 18.550286 1.500000 2.000000 1.500000 2.000000 1.500000 2.000000 120.000000 120.000000 60.000000 20.000000 20.000000 1.500000 2.000000 38.093144 1.500000 46.800000 2.000000 28.321714 1.500000 18.550287 2.000000 66.342857 1.500000 46.800000 2.000000 38.093142 1.500000 28.321715 2.000000 46.800000 1.500000 19.542857 2.000000
1.500000 2.000000 1.500000 2.000000 1.500000 2.000000 1.500000 2.000000 1.500000 2.000000 18.550286 1.500000 2.000000 1.500000 2.000000 1.500000 2.000000 120.000000 120.000000 60.000000 20.000000 20.000000 1.500000 2.000000 38.093144 1.500000 46.800000 2.000000 28.321714 1.500000 18.550287 2.000000 66.342857 1.500000 46.800000 2.000000 38.093142 1.500000 28.321715 2.000000 46.800000 1.500000 19.542857 2.000000
1.500000 2.000000 1.500000 2.000000 1.500000 2.000000 1.500000 2.000000 1.500000 2.000000 18.550286 1.500000 2.000000 1.500000 2.000000 1.500000 2.000000 120.000000 120.000000 60.000000 20.000000 20.000000 1.500000 2.000000 38.093144 1.500000 46.800000 2.000000 28.321714 1.500000 18.550287 2.000000 66.342857 1.500000 46.800000 2.000000 38.093142 1.500000 28.321715 2.000000 46.800000 1.500000 19.542857 2.000000
1.500000 2.000000 1.500000 2.000000 1.500000 2.000000 1.500000 2.000000 1.500000 2.000000 18.550286 1.500000 2.000000 1.500000 2.000000 1.500000 2.000000 120.000000 120.000000 60.000000 20.000000 20.000000 1.500000 2.000000 38.093144 1.500000 46.842857 2.000000 28.364571 1.500000 18.550287 2.000000 66.342857 1.500000 46.800000 2.000000 38.093142 1.500000 28.321715 2.000000 46.800000 1.500000 19.542857 2.000000
1.500000 2.000000 1.500000 2.000000 1.500000 2.000000 1.500000 2.000000 1.500000 2.000000 18.550286 1.500000 2.000000 1.500000 2.000000 1.500000 2.000000 120.000000 120.000000 60.000000 20.000000 20.000000 1.500000 2.000000 38.093144 1.500000 46.800000 2.000000 28.321714 1.500000 18.550287 2.000000 66.342857 1.500000 46.800000 2.000000 38.093142 1.500000 28.321715 2.000000 46.800000 1.500000 19.542857 2.000000
1.500000 2.000000 1.500000 2.000000 1.500000 2.000000 1.500000 2.000000 1.500000 2.000000 18.550286 1.500000 2.000000 1.500000 2.000000 1.500000 2.000000 120.000000 120.000000 60.000000 20.000000 20.000000 1.500000 2.000000 38.093144 1.500000 46.800000 2.000000 28.321714 1.500000 18.550287 2.000000 66.342857 1.500000 46.800000 2.000000 38.093142 1.500000 28.321715 2.000000 46.800000 1.500000 19.542857 2.000000
1.500000 2.000000 1.500000 2.000000 1.500000 2.000000 1.500000 2.000000 1.500000 2.000000 18.550286 1.500000 2.000000 1.500000 2.000000 1.500000 2.000000 120.000000 120.000000 60.000000 20.000000 20.000000 1.500000 2.000000 38.093144 1.500000 46.800000 2.000000 28.321714 1.500000 18.550287 2.000000 66.342857 1.500000 46.800000 2.000000 38.093142 1.500000 28.321715 2.000000 46.800000 1.500000 19.542857 2.000000
1.500000 2.000000 1.500000 2.000000 1.500000 2.000000 1.500000 2.000000 1.500000 2.000000 18.550286 1.500000 2.000000 1.500000 2.000000 1.500000 2.000000 120.000000 120.000000 60.000000 20.000000 20.000000 1.500000 2.000000 38.093144 1.500000 46.800000 2.000000 28.321714 1.500000 18.550287 2.000000 66.342857 1.500000 46.800000 2.000000 38.093142 1.500000 28.321715 2.000000 46.800000 1.500000 19.542857 2.000000
1.500000 2.000000 1.500000 2.000000 1.500000 2.000000 1.500000 2.000000 1.500000 2.000000 18.550286 1.500000 2.000000 1.500000 2.000000 1.500000 2.000000 120.000000 120.000000 60.000000 20.000000 20.000000 1.500000 2.000000 334.918715 1.500000 46.944788 2.000000 28.466502 1.500000 317.004430 2.000000 66.342857 1.500000 46.800000 2.000000 38.093142 1.500000 325.961572 2.000000 46.800000 1.500000 19.542857 2.000000
1.500000 2.000000 1.500000 2.000000 1.500000 2.000000 1.500000 2.000000 1.500000 2.000000 18.550286 1.500000 2.000000 1.500000 2.000000 1.500000 2.000000 120.000000 120.000000 60.000000 20.000000 20.000000 1.500000 2.000000 3600.000000 1.500000 46.800000 2.000000 28.321714 1.500000 3600.000000 2.000000 2422.114286 1.500000 46.800000 2.000000 38.093142 1.500000 3600.000000 2.000000 1527.300000 1.500000 19.542857 2.000000
1.500000 2.000000 1.500000 2.000000 1.500000 2.000000 1.500000 2.000000 1.500000 2.000000 18.550286 1.500000 2.000000 1.500000 2.000000 1.500000 2.000000 120.000000 120.000000 60.000000 20.000000 20.000000 1.500000 2.000000 3600.000000 1.500000 2711.700000 2.000000 28.321714 1.500000 3600.000000 2.000000 3600.000000 1.500000 342.900000 2.000000 38.093142 1.500000 3600.000000 2.000000 3600.000000 1.500000 914.657143 2.000000
1.500000 2.000000 1.500000 2.000000 1.500000 2.000000 1.500000 2.000000 1.500000 2.000000 2406.183429 1.500000 2.000000 1.500000 2.000000 1.500000 2.000000 120.000000 120.000000 60.000000 20.000000 20.000000 1.500000 2.000000 3600.000000 1.500000 3600.000000 2.000000 623.601428 1.500000 3600.000000 2.000000 3600.000000 1.500000 3600.000000 2.000000 38.093142 1.500000 3600.000000 2.000000 3600.000000 1.500000 3600.000000 2.000000
1.500000 2.000000 1.500000 2.000000 1.500000 2.000000 1.500000 2.000000 1.500000 2.000000 3600.000000 1.500000 2.000000 1.500000 2.000000 1.500000 2.000000 120.000000 120.000000 60.000000 20.000000 20.000000 1.500000 2.000000 3600.000000 1.500000 3600.000000 2.000000 3600.000000 1.500000 3600.000000 2.000000 3600.000000 1.500000 3600.000000 2.000000 2412.697714 1.500000 3600.000000 2.000000 3600.000000 1.500000 3600.000000 2.000000
1.500000 2.000000 1.500000 2.000000 1.500000 2.000000 1.500000 2.000000 1.500000 2.000000 3600.000000 1.500000 2.000000 1.500000 2.000000 1.500000 2.000000 120.000000 120.000000 60.000000 20.000000 20.000000 1.500000 2.000000 3600.000000 1.500000 3600.000000 2.000000 3600.000000 1.500000 3600.000000 2.000000 3600.000000 1.500000 3600.000000 2.000000 3600.000000 1.500000 3600.000000 2.000000 3600.000000 1.500000 3600.000000 2.000000
1.500000 2.000000 1.500000 2.000000 1.500000 2.000000 1.500000 2.000000 1.500000 2.000000 3600.000000 1.500000 2.000000 1.500000 2.000000 1.500000 2.000000 120.000000 120.000000 60.000000 20.000000 20.000000 1.500000 2.000000 3600.000000 1.500000 3600.000000 2.000000 3600.000000 1.500000 3600.000000 2.000000 3600.000000 1.500000 3600.000000 2.000000 3600.000000 1.500000 3600.000000 2.000000 3600.000000 1.500000 3600.000000 2.000000
1.500000 2.000000 1.500000 2.000000 1.500000 2.000000 1.500000 2.000000 1.500000 2.000000 3600.000000 1.500000 2.000000 1.500000 2.000000 1.500000 2.000000 120.000000 120.000000 60.000000 20.000000 20.000000 1.500000 2.000000 3600.000000 1.500000 3600.000000 2.000000 3600.000000 1.500000 3600.000000 2.000000 3600.000000 1.500000 3600.000000 2.000000 3600.000000 1.500000 3600.000000 2.000000 3600.000000 1.500000 3600.000000 2.000000
1.500000 2.000000 1.500000 2.000000 1.500000 2.000000 1.500000 2.000000 1.500000 2.000000 3600.000000 1.500000 2.000000 1.500000 2.000000 1.500000 2.000000 120.000000 120.000000 60.000000 20.000000 20.000000 1.500000 2.000000 3600.000000 1.500000 3600.000000 2.000000 3600.000000 1.500000 3600.000000 2.000000 3600.000000 1.500000 3600.000000 2.000000 3600.000000 1.500000 3600.000000 2.000000 3600.000000 1.500000 3600.000000 2.000000
1.500000 2.000000 1.500000 2.000000 1.500000 2.000000 1.500000 2.000000 1.500000 2.000000 3600.000000 1.500000 2.000000 1.500000 2.000000 1.500000 2.000000 120.000000 120.000000 60.000000 20.000000 20.000000 1.500000 2.000000 3600.000000 1.500000 3600.000000 2.000000 3600.000000 1.500000 3600.000000 2.000000 3600.000000 1.500000 3600.000000 2.000000 3600.000000 1.500000 3600.000000 2.000000 3600.000000 1.500000 3600.000000 2.000000
1.500000 2.000000 1.500000 2.000000 1.500000 2.000000 1.500000 2.000000 1.500000 2.000000 3600.000000 1.500000 2.000000 1.500000 2.000000 1.500000 2.000000 120.000000 120.000000 60.000000 20.000000 20.000000 1.500000 2.000000 3600.000000 1.500000 3600.000000 2.000000 3600.000000 1.500000 3600.000000 2.000000 3600.000000 1.500000 3600.000000 2.000000 3600.000000 1.500000 3600.000000 2.000000 3600.000000 1.500000 3600.000000 2.000000
1.500000 2.000000 1.500000 2.000000 1.500000 2.000000 1.500000 2.000000 1.500000 2.000000 3600.000000 1.500000 2.000000 1.500000 2.000000 1.500000 2.000000 120.000000 120.000000 60.000000 20.000000 20.000000 1.500000 2.000000 3600.000000 1.500000 3600.000000 2.000000 3600.000000 1.500000 3600.000000 2.000000 3600.000000 1.500000 3600.000000 2.000000 3600.000000 1.500000 3600.000000 2.000000 3600.000000 1.500000 3600.000000 2.000000
1.500000 2.000000 1.500000 2.000000 1.500000 2.000000 1.500000 2.000000 1.500000 2.000000 3600.000000 1.500000 2.000000 1.500000 2.000000 1.500000 2.000000 120.000000 120.000000 60.000000 20.000000 20.000000 1.500000 2.000000 3600.000000 1.500000 3600.000000 2.000000 3600.000000 1.500000 3600.000000 2.000000 3600.000000 1.500000 3600.000000 2.000000 3600.000000 1.500000 3600.000000 2.000000 3600.000000 1.500000 3600.000000 2.000000
1.500000 2.000000 1.500000 2.000000 1.500000 2.000000 1.500000 2.000000 1.500000 2.000000 3600.000000 1.500000 2.000000 1.500000 2.000000 1.500000 2.000000 120.000000 120.000000 60.000000 20.000000 20.000000 1.500000 2.000000 3600.000000 1.500000 3600.000000 2.000000 3600.000000 1.500000 3600.000000 2.000000 3600.000000 1.500000 3600.000000 2.000000 3600.000000 1.500000 3600.000000 2.000000 3600.000000 1.500000 3600.000000 2.000000
1.500000 2.000000 1.500000 2.000000 1.500000 2.000000 1.500000 2.000000 1.500000 2.000000 3600.000000 1.500000 2.000000 1.500000 2.000000 1.500000 2.000000 120.000000 120.000000 60.000000 20.000000 20.000000 1.500000 2.000000 3600.000000 1.500000 3600.000000 2.000000 3600.000000 1.500000 3600.000000 2.000000 3600.000000 1.500000 3600.000000 2.000000 3600.000000 1.500000 3600.000000 2.000000 3600.000000 1.500000 3600.000000 2.000000
1.500000 2.000000 1.500000 2.000000 1.500000 2.000000 1.500000 2.000000 1.500000 2.000000 3600.000000 1.500000 2.000000 1.500000 2.000000 1.500000 2.000000 120.000000 120.000000 60.000000 20.000000 20.000000 1.500000 2.000000 3600.000000 1.500000 3600.000000 2.000000 3600.000000 1.500000 3600.000000 2.000000 3600.000000 1.500000 3600.000000 2.000000 3600.000000 1.500000 3600.000000 2.000000 3600.000000 1.500000 3600.000000 2.000000
