8 106 7 6 5 1 101 2 3 4
0.036000 0.036000 0.036000 56.571429 56.571429 0.036000 0.036000 56.571429 56.571429 56.571429
0.036000 0.036000 0.036000 56.571429 56.571429 0.036000 0.036000 56.571429 56.571429 56.571429
0.036000 0.036000 0.036000 56.571429 56.571429 0.036000 0.036000 56.571429 56.571429 56.571429
0.036000 0.036000 0.036000 56.571429 56.571429 0.036000 0.036000 56.571429 56.571429 56.571429
0.036000 0.036000 0.036000 56.571429 56.571429 0.036000 0.036000 56.571429 56.571429 56.571429
0.036000 0.036000 0.036000 56.571429 56.571429 0.036000 0.036000 56.571429 56.571429 58.112001
0.036000 0.036000 0.036000 56.571429 56.571429 0.036000 0.036000 56.571429 56.571429 56.571429
0.036000 0.036000 0.036000 56.571429 56.571429 0.036000 0.036000 56.571429 56.571429 56.571429
0.036000 0.036000 0.036000 56.571429 56.571429 0.036000 0.036000 56.571429 56.571429 58.147197
0.036000 0.036000 0.036000 56.571429 56.571429 0.036000 0.036000 56.571429 56.571429 56.571429
0.036000 0.036000 0.036000 56.571429 56.571429 0.036000 0.036000 56.571429 56.571429 56.571429
0.036000 0.036000 0.036000 56.571429 56.571429 0.036000 0.036000 56.571429 56.571429 56.571429
0.036000 0.036000 0.036000 56.571429 56.571429 0.036000 0.036000 56.571429 56.571429 56.571429
0.036000 0.036000 0.036000 56.571429 56.571429 0.036000 0.036000 56.571429 56.571429 56.571429
0.036000 0.036000 0.036000 56.571429 56.571429 0.036000 0.036000 56.571429 56.571429 56.571429
0.036000 0.036000 0.036000 56.571429 56.571429 0.036000 0.036000 56.571429 56.571429 56.571429
0.036000 0.036000 0.036000 56.571429 56.571429 0.036000 0.036000 56.571429 56.571429 56.571429
0.036000 0.036000 0.036000 56.571429 56.571429 0.036000 0.036000 56.571429 56.571429 57.151975
0.036000 0.036000 0.036000 56.571429 56.571429 0.036000 0.036000 56.571429 56.571429 56.571429
0.036000 0.036000 0.036000 56.571429 56.571429 0.036000 0.036000 56.571429 56.571429 56.571429
0.036000 0.036000 0.036000 56.571429 56.571429 0.036000 0.036000 56.571429 56.571429 56.571429
0.036000 0.036000 0.036000 56.571429 56.571429 0.036000 0.036000 56.571429 56.571429 56.571429
0.036000 0.036000 0.036000 56.571429 56.571429 0.036000 0.036000 56.571429 56.571429 56.571429
0.036000 0.036000 0.036000 56.571429 56.571429 0.036000 0.036000 56.571429 56.571429 56.571429
0.036000 0.036000 0.036000 56.571429 56.571429 0.036000 0.036000 56.571429 56.571429 56.571429
0.036000 0.036000 0.036000 56.571429 56.571429 0.036000 0.036000 56.571429 56.571429 56.571429
0.036000 0.036000 0.036000 56.571429 56.571429 0.036000 0.036000 56.571429 56.571429 56.571429
0.036000 0.036000 0.036000 56.571429 56.571429 0.036000 0.036000 56.571429 56.571429 56.929818
0.036000 0.036000 0.036000 56.571429 56.571429 0.036000 0.036000 56.571429 56.571429 56.657143
0.036000 0.036000 0.036000 56.571429 56.571429 0.036000 0.036000 56.571429 56.571429 57.322008
0.036000 0.036000 0.036000 56.571429 56.571429 0.036000 0.036000 56.571429 56.571429 56.571429
0.036000 0.036000 0.036000 56.571429 56.571429 0.036000 0.036000 56.571429 56.571429 56.571429
0.036000 0.036000 0.036000 56.571429 56.571429 0.036000 0.036000 56.571429 56.571429 57.150579
0.036000 0.036000 0.036000 56.571429 56.571429 0.036000 0.036000 56.571429 56.571429 56.571429
0.036000 0.036000 0.036000 56.571429 56.571429 0.036000 0.036000 56.571429 56.571429 57.736711
0.036000 0.036000 0.036000 56.571429 56.571429 0.036000 0.036000 56.571429 56.571429 56.571429
0.036000 0.036000 0.036000 56.571429 56.571429 0.036000 0.036000 56.571429 56.571429 56.571429
0.036000 0.036000 0.036000 56.571429 56.571429 0.036000 0.036000 56.571429 56.571429 56.571429
0.036000 0.036000 0.036000 56.571429 56.571429 0.036000 0.036000 56.571429 56.571429 56.571429
0.036000 0.036000 0.036000 56.571429 56.571429 0.036000 0.036000 56.571429 56.571429 56.571429
0.036000 0.036000 0.036000 56.571429 56.571429 0.036000 0.036000 56.571429 56.571429 56.571429
0.036000 0.036000 0.036000 56.571429 56.571429 0.036000 0.036000 56.571429 56.571429 56.571429
0.036000 0.036000 0.036000 56.571429 56.571429 0.036000 0.036000 56.571429 56.571429 56.571429
0.036000 0.036000 0.036000 56.571429 56.571429 0.036000 0.036000 56.571429 56.571429 56.571429
0.036000 0.036000 0.036000 56.571429 56.571429 0.036000 0.036000 56.571429 56.571429 56.571429
0.036000 0.036000 0.036000 56.571429 56.571429 0.036000 0.036000 56.571429 56.571429 56.571429
0.036000 0.036000 0.036000 56.571429 56.571429 0.036000 0.036000 56.571429 56.571429 56.571429
0.036000 0.036000 0.036000 56.571429 56.571429 0.036000 0.036000 56.571429 56.571429 56.571429
0.036000 0.036000 0.036000 56.571429 56.571429 0.036000 0.036000 56.571429 56.571429 56.571429
0.036000 0.036000 0.036000 56.571429 56.571429 0.036000 0.036000 56.571429 56.571429 56.571429
0.036000 0.036000 0.036000 56.571429 56.571429 0.036000 0.036000 56.571429 56.571429 57.918087
0.036000 0.036000 0.036000 56.571429 56.571429 0.036000 0.036000 56.571429 56.571429 58.954473
0.036000 0.036000 0.036000 56.571429 56.571429 0.036000 0.036000 56.571429 56.571429 56.758389
0.036000 0.036000 0.036000 56.571429 56.571429 0.036000 0.036000 56.571429 56.571429 56.571429
0.036000 0.036000 0.036000 56.571429 56.571429 0.036000 0.036000 56.571429 56.571429 56.657143
0.036000 0.036000 0.036000 56.571429 56.571429 0.036000 0.036000 56.571429 56.571429 56.571429
0.036000 0.036000 0.036000 56.571429 56.571429 0.036000 0.036000 56.571429 56.571429 56.571429
0.036000 0.036000 0.036000 56.571429 56.571429 0.036000 0.036000 56.571429 56.571429 56.571429
0.036000 0.036000 0.036000 56.571429 56.571429 0.036000 0.036000 56.571429 56.571429 56.571429
0.036000 0.036000 0.036000 56.571429 56.571429 0.036000 0.036000 56.571429 56.571429 56.571429
0.036000 0.036000 0.036000 56.571429 56.571429 0.036000 0.036000 56.571429 56.571429 56.571429
0.036000 0.036000 0.036000 56.571429 56.571429 0.036000 0.036000 56.571429 56.571429 56.657143
0.036000 0.036000 0.036000 56.571429 56.571429 0.036000 0.036000 56.571429 56.571429 56.571429
0.036000 0.036000 0.036000 56.571429 56.571429 0.036000 0.036000 56.571429 56.571429 56.571429
0.036000 0.036000 0.036000 56.571429 56.571429 0.036000 0.036000 56.571429 56.571429 56.571429
0.036000 0.036000 0.036000 56.571429 56.571429 0.036000 0.036000 56.571429 56.571429 56.571429
0.036000 0.036000 0.036000 56.571429 56.571429 0.036000 0.036000 56.571429 56.571429 57.629879
0.036000 0.036000 0.036000 56.571429 56.571429 0.036000 0.036000 56.571429 56.571429 56.571429
0.036000 0.036000 0.036000 56.571429 56.571429 0.036000 0.036000 56.571429 56.571429 57.940572
0.036000 0.036000 0.036000 56.571429 56.571429 0.036000 0.036000 56.571429 56.571429 56.571429
0.036000 0.036000 0.036000 56.571429 56.571429 0.036000 0.036000 56.571429 56.571429 56.571429
0.036000 0.036000 0.036000 56.571429 56.571429 0.036000 0.036000 56.571429 56.571429 56.571429
0.036000 0.036000 0.036000 56.571429 56.571429 0.036000 0.036000 56.571429 56.571429 56.571429
0.036000 0.036000 0.036000 56.571429 56.571429 0.036000 0.036000 56.571429 56.571429 56.742857
0.036000 0.036000 0.036000 56.571429 56.571429 0.036000 0.036000 56.571429 56.571429 56.571429
0.036000 0.036000 0.036000 56.571429 56.571429 0.036000 0.036000 56.571429 56.571429 56.571429
0.036000 0.036000 0.036000 56.571429 56.571429 0.036000 0.036000 56.571429 56.571429 56.571429
0.036000 0.036000 0.036000 56.571429 56.571429 0.036000 0.036000 56.571429 56.571429 56.742857
0.036000 0.036000 0.036000 56.571429 56.571429 0.036000 0.036000 56.571429 56.571429 56.657143
0.036000 0.036000 0.036000 56.571429 56.571429 0.036000 0.036000 56.571429 56.571429 56.844104
0.036000 0.036000 0.036000 56.571429 56.571429 0.036000 0.036000 56.571429 56.571429 56.742857
0.036000 0.036000 0.036000 56.571429 56.571429 0.036000 0.036000 56.571429 56.571429 56.861004
0.036000 0.036000 0.036000 56.571429 56.571429 0.036000 0.036000 56.571429 56.571429 56.571429
0.036000 0.036000 0.036000 56.571429 56.571429 0.036000 0.036000 56.571429 56.571429 56.571429
0.036000 0.036000 0.036000 56.571429 56.571429 0.036000 0.036000 56.571429 56.571429 57.031064
0.036000 0.036000 0.036000 56.571429 56.571429 0.036000 0.036000 56.571429 56.571429 56.844104
0.036000 0.036000 0.036000 56.571429 56.571429 0.036000 0.036000 56.571429 56.571429 56.571429
0.036000 0.036000 0.036000 56.571429 56.571429 0.036000 0.036000 56.571429 56.571429 56.571429
0.036000 0.036000 0.036000 56.571429 56.571429 0.036000 0.036000 56.571429 56.571429 56.571429
0.036000 0.036000 0.036000 56.571429 56.571429 0.036000 0.036000 56.571429 56.571429 56.571429
0.036000 0.036000 0.036000 56.571429 56.571429 0.036000 0.036000 56.571429 56.571429 56.571429
0.036000 0.036000 0.036000 56.571429 56.571429 0.036000 0.036000 56.571429 56.571429 56.571429
0.036000 0.036000 0.036000 56.571429 56.571429 0.036000 0.036000 56.571429 56.571429 56.571429
0.036000 0.036000 0.036000 56.571429 56.571429 0.036000 0.036000 56.571429 56.571429 56.571429
0.036000 0.036000 0.036000 56.571429 56.571429 0.036000 0.036000 56.571429 56.571429 56.571429
0.036000 0.036000 0.036000 56.571429 56.571429 0.036000 0.036000 56.571429 56.571429 56.571429
0.036000 0.036000 0.036000 56.571429 56.571429 0.036000 0.036000 56.571429 56.571429 56.571429
0.036000 0.036000 0.036000 56.571429 56.571429 0.036000 0.036000 56.571429 56.571429 56.571429
0.036000 0.036000 0.036000 56.571429 56.571429 0.036000 0.036000 56.571429 56.571429 56.571429
0.036000 0.036000 0.036000 56.571429 56.571429 0.036000 0.036000 56.571429 56.571429 56.571429
0.036000 0.036000 0.036000 56.571429 56.571429 0.036000 0.036000 56.571429 56.571429 56.571429
0.036000 0.036000 0.036000 56.571429 56.571429 0.036000 0.036000 56.571429 56.571429 56.571429
0.036000 0.036000 0.036000 56.571429 56.571429 0.036000 0.036000 56.571429 56.571429 56.571429
0.036000 0.036000 0.036000 56.571429 56.571429 0.036000 0.036000 56.571429 56.571429 56.571429
0.036000 0.036000 0.036000 56.571429 56.571429 0.036000 0.036000 56.571429 56.571429 56.571429
0.036000 0.036000 0.036000 56.571429 56.571429 0.036000 0.036000 56.571429 56.571429 56.571429
0.036000 0.036000 0.036000 56.571429 56.571429 0.036000 0.036000 56.571429 56.571429 56.571429
0.036000 0.036000 0.036000 56.571429 56.571429 0.036000 0.036000 56.571429 56.571429 56.571429
0.036000 0.036000 0.036000 56.571429 56.571429 0.036000 0.036000 56.571429 56.571429 56.571429
0.036000 0.036000 0.036000 56.571429 56.571429 0.036000 0.036000 56.571429 56.571429 56.571429
0.036000 0.036000 0.036000 56.571429 56.571429 0.036000 0.036000 56.571429 56.571429 56.571429
0.036000 0.036000 0.036000 56.571429 56.571429 0.036000 0.036000 56.571429 56.571429 56.571429
0.036000 0.036000 0.036000 56.571429 56.571429 0.036000 0.036000 56.571429 56.571429 56.571429
0.036000 0.036000 0.036000 56.571429 56.571429 0.036000 0.036000 56.571429 56.571429 56.571429
0.036000 0.036000 0.036000 56.571429 56.571429 0.036000 0.036000 56.571429 56.571429 56.571429
0.036000 0.036000 0.036000 56.571429 56.571429 0.036000 0.036000 56.571429 56.571429 56.758389
0.036000 0.036000 0.036000 56.571429 56.571429 0.036000 0.036000 56.571429 56.571429 56.571429
0.036000 0.036000 0.036000 56.571429 56.571429 0.036000 0.036000 56.571429 56.571429 56.571429
0.036000 0.036000 0.036000 56.571429 56.571429 0.036000 0.036000 56.571429 56.571429 56.571429
0.036000 0.036000 0.036000 56.571429 56.571429 0.036000 0.036000 56.571429 56.571429 56.571429
0.036000 0.036000 0.036000 56.571429 56.571429 0.036000 0.036000 56.571429 56.571429 56.571429
0.036000 0.036000 0.036000 56.571429 56.571429 0.036000 0.036000 56.571429 56.571429 56.571429
0.036000 0.036000 0.036000 56.571429 56.571429 0.036000 0.036000 56.571429 56.571429 56.571429
0.036000 0.036000 0.036000 56.571429 56.571429 0.036000 0.036000 56.571429 56.571429 56.571429
0.036000 0.036000 0.036000 56.571429 56.571429 0.036000 0.036000 56.571429 56.571429 56.571429
0.036000 0.036000 0.036000 56.571429 56.571429 0.036000 0.036000 56.571429 56.571429 56.571429
0.036000 0.036000 0.036000 56.571429 56.571429 0.036000 0.036000 56.571429 56.571429 56.571429
0.036000 0.036000 0.036000 56.571429 56.571429 0.036000 0.036000 56.571429 56.571429 56.571429
0.036000 0.036000 0.036000 56.571429 56.571429 0.036000 0.036000 56.571429 56.571429 57.653876
0.036000 0.036000 0.036000 56.571429 56.571429 0.036000 0.036000 56.571429 56.571429 56.571429
0.036000 0.036000 0.036000 56.571429 56.571429 0.036000 0.036000 56.571429 56.571429 56.571429
0.036000 0.036000 0.036000 56.571429 56.571429 0.036000 0.036000 56.571429 56.571429 57.524501
0.036000 0.036000 0.036000 56.571429 56.571429 0.036000 0.036000 56.571429 56.571429 56.657143
0.036000 0.036000 0.036000 56.571429 56.571429 0.036000 0.036000 56.571429 56.571429 56.571429
0.036000 0.036000 0.036000 56.571429 56.571429 0.036000 0.036000 56.571429 56.571429 56.571429
0.036000 0.036000 0.036000 56.571429 56.571429 0.036000 0.036000 56.571429 56.571429 56.571429
0.036000 0.036000 0.036000 56.571429 56.571429 0.036000 0.036000 56.571429 56.571429 56.657143
0.036000 0.036000 0.036000 56.571429 56.571429 0.036000 0.036000 56.571429 56.571429 56.571429
0.036000 0.036000 0.036000 56.571429 56.571429 0.036000 0.036000 56.571429 56.571429 56.571429
0.036000 0.036000 0.036000 56.571429 56.571429 0.036000 0.036000 56.571429 56.571429 56.571429
0.036000 0.036000 0.036000 56.571429 56.571429 0.036000 0.036000 56.571429 56.571429 56.571429
0.036000 0.036000 0.036000 56.571429 56.571429 0.036000 0.036000 56.571429 56.571429 56.861004
0.036000 0.036000 0.036000 56.571429 56.571429 0.036000 0.036000 56.571429 56.571429 56.571429
0.036000 0.036000 0.036000 56.571429 56.571429 0.036000 0.036000 56.571429 56.571429 56.571429
0.036000 0.036000 0.036000 56.571429 56.571429 0.036000 0.036000 56.571429 56.571429 56.571429
0.036000 0.036000 0.036000 56.571429 56.571429 0.036000 0.036000 56.571429 56.571429 56.571429
0.036000 0.036000 0.036000 56.571429 56.571429 0.036000 0.036000 56.571429 56.571429 56.571429
0.036000 0.036000 0.036000 56.571429 56.571429 0.036000 0.036000 56.571429 56.571429 56.571429
0.036000 0.036000 0.036000 56.571429 56.571429 0.036000 0.036000 56.571429 56.571429 56.571429
0.036000 0.036000 0.036000 56.571429 56.571429 0.036000 0.036000 56.571429 56.571429 56.571429
0.036000 0.036000 0.036000 56.571429 56.571429 0.036000 0.036000 56.571429 56.571429 56.571429
0.036000 0.036000 0.036000 56.571429 56.571429 0.036000 0.036000 56.571429 56.571429 59.697361
0.036000 0.036000 0.036000 56.571429 56.571429 0.036000 0.036000 56.571429 56.571429 57.441551
0.036000 0.036000 0.036000 56.571429 56.571429 0.036000 0.036000 56.571429 56.571429 56.571429
0.036000 0.036000 0.036000 56.571429 56.571429 0.036000 0.036000 56.571429 56.571429 56.571429
0.036000 0.036000 0.036000 56.571429 56.571429 0.036000 0.036000 56.571429 56.571429 56.571429
0.036000 0.036000 0.036000 56.571429 56.571429 0.036000 0.036000 56.571429 56.571429 56.571429
