#ID Type LEN(mile) FFS_car(mile/h) Cap_car(v/hour) RHOJ_car(v/miles) Lane
1 PQ 1 99999 99999 99999 1
2 PQ 1 99999 99999 99999 1
3 CTM 0.15 35 2200 200 2
4 CTM 0.15 35 2200 200 2
5 CTM 0.55 35 2200 200 2 
6 CTM 0.25 35 2200 200 2 
7 CTM 0.55 35 2200 200 2
8 CTM 0.15 35 2200 200 2
9 CTM 0.15 35 2200 200 2
10 CTM 0.55 35 2200 200 2
11 CTM 0.25 35 2200 200 2
12 CTM 0.55 35 2200 200 2
13 CTM 0.15 35 2200 200 2
14 CTM 0.15 35 2200 200 2
15 PQ 1 99999 99999 99999 1
16 PQ 1 99999 99999 99999 1
17 PQ 1 99999 99999 99999 1
18 PQ 1 99999 99999 99999 1
19 PQ 1 99999 99999 99999 1
20 PQ 1 99999 99999 99999 1
21 PQ 1 99999 99999 99999 1 